# # Data threated with pyDSC, version xxxx, 
# #More information here? 
# #Temp/ [degC] 	 CP-baseline / [J/K/mol] 	 CP [J/K/mol] 	 baseline [J/K/mol] 	 H [J/mol]
1.513050000000000139e+01	-3.450538084922300186e+01	4.267768214406050902e+03	4.302273595255273904e+03	0.000000000000000000e+00
1.538450000000000273e+01	-2.807979730282750097e+01	4.231498229581070518e+03	4.259578026883898019e+03	-7.948317625310455270e+00
1.563749999999999929e+01	1.436874818140131538e+01	4.231498229581070518e+03	4.217129481399669203e+03	-9.682765339170844143e+00
1.589100000000000001e+01	2.055819576926751324e+01	4.195228244756090135e+03	4.174670048986822621e+03	-5.255775193423557035e+00
1.614349999999999952e+01	-2.172534414760684740e+01	4.110598280164468633e+03	4.132323624312075481e+03	-5.403127676188897333e+00
1.639700000000000202e+01	2.078837560003648832e+01	4.110598280164468633e+03	4.089809904564432145e+03	-5.521888439593441333e+00
1.664999999999999858e+01	2.688211706244283050e+01	4.074328295339488704e+03	4.047446178277045874e+03	5.084288822101106220e-01
1.690299999999999869e+01	-1.533271957463375657e+01	3.989698330747867203e+03	4.005031050322500960e+03	1.969427664417959134e+00
1.715650000000000119e+01	2.716676949239217720e+01	3.989698330747867203e+03	3.962531561255475026e+03	3.469393491493853787e+00
1.741100000000000136e+01	3.316567165239575843e+00	3.923203358568737258e+03	3.919886791403497682e+03	7.348398081177497154e+00
1.766349999999999909e+01	-8.733282569071889156e+00	3.868798381331265773e+03	3.877531663900337662e+03	6.664537761443673602e+00
1.791699999999999804e+01	3.375366113006248270e+01	3.868798381331265773e+03	3.835044720201203290e+03	9.835870744049218573e+00
1.816950000000000287e+01	-1.459343230337572095e+01	3.778123419268812086e+03	3.792716851572187807e+03	1.225484963341846800e+01
1.842349999999999710e+01	-2.198392647847867920e+00	3.747898431914662069e+03	3.750096824562509937e+03	1.012228786461312069e+01
1.867649999999999721e+01	4.019514991625965195e+01	3.747898431914662069e+03	3.707703281998402417e+03	1.492887765906721320e+01
1.892950000000000088e+01	-2.619410701495235116e+01	3.639088477439720918e+03	3.665282584454673270e+03	1.670000958608261143e+01
1.918299999999999983e+01	4.256429387087337091e+00	3.626998482498060184e+03	3.622742053110972847e+03	1.391940894675073181e+01
1.943650000000000233e+01	-1.366640681135413615e+01	3.566548507789760151e+03	3.580214914601114288e+03	1.272669430822490355e+01
1.968949999999999889e+01	-3.164185851318507048e+01	3.506098533081458754e+03	3.537740391594643825e+03	6.995198744670771518e+00
1.994250000000000256e+01	4.768424192151996976e+00	3.500053535610628387e+03	3.495285111418476390e+03	3.595709303060038664e+00
2.019600000000000151e+01	-6.752020220175472787e+01	3.385198583664857779e+03	3.452718785866612507e+03	-4.358078559657074358e+00
2.044899999999999807e+01	-2.501965664185081550e+01	3.385198583664857779e+03	3.410218240306708594e+03	-1.606437070337301520e+01
2.070200000000000173e+01	-1.033998779854928216e+02	3.264298634248253620e+03	3.367698512233746442e+03	-3.230944183373222245e+01
2.095599999999999952e+01	-1.815126836353756516e+02	3.143398684831653100e+03	3.324911368467028751e+03	-6.849333715958221092e+01
2.120899999999999963e+01	-3.382467383243833865e+02	2.943913768294260080e+03	3.282160506618643467e+03	-1.342429040374917690e+02
2.146199999999999974e+01	-5.189925220739905853e+02	2.720248861873545593e+03	3.239241383947536178e+03	-2.426836704778861247e+02
2.171499999999999631e+01	-7.177201245959263360e+02	2.478448963040341823e+03	3.196169087636268159e+03	-3.991278202816284875e+02
2.196849999999999881e+01	-9.585361179340816307e+02	2.194334081911326848e+03	3.152870199845408479e+03	-6.115932990223091110e+02
2.222149999999999892e+01	-1.253704307625115462e+03	1.855814223544841525e+03	3.109518531169956987e+03	-8.914417128555476211e+02
2.247399999999999665e+01	-1.699912492148566116e+03	1.366169428407602709e+03	3.066081920556168825e+03	-1.264335833826971566e+03
2.272700000000000031e+01	-2.260692642836657797e+03	7.616696813245929434e+02	3.022362324161250854e+03	-1.765352383402609576e+03
2.298049999999999926e+01	-2.966287443490651185e+03	1.208999494166020661e+01	2.978377438432311465e+03	-2.427872109344592900e+03
2.323349999999999937e+01	-3.841089828325372764e+03	-9.067496206245155008e+02	2.934340207700857263e+03	-3.289005334229320397e+03
2.348699999999999832e+01	-4.891050098747617085e+03	-2.000894162844763969e+03	2.890155935902852889e+03	-4.395804069985817478e+03
2.374050000000000082e+01	-6.194951377443334422e+03	-3.348928598839876486e+03	2.846022778603458391e+03	-5.800954757093034459e+03
2.399350000000000094e+01	-7.740951581269945564e+03	-4.938762933668193000e+03	2.802188647601752564e+03	-7.563846481370264883e+03
2.424699999999999633e+01	-9.547250907688998268e+03	-6.788532159742204385e+03	2.758718747946794338e+03	-9.755126146845770563e+03
2.450000000000000000e+01	-1.153576097539540206e+04	-8.819651309941118598e+03	2.716109665454283459e+03	-1.242212715005598511e+04
2.475250000000000128e+01	-1.362225663509252263e+04	-1.094749041967331323e+04	2.674766215419209402e+03	-1.559832687338010146e+04
2.500500000000000256e+01	-1.569830989418833269e+04	-1.306323953446385167e+04	2.635070359724481932e+03	-1.930004839770182662e+04
2.525850000000000151e+01	-1.765545599381513603e+04	-1.505808869983778277e+04	2.597367293977352347e+03	-2.352763822400624849e+04
2.551149999999999807e+01	-1.936140430682992155e+04	-1.679904797143685209e+04	2.562356335393067639e+03	-2.821027105203778410e+04
2.576500000000000412e+01	-2.085269534854974336e+04	-1.832238733408603730e+04	2.530308014463704239e+03	-3.330740818335727818e+04
2.601800000000000068e+01	-2.203306586658956803e+04	-1.953138682825205615e+04	2.501679038337510974e+03	-3.873245697707232466e+04
2.627100000000000435e+01	-2.294500616416360572e+04	-2.046836143623072348e+04	2.476644727932881779e+03	-4.442218308896268718e+04
2.652400000000000091e+01	-2.360076641197208664e+04	-2.114540115296370277e+04	2.455365259008383873e+03	-5.031022331984377524e+04
2.677799999999999869e+01	-2.400641213517618962e+04	-2.156855097592180391e+04	2.437861159254384347e+03	-5.635633499533155555e+04
2.703099999999999881e+01	-2.418627173996436613e+04	-2.176199089498836111e+04	2.424280844976005028e+03	-6.245270950553684088e+04
2.728349999999999653e+01	-2.418860101439500067e+04	-2.177408088993002093e+04	2.414520124464979290e+03	-6.856003719077465939e+04
2.753699999999999903e+01	-2.403140263247061375e+04	-2.162295595315927494e+04	2.408446679311339722e+03	-7.467192265301493171e+04
2.779049999999999798e+01	-2.373273230675898594e+04	-2.132675107708859650e+04	2.405981229670390803e+03	-8.072602675656226347e+04
2.804349999999999454e+01	-2.331660862611085759e+04	-2.090964625160131982e+04	2.406962374509535948e+03	-8.667776838457021222e+04
2.829699999999999704e+01	-2.282518294261466508e+04	-2.041395645899325245e+04	2.411226483621410807e+03	-9.252624046590623038e+04
2.854999999999999361e+01	-2.224616538596657847e+04	-1.982759170432273459e+04	2.418573681643844338e+03	-9.822776602947167703e+04
2.880199999999999960e+01	-2.161558738907997758e+04	-1.918682197241474205e+04	2.428765416665237353e+03	-1.037543468791276682e+05
2.905499999999999616e+01	-2.092728358864104302e+04	-1.848560226579845403e+04	2.441681322842589452e+03	-1.091360200578093063e+05
2.930849999999999156e+01	-2.020522591410398672e+04	-1.774811257435717926e+04	2.457113339746807014e+03	-1.143495656372821395e+05
2.956149999999999523e+01	-1.944914604215781947e+04	-1.697435289809092501e+04	2.474793144066895820e+03	-1.193658436897493375e+05
2.981399999999999295e+01	-1.868905620361832553e+04	-1.619454822435384085e+04	2.494507979264485130e+03	-1.241807917232785258e+05
3.006799999999999429e+01	-1.793099229379360622e+04	-1.541474355061675851e+04	2.516248743176849530e+03	-1.288315378824498621e+05
3.032099999999999795e+01	-1.717457216316305494e+04	-1.463493887687967799e+04	2.539633286283376947e+03	-1.332723917862549424e+05
3.057399999999999451e+01	-1.640760186132672607e+04	-1.384304420820093219e+04	2.564557653125794332e+03	-1.375205368003528565e+05
3.082749999999999702e+01	-1.561179036315839403e+04	-1.302092455216804046e+04	2.590865810990354476e+03	-1.415789947648063826e+05
3.108050000000000068e+01	-1.485335352390487787e+04	-1.223507488096012275e+04	2.618278642944755120e+03	-1.454328354665199295e+05
3.133200000000000074e+01	-1.413205097511505483e+04	-1.148549519457719543e+04	2.646555780537859391e+03	-1.490777500822716975e+05
3.158250000000000313e+01	-1.340546205688903865e+04	-1.072987051072342911e+04	2.675591546165608634e+03	-1.525268235895302496e+05
3.183450000000000202e+01	-1.273421175763254905e+04	-1.002865080410713927e+04	2.705560953525409332e+03	-1.558204224901599518e+05
3.208950000000000102e+01	-1.208215244407997307e+04	-9.345566089903337343e+03	2.736586354176636632e+03	-1.589845089258782973e+05
3.234149999999999636e+01	-1.143028551822892405e+04	-8.662481375699533601e+03	2.767804142529389537e+03	-1.619470761091291497e+05
3.259500000000000597e+01	-1.081531743154051219e+04	-8.015666646320716609e+03	2.799650785219794670e+03	-1.647667062830125215e+05
3.285100000000000620e+01	-1.019496560896658593e+04	-7.362806919471062429e+03	2.832158689495523504e+03	-1.674560225121974363e+05
3.310450000000000870e+01	-9.616853081285367807e+03	-6.752262174917222183e+03	2.864590906368145625e+03	-1.699671705311868864e+05
3.335650000000000404e+01	-9.062897084080857894e+03	-6.165897420246703405e+03	2.896999663834154944e+03	-1.723208190520229982e+05
3.361050000000000182e+01	-8.521372623190483864e+03	-5.591622660517842633e+03	2.929749962672640777e+03	-1.745540213048464502e+05
3.386200000000000188e+01	-8.033971329888928267e+03	-5.071752878026455619e+03	2.962218451862472648e+03	-1.766358558069461724e+05
3.411500000000000199e+01	-7.552807006924750567e+03	-4.557928093005897608e+03	2.994878913918852959e+03	-1.786075832665530907e+05
3.436950000000000216e+01	-7.089896752705373729e+03	-4.062238300397828425e+03	3.027658452307545303e+03	-1.804708673199660261e+05
3.462100000000000222e+01	-6.650652033883089643e+03	-3.590728497673080710e+03	3.059923536210008933e+03	-1.821987413298795291e+05
3.487500000000000711e+01	-6.235741372838152529e+03	-3.143398684831653100e+03	3.092342688006499429e+03	-1.838353132925331593e+05
3.512800000000000011e+01	-5.844691885822302538e+03	-2.720248861873545593e+03	3.124443023948756945e+03	-1.853634880997536529e+05
3.538050000000000495e+01	-5.483598171699944942e+03	-2.327324026269589467e+03	3.156274145430355475e+03	-1.867936847195158771e+05
3.563400000000000034e+01	-5.134492437153928222e+03	-1.946489185607292484e+03	3.188003251546635511e+03	-1.881395277041880763e+05
3.588850000000000762e+01	-4.797331111615376358e+03	-1.577744339886656462e+03	3.219586771728719668e+03	-1.894033522507690068e+05
3.614249999999999829e+01	-4.496106349291629158e+03	-1.245269478991001279e+03	3.250836870300627652e+03	-1.905836188083041634e+05
3.639549999999999841e+01	-4.194470965839842393e+03	-9.127946180953454132e+02	3.281676347744496979e+03	-1.916829768386682845e+05
3.664950000000000330e+01	-3.910763082833901535e+03	-5.984547496121801942e+02	3.312308333221721114e+03	-1.927123415628498769e+05
3.690299999999999869e+01	-3.662962955704620526e+03	-3.203848659539954156e+02	3.342578089750625168e+03	-1.936723113382346055e+05
3.715599999999999881e+01	-3.402690529327107924e+03	-3.022498735415050675e+01	3.372465541972957453e+03	-1.945661165040911292e+05
3.740749999999999886e+01	-3.166059500933462004e+03	2.357549013623740279e+02	3.401814402295835862e+03	-1.953921368203964084e+05
3.766049999999999898e+01	-2.953451378461614240e+03	4.775548001955781956e+02	3.431006178657192322e+03	-1.961662549466398777e+05
3.791349999999999909e+01	-2.752618664837230881e+03	7.072647040871220270e+02	3.459883368924352908e+03	-1.968880728071171907e+05
3.816699999999999449e+01	-2.563616005781279455e+03	9.248846130370058063e+02	3.488500618818285147e+03	-1.975619055516180815e+05
3.841949999999999221e+01	-2.368104416808462702e+03	1.148549519457719498e+03	3.516653936266182427e+03	-1.981845352549700183e+05
3.867249999999999943e+01	-2.214638677770775757e+03	1.329899443582622780e+03	3.544538121353398765e+03	-1.987642522564342944e+05
3.892399999999999238e+01	-2.054671656089018143e+03	1.517294365178355520e+03	3.571966021267373890e+03	-1.993011180309171614e+05
3.917749999999999488e+01	-1.882463573145041210e+03	1.716779281715748766e+03	3.599242854860789976e+03	-1.998001499212225899e+05
3.943099999999999739e+01	-1.746169583629161025e+03	1.879994213428161856e+03	3.626163797057322881e+03	-2.002600791738437256e+05
3.968399999999999750e+01	-1.627683377715433835e+03	2.025074152728083845e+03	3.652757530443517680e+03	-2.006868715734538273e+05
3.993599999999999994e+01	-1.514885697722283567e+03	2.164109094557176377e+03	3.678994792279459944e+03	-2.010828352769589692e+05
4.019050000000000011e+01	-1.377845740781486256e+03	2.327324026269589467e+03	3.705169767051075723e+03	-2.014509353525085608e+05
4.044299999999999784e+01	-1.270488629099841546e+03	2.460313970627851631e+03	3.730802599727693178e+03	-2.017852875667060725e+05
4.069699999999999562e+01	-1.181163591575595547e+03	2.575168922573623149e+03	3.756332514149218696e+03	-2.020966473987318459e+05
4.094999999999999574e+01	-1.085443762482665534e+03	2.696068871990225489e+03	3.781512634472891023e+03	-2.023833732290202170e+05
4.120150000000000290e+01	-1.007466786205282915e+03	2.798833828994337637e+03	3.806300615199620552e+03	-2.026465567305177392e+05
4.145550000000000068e+01	-9.295147728167798959e+02	2.901598785998449330e+03	3.831113558815229226e+03	-2.028925533885135374e+05
4.170850000000000080e+01	-8.391056987811170984e+02	3.016453737944220848e+03	3.855559436725337946e+03	-2.031162838781706814e+05
4.196150000000000091e+01	-7.362541218824253519e+02	3.143398684831652190e+03	3.879652806714077542e+03	-2.033155668954846333e+05
4.221450000000000102e+01	-6.875398295486670577e+02	3.215938654481612957e+03	3.903478484030280015e+03	-2.034956768303406716e+05
4.246850000000000591e+01	-6.508971805900746403e+02	3.276388629189915264e+03	3.927285809779989904e+03	-2.036656583306282992e+05
4.271950000000000358e+01	-5.653950369751287326e+02	3.385198583664857779e+03	3.950593620639986511e+03	-2.038183030039327277e+05
4.297250000000001080e+01	-5.100186586350532707e+02	3.463783550785648458e+03	3.973802209420701729e+03	-2.039543428364274150e+05
4.322850000000000392e+01	-4.486349925729609822e+02	3.548413515377269505e+03	3.997048507950230487e+03	-2.040770505037820258e+05
4.348100000000000165e+01	-3.927290632046770043e+02	3.626998482498060184e+03	4.019727545702737189e+03	-2.041832727158239577e+05
4.373250000000000881e+01	-4.152900433516551857e+02	3.626998482498060184e+03	4.042288525849715370e+03	-2.042848811184734222e+05
4.398600000000000421e+01	-3.836625128776859128e+02	3.681403459735530305e+03	4.065065972613216218e+03	-2.043861483549754776e+05
4.423900000000000432e+01	-3.397442244708327053e+02	3.747898431914662069e+03	4.087642656385494774e+03	-2.044776593072500546e+05
4.449650000000000460e+01	-2.717720397012135436e+02	3.838573393977115302e+03	4.110345433678328845e+03	-2.045563920262622123e+05
4.475050000000000239e+01	-1.970697610371430528e+02	3.935293353510396173e+03	4.132363114547539226e+03	-2.046159349349559925e+05
4.499650000000001171e+01	-1.637084474294329084e+02	3.989698330747867203e+03	4.153406778177300112e+03	-2.046603106545973860e+05
4.524950000000000472e+01	-1.853429416061921984e+02	3.989698330747867203e+03	4.175041272354059402e+03	-2.047044656553103996e+05
4.550300000000000011e+01	-1.889905350843037013e+02	4.007833323160357395e+03	4.196823858244661096e+03	-2.047519124234809133e+05
4.575949999999999562e+01	-1.080511459904637377e+02	4.110598280164468633e+03	4.218649426154932371e+03	-2.047900080190787558e+05
4.601899999999999835e+01	-1.299647906638792847e+02	4.110598280164468633e+03	4.240563070828347918e+03	-2.048208905868596630e+05
4.627000000000000313e+01	-1.513165531080148867e+02	4.110598280164468633e+03	4.261914833272483520e+03	-2.048561913955030323e+05
4.652050000000000551e+01	-8.181793636263773806e+01	4.201273242226919137e+03	4.283091178589556876e+03	-2.048853914903092373e+05
4.677300000000000324e+01	-7.269923467336320755e+01	4.231498229581070518e+03	4.304197464254433726e+03	-2.049048992831525393e+05
4.702700000000000102e+01	-3.333158603378615226e+01	4.291948204289373280e+03	4.325279790323159432e+03	-2.049183651973823435e+05
4.727799999999999869e+01	6.540643351423568674e+00	4.352398178997673313e+03	4.345857535646249744e+03	-2.049217274606889696e+05
4.752999999999999403e+01	-1.405599102523410693e+01	4.352398178997673313e+03	4.366454170022907419e+03	-2.049226743944958725e+05
4.778099999999999170e+01	-3.471194967481551430e+01	4.352398178997673313e+03	4.387110128672488827e+03	-2.049287947710537410e+05
4.803549999999999898e+01	-1.940846389903981617e+01	4.388668163822654606e+03	4.408076627721694422e+03	-2.049356815936810162e+05
4.828900000000000148e+01	2.641316703718348435e+01	4.455163136001784551e+03	4.428749968964601067e+03	-2.049347937475582585e+05
4.854249999999999687e+01	2.402986361945932003e+01	4.473298128414275197e+03	4.449268264794815877e+03	-2.049284000934225332e+05
4.879449999999999932e+01	3.995527552884686884e+01	4.509568113239255581e+03	4.469612837710408712e+03	-2.049203379658898339e+05
4.904799999999999471e+01	9.834968773379023332e+01	4.588153080360047170e+03	4.489803392626256937e+03	-2.049028078117962868e+05
4.929999999999999716e+01	8.449697698773070442e+01	4.594198077830877082e+03	4.509701100843146378e+03	-2.048797691320413724e+05
4.955099999999999483e+01	6.456810341959771904e+01	4.594198077830877082e+03	4.529629974411279363e+03	-2.048610614644502639e+05
4.980749999999999034e+01	4.406084263919365185e+01	4.594198077830877082e+03	4.550137235191683430e+03	-2.048471298021182301e+05
5.006199999999999051e+01	5.390648629392762814e+01	4.624423065185026644e+03	4.570516578891099016e+03	-2.048346634595115029e+05
5.031299999999999528e+01	5.804800002652882540e+01	4.648603055068347203e+03	4.590555055041818378e+03	-2.048206131714782969e+05
5.056649999999999778e+01	1.045093961313787077e+02	4.715098027247478967e+03	4.610588631116100260e+03	-2.048000090215152886e+05
5.081899999999999551e+01	8.467111101108821458e+01	4.715098027247478967e+03	4.630426916236390753e+03	-2.047761249824885454e+05
5.107149999999999324e+01	6.469096843375064054e+01	4.715098027247478967e+03	4.650407058813728327e+03	-2.047572680199586321e+05
5.132600000000000051e+01	4.440315111118798086e+01	4.715098027247478967e+03	4.670694876136290986e+03	-2.047433857932465326e+05
5.157699999999999818e+01	6.065667031769498863e+01	4.751368012072459351e+03	4.690711341754764362e+03	-2.047302007856572163e+05
5.182899999999999352e+01	9.517864579204342590e+01	4.805772989309931290e+03	4.710594343517887864e+03	-2.047105655358273943e+05
5.208249999999999602e+01	1.055988118054156075e+02	4.835997976664081762e+03	4.730399164858666154e+03	-2.046851169930769247e+05
5.233650000000000091e+01	8.573146741519485659e+01	4.835997976664081762e+03	4.750266509248886905e+03	-2.046608180476159032e+05
5.258899999999999864e+01	6.583073077112840110e+01	4.835997976664081762e+03	4.770167245892953360e+03	-2.046416833200948895e+05
5.284149999999999636e+01	4.577380656027798977e+01	4.835997976664081762e+03	4.790224170103803772e+03	-2.046275932472567947e+05
5.309550000000000125e+01	6.185950586546186969e+01	4.872267961489062145e+03	4.810408455623600275e+03	-2.046139238165787247e+05
5.334799999999999898e+01	1.024955875116284005e+02	4.932717936197363088e+03	4.830222348685734687e+03	-2.045931739860398811e+05
5.360199999999999676e+01	8.266727350631026638e+01	4.932717936197363088e+03	4.850050662691052821e+03	-2.045696583026906010e+05
5.385350000000001103e+01	8.234249890389037319e+00	4.878312958959892057e+03	4.870078709069503020e+03	-2.045582274361234740e+05
5.410650000000000404e+01	6.660801897460260079e+01	4.956897926080682737e+03	4.890289907106080136e+03	-2.045487598891120579e+05
5.436299999999999955e+01	4.629471180195650959e+01	4.956897926080682737e+03	4.910603214278726227e+03	-2.045342801138899522e+05
5.461549999999999727e+01	2.612582749124430848e+01	4.956897926080682737e+03	4.930772098589438428e+03	-2.045251370208041917e+05
5.486649999999999494e+01	5.901066737420478603e+00	4.956897926080682737e+03	4.950996859343262258e+03	-2.045211176455784880e+05
5.511800000000000921e+01	3.671648297376123082e+00	4.975032918493174293e+03	4.971361270195798170e+03	-2.045199138766628748e+05
5.537100000000000222e+01	-3.513727612717502780e+01	4.956897926080682737e+03	4.992035202207857765e+03	-2.045238942785833497e+05
5.562500000000000000e+01	-7.587857479551530560e+00	5.005257905847323855e+03	5.012845763326875385e+03	-2.045293203705514024e+05
5.587899999999999778e+01	3.236529049149430648e+01	5.065707880555623888e+03	5.033342590064129581e+03	-2.045261736365588731e+05
5.613300000000000267e+01	2.411054882508415176e+01	5.077797875497285531e+03	5.053687326672201380e+03	-2.045190012049656652e+05
5.638450000000000273e+01	3.835519751549327339e+00	5.077797875497285531e+03	5.073962355745736204e+03	-2.045154869868421520e+05
5.663750000000000284e+01	-1.675423833116292371e+01	5.077797875497285531e+03	5.094552113828448455e+03	-2.045171212047424633e+05
5.689050000000001006e+01	-3.754506205492361914e+01	5.077797875497285531e+03	5.115342937552209150e+03	-2.045239900662412983e+05
5.714399999999999125e+01	-5.858548933595466224e+01	5.077797875497285531e+03	5.136383364833240194e+03	-2.045361746136300790e+05
5.739749999999999375e+01	-5.554203105344913638e+01	5.101977865380605181e+03	5.157519896434054317e+03	-2.045506402768394328e+05
5.764999999999999858e+01	-1.594335390524247487e+01	5.162427840088906123e+03	5.178371193994148598e+03	-2.045596653066904692e+05
5.790249999999999631e+01	-1.240536379678542289e+01	5.186607829972226682e+03	5.199013193769012105e+03	-2.045632443323003536e+05
5.815550000000000352e+01	-4.532822572511395265e+01	5.174517835030565948e+03	5.219846060755679900e+03	-2.045705476313748804e+05
5.840799999999999415e+01	-4.209458775651637552e+01	5.198697824913887416e+03	5.240792412670403792e+03	-2.045815847615769308e+05
5.866250000000000142e+01	-6.330607796836648049e+01	5.198697824913887416e+03	5.262003902882253897e+03	-2.045949969962904288e+05
5.891699999999999449e+01	-8.474668701022801542e+01	5.198697824913887416e+03	5.283444511924115432e+03	-2.046138367106339429e+05
5.916999999999999460e+01	-1.184484267350944720e+02	5.186607829972226682e+03	5.305056256707321154e+03	-2.046395408925227239e+05
5.942150000000000176e+01	-1.280827826739523516e+02	5.198697824913887416e+03	5.326780607587839768e+03	-2.046705421921059024e+05
