# # Data threated with pyDSC, version xxxx, 
# #More information here? 
# #Temp/ [degC] 	 CP-baseline / [J/K/mol] 	 CP [J/K/mol] 	 baseline [J/K/mol] 	 H [J/mol]
4.985300000000000153e+01	1.050805957702250453e+02	-5.306591314953434448e+03	-5.411671910723659494e+03	0.000000000000000000e+00
4.957000000000000028e+01	8.075187887566426070e+01	-5.293956573727352406e+03	-5.374708452603016667e+03	-2.629529516239345455e+01
4.928649999999999665e+01	8.188429801117490570e+01	-5.256052350049113556e+03	-5.337936648060288462e+03	-4.934897323610320541e+01
4.900300000000000011e+01	5.541408822155699454e+01	-5.245944557068251925e+03	-5.301358645289808919e+03	-6.881101948459271966e+01
4.871900000000000830e+01	2.641704511418629409e+01	-5.238363712332604337e+03	-5.264780757446790631e+03	-8.043104041826792638e+01
4.843550000000000466e+01	2.033166624992645666e+01	-5.208040333390013984e+03	-5.228371999639940441e+03	-8.705767025413099702e+01
4.815249999999999631e+01	-1.342873198800225509e+01	-5.205513385144797212e+03	-5.192084653156794957e+03	-8.803443545219330701e+01
4.786849999999999739e+01	-9.476841395604424179e+00	-5.165082213221340680e+03	-5.155605371825736256e+03	-8.478184403172116390e+01
4.758550000000000324e+01	-3.574775199949544913e+01	-5.154974420240478139e+03	-5.119226668240982690e+03	-7.838256406631467144e+01
4.730149999999999721e+01	-3.440244463387261931e+01	-5.117070196562241108e+03	-5.082667751928368489e+03	-6.842123614437619494e+01
4.701849999999999596e+01	-5.064224223227574839e+01	-5.096854610600512387e+03	-5.046212368368236639e+03	-5.638741295281614896e+01
4.673499999999999943e+01	-4.424421092904958641e+01	-5.053896490431840903e+03	-5.009652279502791316e+03	-4.293725821719844760e+01
4.645200000000001239e+01	-7.072399073028554994e+01	-5.043788697450975633e+03	-4.973064706720690083e+03	-2.666925768240326988e+01
4.616799999999999216e+01	-6.707478880552662304e+01	-5.003357525527520920e+03	-4.936282736721994297e+03	-7.101830988316546467e+00
4.588449999999999562e+01	-5.836816368576091918e+01	-4.957872457113636301e+03	-4.899504293427875382e+03	1.067970752732324513e+01
4.560199999999999676e+01	-6.982028007360531774e+01	-4.932602974661475855e+03	-4.862782694587870537e+03	2.878632520833365405e+01
4.531799999999999784e+01	-7.650366188715634053e+01	-4.902279595718884593e+03	-4.825775933831728253e+03	4.956432496676173116e+01
4.503449999999999420e+01	-7.062300135506211518e+01	-4.859321475550214927e+03	-4.788698474195152812e+03	7.041952948134647272e+01
4.475150000000000006e+01	-4.967443208525946829e+01	-4.801201665910248266e+03	-4.751527233824988798e+03	8.744161631315162708e+01
4.446750000000000824e+01	-4.667330049787415192e+01	-4.760770493986795373e+03	-4.714097193488921221e+03	1.011229943399562075e+02
4.418550000000000466e+01	-4.857003355074630235e+01	-4.725393218553770566e+03	-4.676823185003024264e+03	1.145523044408118665e+02
4.390149999999999864e+01	-3.823856131847696815e+01	-4.677381201894670085e+03	-4.639142640576193116e+03	1.268791249122418350e+02
4.361799999999999500e+01	-7.755039464659603254e+00	-4.609153599273839973e+03	-4.601398559809180369e+03	1.333987178232515305e+02
4.333550000000000324e+01	1.763847981250546582e+01	-4.545979893143441586e+03	-4.563618372955947052e+03	1.320026818741183376e+02
4.305149999999999721e+01	4.515837552793709619e+01	-4.480279238767827337e+03	-4.525437614295764433e+03	1.230855284157753005e+02
4.276799999999999358e+01	6.499195360131125199e+01	-4.422159429127860676e+03	-4.487151382729171928e+03	1.074717192617041519e+02
4.248499999999999943e+01	9.981960769285797141e+01	-4.348877930016598839e+03	-4.448697537709456810e+03	8.415088333857968905e+01
4.220150000000001000e+01	1.394116310792787772e+02	-4.270542534414905276e+03	-4.409954165494184053e+03	5.023985524263056845e+01
4.191799999999999216e+01	1.812327756321892593e+02	-4.189680190567995851e+03	-4.370912966200185110e+03	4.788510591277109540e+00
4.163500000000000512e+01	2.379549244593458752e+02	-4.093656157249791704e+03	-4.331611081709137579e+03	-5.452654897167239767e+01
4.135199999999999676e+01	2.740833201298792119e+02	-4.017847709893312640e+03	-4.291931030023191852e+03	-1.269799605810498804e+02
4.106799999999999784e+01	3.375137069361617250e+02	-3.914242831839460450e+03	-4.251756538775622175e+03	-2.138267384244273615e+02
4.078499999999999659e+01	3.980958977703771779e+02	-3.813164902030823669e+03	-4.211260799801200847e+03	-3.179154974904030837e+02
4.050199999999999534e+01	4.732955156531675129e+02	-3.696925282750892165e+03	-4.170220798404059678e+03	-4.412173824898351882e+02
4.021850000000000591e+01	5.377507085196953085e+02	-3.590793456451822294e+03	-4.128544164971517603e+03	-5.845331847663330791e+02
3.993550000000000466e+01	6.319059018801244747e+02	-3.454338251210162980e+03	-4.086244153090287455e+03	-7.500395951379083499e+02
3.965200000000000102e+01	7.151549281639581750e+02	-3.327990838949367571e+03	-4.043145767113325746e+03	-9.409854677966595773e+02
3.936899999999999977e+01	8.102210499836219242e+02	-3.189008685462491030e+03	-3.999229735446112954e+03	-1.156826168704543079e+03
3.908450000000000557e+01	9.167572740527893984e+02	-3.037391790749536085e+03	-3.954149064802325483e+03	-1.402488835298717504e+03
3.880299999999999727e+01	1.022524668296572600e+03	-2.885774896036581595e+03	-3.908299564333154194e+03	-1.675442768684398288e+03
3.851849999999999596e+01	1.144355170878528497e+03	-2.716469363607113792e+03	-3.860824534485642289e+03	-1.983681425807057849e+03
3.823600000000000421e+01	1.275120932276101485e+03	-2.537056038196783902e+03	-3.812176970472885387e+03	-2.325432425377639447e+03
3.795300000000001006e+01	1.416859256424855630e+03	-2.345007971560373335e+03	-3.761867227985228965e+03	-2.706347622078817039e+03
3.766949999999999221e+01	1.571915411921039322e+03	-2.137798215452668956e+03	-3.709713627373708277e+03	-3.130006431316874114e+03
3.738649999999999807e+01	1.732676711905423190e+03	-1.923007614609315851e+03	-3.655684326514739041e+03	-3.597606216838308683e+03
3.710249999999999915e+01	1.913836104036685811e+03	-1.685474479559019073e+03	-3.599310583595704884e+03	-4.115411036702085767e+03
3.681900000000000261e+01	2.097857990933772726e+03	-1.442887448018290343e+03	-3.540745438952063068e+03	-4.684068674664141327e+03
3.653699999999999193e+01	2.302543849505662365e+03	-1.177557882270618620e+03	-3.480101731776280758e+03	-5.304525334166125504e+03
3.625349999999999540e+01	2.531013574162234363e+03	-8.869588340707880434e+02	-3.417972408233022179e+03	-5.989682098971041341e+03
3.597050000000000125e+01	2.749720476313830659e+03	-6.039406306066048273e+02	-3.353661106920435486e+03	-6.736905967113389124e+03
3.568650000000000944e+01	3.000231701913507550e+03	-2.880720999546149983e+02	-3.288303801868122719e+03	-7.553399176421648008e+03
3.540449999999999875e+01	3.281593571111651727e+03	5.811980963996617788e+01	-3.223473761471685521e+03	-8.439136539918228664e+03
3.512049999999999983e+01	3.584815255992867606e+03	4.245273051962748241e+02	-3.160287950796592668e+03	-9.414166593367066525e+03
3.483749999999999858e+01	3.898132868306392083e+03	7.985156454882310300e+02	-3.099617222818161281e+03	-1.047300375295541744e+04
3.455449999999999733e+01	4.252620381893819285e+03	1.210408209458426199e+03	-3.042212172435393313e+03	-1.162633533785875261e+04
3.427049999999999130e+01	4.614133176057816854e+03	1.624827721673836777e+03	-2.989305454383979850e+03	-1.288541434308791213e+04
3.398850000000000193e+01	5.028342604463815405e+03	2.087259250548350792e+03	-2.941083353915464613e+03	-1.424500342814141186e+04
3.370550000000000779e+01	5.462581211684522714e+03	2.564852468894159756e+03	-2.897728742790362958e+03	-1.572946914812637078e+04
3.342150000000000176e+01	5.924969810015758412e+03	3.065188221446911484e+03	-2.859781588568847383e+03	-1.734650139320784365e+04
3.313850000000000051e+01	6.435564433341562108e+03	3.608482094168334243e+03	-2.827082339173228320e+03	-1.909551698864291393e+04
3.285600000000000875e+01	6.961654486127388736e+03	4.161883759870620452e+03	-2.799770726256768739e+03	-2.098787416101784765e+04
3.257250000000000512e+01	7.515600742472948696e+03	4.738027959779849880e+03	-2.777572782693098816e+03	-2.304002508967197355e+04
3.228949999999998965e+01	8.120242400958548387e+03	5.359657228102968475e+03	-2.760585172855579913e+03	-2.525249689446765115e+04
3.200649999999999551e+01	8.752490280634125156e+03	6.004029030633025286e+03	-2.748461250001099415e+03	-2.763998856891296600e+04
3.172350000000000136e+01	9.422268359408339165e+03	6.681251160350893770e+03	-2.741017199057444486e+03	-3.021171691647892294e+04
3.144050000000000367e+01	1.011668110545841046e+04	7.378688876030488245e+03	-2.737992229427922666e+03	-3.297647826575754880e+04
3.115699999999999292e+01	1.085323734035116649e+04	8.114030815388319752e+03	-2.739206524962846743e+03	-3.594896420545117144e+04
3.087450000000000117e+01	1.161384310705710413e+04	8.869588340707878160e+03	-2.744254766349225974e+03	-3.912243931864749902e+04
3.059150000000000702e+01	1.240087601402965811e+04	9.647888400234383880e+03	-2.752987613795274683e+03	-4.252052207428120892e+04
3.030800000000000338e+01	1.322413962879205428e+04	1.045903878694869491e+04	-2.765100841843360286e+03	-4.615286804165123613e+04
3.002550000000000097e+01	1.406561702649425206e+04	1.128535086313429929e+04	-2.780266163359951861e+03	-5.000754616921045817e+04
2.974200000000000088e+01	1.492767789880965574e+04	1.212935157703641744e+04	-2.798326321773237851e+03	-5.411734572487228434e+04
2.945950000000000202e+01	1.578972606362138140e+04	1.297082534269332245e+04	-2.818900720928059400e+03	-5.845617903456564818e+04
2.917599999999999483e+01	1.666428973107664933e+04	1.382240690133108546e+04	-2.841882829745563413e+03	-6.305653577346420934e+04
2.889349999999999952e+01	1.753330645029627340e+04	1.466640761523320361e+04	-2.866898835063070692e+03	-6.788694623408305051e+04
2.861000000000000298e+01	1.840428799671730303e+04	1.551040832913531995e+04	-2.893879667581982176e+03	-7.298110024694715685e+04
2.832700000000000529e+01	1.925669428775416600e+04	1.633419345707571119e+04	-2.922500830678454804e+03	-7.831012924019982165e+04
2.804399999999999338e+01	2.007268502850283767e+04	1.712007436133785814e+04	-2.952610667164978622e+03	-8.387523641345041688e+04
2.776150000000000162e+01	2.085708803515043837e+04	1.787310493841220523e+04	-2.983983096738233144e+03	-8.965656685869127978e+04
2.747749999999999915e+01	2.156951295041651247e+04	1.855285401637529139e+04	-3.016658934041221983e+03	-9.568114419864183583e+04
2.719500000000000028e+01	2.222718687263739048e+04	1.917701023294361949e+04	-3.050176639693771449e+03	-1.018674280486481730e+05
2.691199999999999903e+01	2.277964786978492339e+04	1.969503462321288680e+04	-3.084613246572038406e+03	-1.082358951647009526e+05
2.662999999999999545e+01	2.318367284957411539e+04	2.006396906701440821e+04	-3.119703782559707179e+03	-1.147167233861306595e+05
2.634650000000000247e+01	2.342421261758910987e+04	2.026865187487689036e+04	-3.155560742712219508e+03	-1.213233911511008773e+05
2.606400000000000006e+01	2.346046579182190908e+04	2.026865187487689400e+04	-3.191813916945015080e+03	-1.279458519764302473e+05
2.578200000000000003e+01	2.325709018375274172e+04	2.002859179158139159e+04	-3.228498392171350133e+03	-1.345330273689862806e+05
2.549750000000000227e+01	2.277384716494907116e+04	1.950804045306690750e+04	-3.265806711882162745e+03	-1.410809282068390748e+05
2.521449999999999747e+01	2.198497791840356876e+04	1.868172837688129584e+04	-3.303249541522274285e+03	-1.474143019561335677e+05
2.493249999999999744e+01	2.084500984822757891e+04	1.750417049461068018e+04	-3.340839353616899643e+03	-1.534533302312285523e+05
2.464900000000000091e+01	1.938189543017445976e+04	1.600316323695242500e+04	-3.378732193222036585e+03	-1.591554940544419806e+05
2.436599999999999966e+01	1.761566320502739836e+04	1.419892218986825901e+04	-3.416741015159141170e+03	-1.643906486013230751e+05
2.408500000000000085e+01	1.563197703237658607e+04	1.217736359369551974e+04	-3.454613438681066327e+03	-1.690619420546783076e+05
2.380900000000000105e+01	1.359976333695133508e+04	1.010779298086367999e+04	-3.491970356087654636e+03	-1.730959222256455687e+05
2.352650000000000219e+01	1.167189933699700487e+04	8.141827246085695151e+03	-3.530072090911309715e+03	-1.766655445783407486e+05
2.324300000000000210e+01	9.948860060080867697e+03	6.380544319170198833e+03	-3.568315740910669319e+03	-1.797302872228765336e+05
2.295899999999999963e+01	8.455808788538815861e+03	4.849213682569350567e+03	-3.606595105969466204e+03	-1.823437501993805636e+05
2.267599999999999838e+01	7.172300530296697616e+03	3.527619750321423908e+03	-3.644680779975274163e+03	-1.845551276679958100e+05
2.239250000000000185e+01	6.083356856728792991e+03	2.400600832955125043e+03	-3.682756023773667948e+03	-1.864341171026066586e+05
2.210899999999999821e+01	5.153504179663749710e+03	1.432779655037427119e+03	-3.720724524626322818e+03	-1.880269421545153309e+05
2.182549999999999812e+01	4.372624046285133772e+03	6.140484235874686192e+02	-3.758575622697665494e+03	-1.893772708305435954e+05
2.154199999999999804e+01	3.715463223385051606e+03	-8.086234384690945376e+01	-3.796325567231961031e+03	-1.905237572010193544e+05
2.125849999999999795e+01	3.151642445841037443e+03	-6.822760262082987310e+02	-3.833918472049336287e+03	-1.914971694296321657e+05
2.097550000000000026e+01	2.683678070772080446e+03	-1.187665675251482753e+03	-3.871343746023563199e+03	-1.923228672827329137e+05
2.069250000000000256e+01	2.281248731803211740e+03	-1.627354669919052412e+03	-3.908603401722264152e+03	-1.930254044252973108e+05
2.041000000000000369e+01	1.946845830439954625e+03	-1.998816061965792869e+03	-3.945661892405747494e+03	-1.936226227822141664e+05
2.012650000000000006e+01	1.657877984360245136e+03	-2.324792385598647343e+03	-3.982670369958892479e+03	-1.941335923829620879e+05
1.984350000000000236e+01	1.416700377116500931e+03	-2.602756692572397696e+03	-4.019457069688898628e+03	-1.945686452211110445e+05
1.955999999999999872e+01	1.213332934711256712e+03	-2.842816775867910565e+03	-4.056149710579167277e+03	-1.949414524430626479e+05
1.927749999999999986e+01	1.032416915881371551e+03	-3.060134324956478849e+03	-4.092551240837850401e+03	-1.952586646094588505e+05
1.899549999999999983e+01	8.967626592927394995e+02	-3.231966805631162515e+03	-4.128729464923902015e+03	-1.955306789295584022e+05
1.871249999999999858e+01	7.661466184534388049e+02	-3.398745389815413091e+03	-4.164892008268851896e+03	-1.957659805923594977e+05
1.843049999999999855e+01	6.554845090735225313e+02	-3.545308388037936311e+03	-4.200792897111458842e+03	-1.959664305813407991e+05
1.814750000000000085e+01	5.548920409652969283e+02	-3.681763593279596080e+03	-4.236655634244893008e+03	-1.961376988631713029e+05
1.786649999999999849e+01	4.817048558232554569e+02	-3.790422367823880450e+03	-4.272127223647135907e+03	-1.962833407271700853e+05
1.758350000000000080e+01	4.086264077333244131e+02	-3.899081142368164365e+03	-4.307707550101488778e+03	-1.964093226009633509e+05
1.730199999999999960e+01	3.529441288989087298e+02	-3.990051279195938605e+03	-4.342995408094847335e+03	-1.965165136539943342e+05
1.701899999999999835e+01	3.049317221325195533e+02	-4.073440571288063893e+03	-4.378372293420583446e+03	-1.966096030869152746e+05
1.673700000000000188e+01	2.465682855980130626e+02	-4.166937656361052177e+03	-4.413505941959065240e+03	-1.966873645880052645e+05
1.645599999999999952e+01	2.207970312457746331e+02	-4.227584414246234701e+03	-4.448381445492009334e+03	-1.967530294150218251e+05
1.617350000000000065e+01	1.774182599672512879e+02	-4.305919809847928263e+03	-4.483338069815179551e+03	-1.968092773249056772e+05
1.589200000000000124e+01	1.515751384229606629e+02	-4.366566567733110787e+03	-4.518141706156071450e+03	-1.968555831457290915e+05
1.561100000000000065e+01	1.281824449954810916e+02	-4.424686377373076539e+03	-4.552868822368557630e+03	-1.968948890861993714e+05
1.533000000000000185e+01	9.461038876634847838e+01	-4.492913979993906651e+03	-4.587524368760255129e+03	-1.969261914793429023e+05
1.504800000000000182e+01	6.360521586925369775e+01	-4.558614634369519990e+03	-4.622219850238773688e+03	-1.969484998795965221e+05
1.476699999999999946e+01	4.256980162181935157e+01	-4.614207495764271698e+03	-4.656777297386091050e+03	-1.969634174695540278e+05
1.448700000000000365e+01	2.902806676381715079e+01	-4.662219512423373089e+03	-4.691247579187190240e+03	-1.969734411711280118e+05
1.420599999999999952e+01	1.560407442817086121e+01	-4.710231529082476300e+03	-4.725835603510647161e+03	-1.969797119869654998e+05
1.392400000000000126e+01	7.309214855772552255e+00	-4.753189649251145966e+03	-4.760498864106918518e+03	-1.969829427607545222e+05
1.364349999999999952e+01	-6.172090316734283988e+00	-4.801201665910248266e+03	-4.795029575593513982e+03	-1.969831022424711264e+05
1.336299999999999955e+01	-2.213293912418521359e+01	-4.851740630814568249e+03	-4.829607691690383035e+03	-1.969791324620920350e+05
1.308300000000000196e+01	-1.791979579645612830e+01	-4.882064009757157692e+03	-4.864144213960701563e+03	-1.969735250792031584e+05
1.280300000000000082e+01	-2.883201639750586764e+01	-4.927549078171045039e+03	-4.898717061773539172e+03	-1.969669798254960042e+05
1.252399999999999736e+01	-3.221617052916099055e+01	-4.965453301849282070e+03	-4.933237131320121080e+03	-1.969584636034197465e+05
1.224450000000000216e+01	-3.547222406338642031e+01	-5.003357525527520920e+03	-4.967885301464134500e+03	-1.969490041502754320e+05
1.196499999999999986e+01	-4.874201321919736074e+01	-5.051369542186625040e+03	-5.002627528967427679e+03	-1.969372352106151811e+05
1.168550000000000111e+01	-1.639522257370481384e+01	-5.053896490431840903e+03	-5.037501267858136089e+03	-1.969281322819131310e+05
1.140700000000000003e+01	-1.690083017855795333e+01	-5.089273765864863890e+03	-5.072372935686305937e+03	-1.969234958065673709e+05
1.112899999999999956e+01	2.942531332452745119e+00	-5.104435455336159976e+03	-5.107377986668612721e+03	-1.969215556030277512e+05
1.085149999999999793e+01	3.798637718240934191e+01	-5.104435455336159976e+03	-5.142421832518569317e+03	-1.969272344890841923e+05
1.057449999999999868e+01	7.306421856198994647e+01	-5.104435455336159976e+03	-5.177499673898149922e+03	-1.969426149965947843e+05
