# # Data threated with pyDSC, version xxxx, 
# #More information here? 
# #Temp/ [degC] 	 CP-baseline / [J/K/mol] 	 CP [J/K/mol] 	 baseline [J/K/mol] 	 H [J/mol]
1.513050000000000139e+01	-4.022610040313793434e+01	4.231498229581070518e+03	4.271724329984208453e+03	0.000000000000000000e+00
1.538450000000000273e+01	5.461415261606816784e-01	4.231498229581070518e+03	4.230952088054909837e+03	-5.039354777376138017e+00
1.563749999999999929e+01	3.499407924380557233e+01	4.225453232110239696e+03	4.190459152866434124e+03	-5.435168499754681193e-01
1.589100000000000001e+01	-3.922539151996079454e+01	4.110598280164468633e+03	4.149823671684429428e+03	-1.079835680978144197e+00
1.614399999999999835e+01	1.378785270238040539e+00	4.110598280164468633e+03	4.109219494894230593e+03	-5.867431371568041065e+00
1.639700000000000202e+01	4.186456196710469158e+01	4.110598280164468633e+03	4.068733718197363942e+03	-3.971479460441065257e-01
1.665050000000000097e+01	-3.237441021815629938e+01	3.995743328218698025e+03	4.028117738436854324e+03	8.057287881350971848e-01
1.690399999999999991e+01	2.250811132972557971e+00	3.989698330747867203e+03	3.987447519614894645e+03	-3.012437395911926608e+00
1.715700000000000003e+01	4.274010661417287338e+01	3.989698330747867203e+03	3.946958224133694330e+03	2.678913699101973300e+00
1.741049999999999542e+01	-3.149908067023625335e+01	3.874843378802096595e+03	3.906342459472332848e+03	4.103713737495914060e+00
1.766349999999999909e+01	3.041416026869683265e+00	3.868798381331265773e+03	3.865756965304396090e+03	5.038191601099906158e-01
1.791699999999999804e+01	4.361495428217267545e+01	3.868798381331265773e+03	3.825183427049093098e+03	6.417514096781085087e+00
1.817000000000000171e+01	-5.138250316404082696e-01	3.784168416739641998e+03	3.784682241771282406e+03	1.186980694697349570e+01
1.842349999999999710e+01	3.845317575983244751e+00	3.747898431914662069e+03	3.744053114338678824e+03	1.229207362696894279e+01
1.867699999999999605e+01	3.838755732621621064e+01	3.741853434443832157e+03	3.703465877117615946e+03	1.764509052082270202e+01
1.893050000000000210e+01	-3.583545516126014263e+01	3.626998482498060184e+03	3.662833937659320327e+03	1.796856947023089290e+01
1.918299999999999983e+01	4.670215393151465832e+00	3.626998482498060184e+03	3.622328267104908718e+03	1.403395794950720799e+01
1.943650000000000233e+01	-3.057809333187378797e+00	3.578638502731419976e+03	3.581696312064607355e+03	1.423833041760765816e+01
1.968949999999999889e+01	-3.500898922189753648e+01	3.506098533081458754e+03	3.541107522303356291e+03	9.422880400389480826e+00
1.994300000000000495e+01	-3.902712809413060313e-01	3.500053535610628387e+03	3.500443806891569693e+03	4.936024131654550118e+00
2.019650000000000034e+01	-7.455044177971012687e+01	3.385198583664857779e+03	3.459749025444567906e+03	-4.562711248782846951e+00
2.044949999999999690e+01	-6.411473445715182606e+01	3.354973596310705943e+03	3.419088330767857769e+03	-2.210385604274564386e+01
2.070300000000000296e+01	-1.140285379874803766e+02	3.264298634248253620e+03	3.378327172235733997e+03	-4.468351582510331355e+01
2.095649999999999835e+01	-2.182469682117098273e+02	3.119218694948332541e+03	3.337465663160042368e+03	-8.679943623584991030e+01
2.120899999999999963e+01	-3.587508722137436052e+02	2.937868770823429713e+03	3.296619643037173319e+03	-1.596454135895637592e+02
2.146199999999999974e+01	-5.413189509957223891e+02	2.714203864402715681e+03	3.255522815398438070e+03	-2.735042462255612463e+02
2.171499999999999631e+01	-7.358103880188973562e+02	2.478448963040341823e+03	3.214259351059239179e+03	-4.350611076109084365e+02
2.196799999999999997e+01	-9.664201264604807875e+02	2.206424076852986673e+03	3.172844203313467460e+03	-6.503932676925528540e+02
2.222099999999999653e+01	-1.251282252422363399e+03	1.879994213428161856e+03	3.131276465850525256e+03	-9.309326186212288121e+02
2.247399999999999665e+01	-1.687071092152865049e+03	1.402439413232583547e+03	3.089510505385448596e+03	-1.302634316709995346e+03
2.272800000000000153e+01	-2.267519165684936979e+03	7.798046737370832489e+02	3.047323839422020228e+03	-1.804867279455405878e+03
2.298049999999999926e+01	-2.980947841654540753e+03	2.417998988332041321e+01	3.005127831537861312e+03	-2.467486239132008905e+03
2.323400000000000176e+01	-3.839067883787970459e+03	-8.765246332703651433e+02	2.962543250517605429e+03	-3.331923232331855615e+03
2.348699999999999832e+01	-4.908678768812933413e+03	-1.988804167903103462e+03	2.919874600909829496e+03	-4.438513183885855142e+03
2.374050000000000082e+01	-6.189697784363421306e+03	-3.312658614014895647e+03	2.877039170348525658e+03	-5.845232412000972545e+03
2.399350000000000094e+01	-7.736833645071883439e+03	-4.902492948843211707e+03	2.834340696228672186e+03	-7.606938637824539910e+03
2.424699999999999633e+01	-9.544068972442273662e+03	-6.752262174917224911e+03	2.791806797525048751e+03	-9.797293044594418461e+03
2.450050000000000239e+01	-1.152111106536561419e+04	-8.771291330174477480e+03	2.749819735191136715e+03	-1.246730461438663224e+04
2.475349999999999895e+01	-1.362006463560995508e+04	-1.091122043484833193e+04	2.708844200761623597e+03	-1.564766334055999869e+04
2.500700000000000145e+01	-1.567196554208371344e+04	-1.300278955975554709e+04	2.669175982328166810e+03	-1.936042816558270715e+04
2.525900000000000034e+01	-1.761110845234598673e+04	-1.497950373271699027e+04	2.631604719628997373e+03	-2.355409548888083009e+04
2.551249999999999574e+01	-1.935288930039122351e+04	-1.675673298914104453e+04	2.596156311250177623e+03	-2.823928220404018793e+04
2.576500000000000412e+01	-2.083159582513974601e+04	-1.826798235684856627e+04	2.563613468291181107e+03	-3.331257345113863994e+04
2.601950000000000074e+01	-2.202303592430656499e+04	-1.948907184595624858e+04	2.533964078350317322e+03	-3.876582534125560778e+04
2.627100000000000435e+01	-2.295826783493735275e+04	-2.045022644381823193e+04	2.508041391119120362e+03	-4.442222428898061480e+04
2.652400000000000091e+01	-2.361280663728872241e+04	-2.112726616055121121e+04	2.485540476737509834e+03	-5.031346520971713471e+04
2.677799999999999869e+01	-2.401708316174068023e+04	-2.155041598350931235e+04	2.466667178231368780e+03	-5.636246121419381961e+04
2.703099999999999881e+01	-2.420755519743191689e+04	-2.175594589751752937e+04	2.451609299914387520e+03	-6.246287796662915207e+04
2.728399999999999892e+01	-2.420225628383743606e+04	-2.176199089498836111e+04	2.440265388849074498e+03	-6.858671911900972191e+04
2.753800000000000026e+01	-2.404945765336765908e+04	-2.161691095568844685e+04	2.432546697679213139e+03	-7.471468678903480759e+04
2.779099999999999682e+01	-2.374306935643983888e+04	-2.131466108214694032e+04	2.428408274292896749e+03	-8.076044145577537711e+04
2.804349999999999454e+01	-2.333732088534438299e+04	-2.090964625160131982e+04	2.427674633743063168e+03	-8.670434072380057478e+04
2.829699999999999704e+01	-2.285625232308112390e+04	-2.042604645393491592e+04	2.430205869146208443e+03	-9.255937612796857138e+04
2.854999999999999361e+01	-2.226341144286615236e+04	-1.982759170432273459e+04	2.435819738543417316e+03	-9.826701359436081839e+04
2.880299999999999727e+01	-2.161905459390689066e+04	-1.917473197747307859e+04	2.444322616433811163e+03	-1.038181455480126897e+05
2.905599999999999383e+01	-2.092299067807305619e+04	-1.846746727338596247e+04	2.455523404687093262e+03	-1.091997142749180784e+05
2.930849999999999156e+01	-2.020522316725777637e+04	-1.773602257941551943e+04	2.469200587842255118e+03	-1.143921512728910457e+05
2.956149999999999523e+01	-1.945352373617299236e+04	-1.696830790062009328e+04	2.485215835552900444e+03	-1.194089827561751154e+05
2.981499999999999773e+01	-1.871003886282612075e+04	-1.620663821929550249e+04	2.503400643530616435e+03	-1.242462143155983067e+05
3.006850000000000023e+01	-1.793828561238089969e+04	-1.541474355061675851e+04	2.523542061764139817e+03	-1.288913894428308413e+05
3.032099999999999795e+01	-1.715610740793488731e+04	-1.461075888699635470e+04	2.545348520938533966e+03	-1.333220565616456734e+05
3.057450000000000045e+01	-1.637558266936575455e+04	-1.380677422337595090e+04	2.568808445989804568e+03	-1.375721982789435715e+05
3.082800000000000296e+01	-1.563275051828844516e+04	-1.303905954458052838e+04	2.593690973707915873e+03	-1.416292545104787860e+05
3.108099999999999952e+01	-1.486089418130918421e+04	-1.224111987843095267e+04	2.619774302878232447e+03	-1.454867005649778293e+05
3.133400000000000318e+01	-1.413848903192126272e+04	-1.149154019204802353e+04	2.646948839873238740e+03	-1.491551225414515357e+05
3.158650000000000091e+01	-1.341699008033321297e+04	-1.074196050566508893e+04	2.675029574668123132e+03	-1.526340017793736188e+05
3.183949999999999747e+01	-1.273264789737627143e+04	-1.002865080410713927e+04	2.703997093269131256e+03	-1.559419309835538152e+05
3.209200000000000585e+01	-1.206105461331618790e+04	-9.327431097490847606e+03	2.733623515825341201e+03	-1.590721359255288553e+05
3.234600000000000364e+01	-1.141442278095829897e+04	-8.650391380757871957e+03	2.764031400200426106e+03	-1.620535215546016989e+05
3.259900000000000375e+01	-1.078630444830918350e+04	-7.991486656437396960e+03	2.794817791871785630e+03	-1.648619135491040361e+05
3.285200000000000387e+01	-1.017065774640095879e+04	-7.344671927058572692e+03	2.825985819342386094e+03	-1.675129692667348718e+05
3.310600000000000875e+01	-9.603804764571674241e+03	-6.746217177446392270e+03	2.857587587125281971e+03	-1.700243260056284489e+05
3.335850000000000648e+01	-9.049096103201445658e+03	-6.159852422775874402e+03	2.889243680425571256e+03	-1.723792547401847842e+05
3.361149999999999949e+01	-8.524835197132135363e+03	-5.603712655459503367e+03	2.921122541672632906e+03	-1.746023570496769098e+05
3.386400000000000432e+01	-8.012689355028789578e+03	-5.059662883084795794e+03	2.953026471943993783e+03	-1.766902195243872702e+05
3.411700000000000443e+01	-7.542959363538892831e+03	-4.557928093005897608e+03	2.985031270532995222e+03	-1.786580090872860746e+05
3.437050000000000693e+01	-7.067222063288123536e+03	-4.050148305456169055e+03	3.017073757831954936e+03	-1.805098495831364125e+05
3.462350000000000705e+01	-6.633650634548122071e+03	-3.584683500202250798e+03	3.048967134345871273e+03	-1.822430099794126872e+05
3.487700000000000244e+01	-6.230275344359722112e+03	-3.149443682302483467e+03	3.080831662057238646e+03	-1.838735125972392270e+05
3.513000000000000966e+01	-5.832745109458526713e+03	-2.720248861873545593e+03	3.112496247584980665e+03	-1.853994846846472647e+05
3.538300000000000267e+01	-5.459208066502224028e+03	-2.315234031327929642e+03	3.143974035174294386e+03	-1.868279167614062608e+05
3.563649999999999807e+01	-5.097601557116835465e+03	-1.922309195723971925e+03	3.175292361392863768e+03	-1.881659923811999615e+05
3.588850000000000762e+01	-4.777900132260968348e+03	-1.571699342415826777e+03	3.206200789845141571e+03	-1.894103055940616177e+05
3.614150000000000063e+01	-4.458082037578710697e+03	-1.221089489107680720e+03	3.236992548471029750e+03	-1.905786573385462980e+05
3.639499999999999602e+01	-4.162231814639004369e+03	-8.946596256828551077e+02	3.267572188956149148e+03	-1.916712821193148848e+05
3.664849999999999852e+01	-3.896351473887198154e+03	-5.984547496121801942e+02	3.297896724275017732e+03	-1.926927075511355943e+05
3.690099999999999625e+01	-3.624026129562320421e+03	-2.962048760706750272e+02	3.327821253491645621e+03	-1.936421552235710842e+05
3.715400000000000347e+01	-3.387737345597235617e+03	-3.022498735415050675e+01	3.357512358243085146e+03	-1.945291433031788038e+05
3.740800000000000125e+01	-3.163389037655766970e+03	2.236649064207138338e+02	3.387053944076481002e+03	-1.953611363538519363e+05
3.766049999999999898e+01	-2.950679722285557091e+03	4.654648052539179730e+02	3.416144527539474893e+03	-1.961330375347945082e+05
3.791249999999999432e+01	-2.737605635505270584e+03	7.072647040871220270e+02	3.444870339592392611e+03	-1.968497614898761385e+05
3.816599999999999682e+01	-2.554625899650900919e+03	9.188396155661757803e+02	3.473465515217076700e+03	-1.975205518369571946e+05
3.841899999999999693e+01	-2.359187659145182806e+03	1.142504521986889358e+03	3.501692181132072164e+03	-1.981421492521449109e+05
3.867149999999999466e+01	-2.175426733181576310e+03	1.354079433465942884e+03	3.529506166647519422e+03	-1.987146443191761500e+05
3.892499999999999716e+01	-2.033795630644186531e+03	1.523339362649185205e+03	3.557134993293371735e+03	-1.992481632537910773e+05
3.917849999999999966e+01	-1.879802392976465853e+03	1.704689286774088487e+03	3.584491679750554340e+03	-1.997442118032849976e+05
3.943149999999999267e+01	-1.737538170589721403e+03	1.873949215957331717e+03	3.611487386547053120e+03	-2.002018053845761169e+05
3.968449999999999989e+01	-1.613129358422050245e+03	2.025074152728083845e+03	3.638203511150134091e+03	-2.006256648269961297e+05
3.993800000000000239e+01	-1.476384636001602757e+03	2.188289084440496481e+03	3.664673720442099238e+03	-2.010172607257893251e+05
4.019099999999999540e+01	-1.339232211201906466e+03	2.351504016152910026e+03	3.690736227354816492e+03	-2.013734362569605582e+05
4.044399999999999551e+01	-1.268332343028166633e+03	2.448223975686190897e+03	3.716556318714357531e+03	-2.017032931730706769e+05
4.069599999999999795e+01	-1.154802505449416003e+03	2.587258917515283883e+03	3.742061422964699887e+03	-2.020086081639788463e+05
4.094899999999999807e+01	-1.053159189443912965e+03	2.714203864402716135e+03	3.767363053846629100e+03	-2.022879153183828457e+05
4.120200000000000529e+01	-9.693907160240555640e+02	2.823013818877657741e+03	3.792404534901713305e+03	-2.025437678814245446e+05
4.145600000000000307e+01	-9.036587153206723997e+02	2.913688780940109154e+03	3.817347496260781554e+03	-2.027816451592053345e+05
4.170900000000000318e+01	-8.194787109921808224e+02	3.022498735415050760e+03	3.841977446407231582e+03	-2.029996220436339208e+05
4.196200000000000330e+01	-7.471404574568691714e+02	3.119218694948331631e+03	3.866359152405200803e+03	-2.031977993684427347e+05
4.221450000000000102e+01	-6.745167120262590288e+02	3.215938654481612957e+03	3.890455366507871986e+03	-2.033772835860899650e+05
4.246800000000000352e+01	-5.774918047599053352e+02	3.336838603898217116e+03	3.914330408658122451e+03	-2.035359756655926176e+05
4.272050000000000125e+01	-5.345181361314598689e+02	3.403333576077347516e+03	3.937851712208807385e+03	-2.036763669206301565e+05
4.297350000000000847e+01	-4.550902549880188417e+02	3.506098533081458754e+03	3.961188788069477596e+03	-2.038015523821067763e+05
4.322700000000000387e+01	-4.420367438698763181e+02	3.542368517906439138e+03	3.984405261776315456e+03	-2.039152632292120252e+05
4.348000000000000398e+01	-3.804478247229753833e+02	3.626998482498060184e+03	4.007446307221035568e+03	-2.040193075271390262e+05
4.373600000000000421e+01	-3.855369780451251245e+02	3.645133474910550376e+03	4.030670452955675501e+03	-2.041173535818933451e+05
4.398950000000000671e+01	-3.056235662818326091e+02	3.747898431914662069e+03	4.053521998196494678e+03	-2.042049581808867806e+05
4.424650000000000460e+01	-3.286846818767226068e+02	3.747898431914662069e+03	4.076583113791384676e+03	-2.042864667907751573e+05
4.449900000000000944e+01	-2.727134117409750615e+02	3.826483399035455477e+03	4.099196810776430539e+03	-2.043623933000943798e+05
4.475000000000000711e+01	-2.527086066573592689e+02	3.868798381331265773e+03	4.121506987988625042e+03	-2.044283337634033815e+05
4.500300000000000011e+01	-2.146189833884595828e+02	3.929248356039566261e+03	4.143867339428025844e+03	-2.044874507035441638e+05
4.525549999999999784e+01	-1.762979356920673126e+02	3.989698330747867203e+03	4.165996266439934516e+03	-2.045368039645780809e+05
4.550750000000000739e+01	-1.983647201054795914e+02	3.989698330747867203e+03	4.188063050853346795e+03	-2.045840114592085592e+05
4.575950000000000273e+01	-1.296456159083868442e+02	4.080373292810318617e+03	4.210018908718705461e+03	-2.046253407615463075e+05
4.601200000000000045e+01	-1.212112470385973211e+02	4.110598280164468633e+03	4.231809527203065954e+03	-2.046570114404933702e+05
4.626450000000000529e+01	-1.006169013598464517e+02	4.152913262460278929e+03	4.253530163820125381e+03	-2.046850172442286857e+05
4.651749999999999829e+01	-4.357094651735133084e+01	4.231498229581070518e+03	4.275069176098421849e+03	-2.047032570069851645e+05
4.676800000000000068e+01	-6.479628025033161975e+01	4.231498229581070518e+03	4.296294509831402138e+03	-2.047168300021378091e+05
4.702100000000000080e+01	-4.999213601569954335e+01	4.267768214406051811e+03	4.317760350421751355e+03	-2.047313507367954589e+05
4.727300000000000324e+01	1.349960727092366142e+01	4.352398178997673313e+03	4.338898571726749651e+03	-2.047359487954172946e+05
4.752599999999999625e+01	-7.586919277233391767e+00	4.352398178997673313e+03	4.359985098274906704e+03	-2.047352008403860964e+05
4.777799999999999869e+01	-2.872847699159228796e+01	4.352398178997673313e+03	4.381126655989265601e+03	-2.047397765803159564e+05
4.803049999999999642e+01	4.698706295434112690e+01	4.449118138530954639e+03	4.402131075576613512e+03	-2.047374714338381600e+05
4.828349999999999653e+01	5.038958505837308621e+01	4.473298128414275197e+03	4.422908543355902111e+03	-2.047251532878645521e+05
4.854350000000000165e+01	2.898177211498114048e+01	4.473298128414275197e+03	4.444316356299294057e+03	-2.047148350114320056e+05
4.879099999999999682e+01	8.467501028950209729e+00	4.473298128414275197e+03	4.464830627385324988e+03	-2.047102006638804451e+05
4.904349999999999454e+01	7.838871968727016792e+01	4.563973090476726611e+03	4.485584370789456443e+03	-2.046992350660150114e+05
4.929799999999999471e+01	8.798456029432782088e+01	4.594198077830877082e+03	4.506213517536549261e+03	-2.046780640661373618e+05
4.955549999999999500e+01	6.708424123915938253e+01	4.594198077830877082e+03	4.527113836591717700e+03	-2.046580989579399175e+05
4.980599999999999739e+01	5.874944778911321919e+01	4.606288072772536907e+03	4.547538624983423688e+03	-2.046423382883891172e+05
5.005799999999999272e+01	6.844175289430950215e+01	4.636513060126687378e+03	4.568071307232377876e+03	-2.046263121971030196e+05
5.031299999999998818e+01	1.143758420509529969e+02	4.703008032305818233e+03	4.588632190254865236e+03	-2.046030029537474911e+05
5.057099999999999085e+01	1.058192958929575980e+02	4.715098027247478967e+03	4.609278731354521369e+03	-2.045745977809527249e+05
5.082399999999999807e+01	8.548120342177116981e+01	4.715098027247478967e+03	4.629616823825707797e+03	-2.045503982677894237e+05
5.107549999999999812e+01	6.512453394160183962e+01	4.715098027247478967e+03	4.649973493305877128e+03	-2.045314595963159809e+05
5.132849999999999824e+01	4.450072702642228251e+01	4.715098027247478967e+03	4.670597300221056685e+03	-2.045175920008035318e+05
5.157999999999999829e+01	7.239544701361410262e+01	4.763458007014120994e+03	4.691062560000506892e+03	-2.045028923069179873e+05
5.183249999999999602e+01	1.247107222895519953e+02	4.835997976664081762e+03	4.711287254374529766e+03	-2.044780076530434599e+05
5.208599999999999852e+01	1.045482062002492967e+02	4.835997976664081762e+03	4.731449770463832465e+03	-2.044489490838573838e+05
5.233700000000000330e+01	8.444252879260238842e+01	4.835997976664081762e+03	4.751555447871479373e+03	-2.044252307466157945e+05
5.258999999999999631e+01	6.402789062523970642e+01	4.835997976664081762e+03	4.771970086038842055e+03	-2.044064492385594349e+05
5.284300000000000352e+01	4.345803634448384400e+01	4.835997976664081762e+03	4.792539940319597918e+03	-2.043928522687977529e+05
5.309650000000000603e+01	2.268584986402765935e+01	4.835997976664081762e+03	4.813312126800054102e+03	-2.043844685312208312e+05
5.334949999999999903e+01	9.283905138779664412e+01	4.926672938726533175e+03	4.833833887338736531e+03	-2.043698546312124818e+05
5.360199999999999676e+01	9.078553859508156165e+01	4.944807931139022912e+03	4.854022392543941351e+03	-2.043466720267271448e+05
5.385450000000000870e+01	8.265813049441294424e+01	4.956897926080682737e+03	4.874239795586269793e+03	-2.043247747635045962e+05
5.410750000000000171e+01	6.229269754597225983e+01	4.956897926080682737e+03	4.894605228534710477e+03	-2.043064384837574908e+05
5.436100000000000421e+01	4.172205804550048924e+01	4.956897926080682737e+03	4.915175868035182248e+03	-2.042932546134862641e+05
5.461350000000000193e+01	2.106230839591808035e+01	4.956897926080682737e+03	4.935835617684764657e+03	-2.042853280872230243e+05
5.486700000000000443e+01	1.435590844330363325e-01	4.956897926080682737e+03	4.956754366996249701e+03	-2.042826402435198834e+05
5.512000000000000455e+01	-1.484552725531466422e+01	4.962942923551513559e+03	4.977788450806828223e+03	-2.042845000424935133e+05
5.537250000000000227e+01	1.864789065459899575e+01	5.017347900788983679e+03	4.998700010134384684e+03	-2.042840199941143510e+05
5.562599999999999767e+01	5.843287851370314456e+01	5.077797875497285531e+03	5.019364996983582387e+03	-2.042742500066222565e+05
5.587950000000000728e+01	3.786080948082599207e+01	5.077797875497285531e+03	5.039937066016459539e+03	-2.042620447816689557e+05
5.613150000000000261e+01	1.723069736260003992e+01	5.077797875497285531e+03	5.060567178134685491e+03	-2.042551032518066932e+05
5.638450000000000273e+01	-3.667975980275514303e+00	5.077797875497285531e+03	5.081465851477561046e+03	-2.042533875675518357e+05
5.663850000000000762e+01	-2.484398721450997982e+01	5.077797875497285531e+03	5.102641862711795511e+03	-2.042570085868775786e+05
5.689099999999999824e+01	-4.609497066928634013e+01	5.077797875497285531e+03	5.123892846166571871e+03	-2.042659646303103946e+05
5.714399999999999125e+01	-6.759482558522176987e+01	5.077797875497285531e+03	5.145392701082507301e+03	-2.042803463895366003e+05
5.739750000000000085e+01	-8.935168902233726840e+01	5.077797875497285531e+03	5.167149564519622800e+03	-2.043002393602631055e+05
5.764900000000000091e+01	-6.256484922503932466e+01	5.126157855263924830e+03	5.188722704488964155e+03	-2.043193428649477137e+05
5.790299999999999869e+01	-1.752111160960885172e+01	5.192652827443055685e+03	5.210173939052664537e+03	-2.043295137819737138e+05
5.815599999999999170e+01	-3.270378896670717950e+01	5.198697824913887416e+03	5.231401613880594596e+03	-2.043358672318966128e+05
5.840900000000000603e+01	-5.411464548779804318e+01	5.198697824913887416e+03	5.252812470401685459e+03	-2.043468497638551053e+05
5.866199999999999903e+01	-7.574471181837634504e+01	5.198697824913887416e+03	5.274442536732263761e+03	-2.043632769725543330e+05
5.891499999999999915e+01	-9.760112459229640081e+01	5.198697824913887416e+03	5.296298949506183817e+03	-2.043852052208602836e+05
5.916849999999999454e+01	-1.197350538047257942e+02	5.198697824913887416e+03	5.318432878718613210e+03	-2.044127525814721012e+05
5.942100000000000648e+01	-1.420222411011191070e+02	5.198697824913887416e+03	5.340720066015006523e+03	-2.044457994399539602e+05
