# # Data threated with pyDSC, version xxxx, 
# #More information here? 
# #Temp/ [degC] 	 CP-baseline / [J/K/g] 	 CP [J/K/g] 	 baseline [J/K/g] 	 H [J/g]
5.512271199999999993e+01	7.794580559739294756e-02	-7.393668635386809740e+00	-7.471614440984202687e+00	0.000000000000000000e+00
5.537271199999999993e+01	2.529016935356853679e-02	-7.450496446061106504e+00	-7.475786615414675040e+00	1.290449686887018554e-02
5.562271199999999993e+01	3.172151692441094184e-02	-7.448921736480331290e+00	-7.480643253404742232e+00	2.003095765361762037e-02
5.587271199999999993e+01	-1.986432580503354473e-01	-7.687329660311402968e+00	-7.488686402261067521e+00	-8.342599871229428032e-04
5.612271199999999993e+01	-5.522839165065196454e-02	-7.553141020247442938e+00	-7.497912628596790974e+00	-3.256821619974636928e-02
5.637271199999999993e+01	-3.690622662712250701e-02	-7.541731731730362043e+00	-7.504825505103239536e+00	-4.408504348446817822e-02
5.662271199999999993e+01	-7.762187918326102221e-02	-7.589648282950488323e+00	-7.512026403767227301e+00	-5.840105671076611937e-02
5.687271199999999993e+01	2.050385004061716643e-02	-7.497909997444570429e+00	-7.518413847485187596e+00	-6.554081035359660135e-02
5.712271199999999993e+01	-1.955077473190058868e-02	-7.543549699662270847e+00	-7.523998924930370258e+00	-6.542167594000702913e-02
5.737271199999999993e+01	-6.957230096634514638e-02	-7.600369958247970459e+00	-7.530797657281625312e+00	-7.656206040228774601e-02
5.762271199999999993e+01	4.516073909405715625e-02	-7.491550679010716252e+00	-7.536711418104773408e+00	-7.961350563632374477e-02
5.787271199999999993e+01	2.333497086000058118e-02	-7.518054600774769725e+00	-7.541389571634770306e+00	-7.105154189206652759e-02
5.812271199999999993e+01	4.527520874720991628e-02	-7.500806978438182782e+00	-7.546082187185392698e+00	-6.247526944116521541e-02
5.837271199999999993e+01	-1.073386013842547726e-02	-7.561967720634159562e+00	-7.551233860495734085e+00	-5.815760086506716053e-02
5.862271199999999993e+01	3.870331640511093241e-02	-7.517774969807513585e+00	-7.556478286212624518e+00	-5.466141883173147864e-02
5.887271199999999993e+01	4.682165994707521151e-02	-7.514172472245157941e+00	-7.560994132192233153e+00	-4.397079678770821065e-02
5.912271199999999993e+01	1.469666067217199057e-01	-7.417193183142062551e+00	-7.564159789863782457e+00	-1.974726345410882100e-02
5.937271199999999993e+01	-9.511558544825238215e-02	-7.664265938664471811e+00	-7.569150353216219429e+00	-1.326588579492538056e-02
5.962271199999999993e+01	-9.543829792158398106e-03	-7.585641064708473991e+00	-7.576097234916315593e+00	-2.634831269997672809e-02
5.987271199999999993e+01	6.497362846184628893e-03	-7.575271926829570290e+00	-7.581769289675754919e+00	-2.672912106822344924e-02
6.012271199999999993e+01	-5.124311073004950146e-02	-7.639192031151774032e+00	-7.587948920421724530e+00	-3.232233955370655831e-02
6.037271199999999993e+01	7.388129570606238872e-02	-7.519423314656510371e+00	-7.593304610362572760e+00	-2.949256643170494741e-02
6.062271199999999993e+01	-2.266937260332912984e-02	-7.620993314151133902e+00	-7.598323941547804772e+00	-2.309107604386329005e-02
6.087271199999999993e+01	6.473544663796371168e-02	-7.538728046197004318e+00	-7.603463492834968029e+00	-1.783281678953396732e-02
6.112271199999999993e+01	-1.237698831648081921e-01	-7.733567952027023296e+00	-7.609798068862215104e+00	-2.521212135538952737e-02
6.137271199999999993e+01	2.294414430070998989e-01	-7.384765756867111897e+00	-7.614207199874211796e+00	-1.200317637510306401e-02
6.162271199999999993e+01	1.739889262351708155e-01	-7.441230747417082014e+00	-7.615219673652252830e+00	3.842561978018077529e-02
6.187271199999999993e+01	8.575058054631767845e-04	-7.618068487893927987e+00	-7.618925993699391164e+00	6.028142378526002432e-02
6.212271199999999993e+01	1.066987703185482417e-01	-7.516731783427943014e+00	-7.623430553746491256e+00	7.372595830076145162e-02
6.237271199999999993e+01	5.145395201986779909e-02	-7.575942558560100792e+00	-7.627396510579968592e+00	9.349504859306345672e-02
6.262271199999999993e+01	7.759150773409828616e-03	-7.624730886248374695e+00	-7.632490037021784524e+00	1.008966864422231602e-01
6.287271199999999993e+01	7.376656415095173003e-02	-7.563587426004938941e+00	-7.637353990155890671e+00	1.110874008077683550e-01
6.312271199999999993e+01	2.435825945210456922e-02	-7.617699564997002959e+00	-7.642057824449107528e+00	1.233530037581503924e-01
6.337271199999999993e+01	-1.370934333770277291e-01	-7.786128763997859359e+00	-7.649035330620831630e+00	1.092611070175349974e-01
6.362271199999999993e+01	-1.227144331879861383e-01	-7.780253767943144716e+00	-7.657539334755158578e+00	7.678512369690826400e-02
6.387271199999999993e+01	8.186716694911666536e-03	-7.656279152357408080e+00	-7.664465869052319746e+00	6.246915913527395503e-02
6.412271200000000704e+01	-1.151132385055415597e-01	-7.786400468541170738e+00	-7.671287230035629179e+00	4.910334390894483675e-02
6.437271200000000704e+01	1.885193114976235762e-02	-7.659122865620628495e+00	-7.677974796770390853e+00	3.707068048947243649e-02
6.462271200000000704e+01	-6.260476874308196216e-03	-7.689801892840113062e+00	-7.683541415965804866e+00	3.864461227390420667e-02
6.487271200000000704e+01	-1.814735159058260550e-01	-7.872582770718963729e+00	-7.691109254813137674e+00	1.517786317638742527e-02
6.512271200000000704e+01	-1.090218716209863103e-01	-7.808668300447113353e+00	-7.699646428826127043e+00	-2.113406026446412039e-02
6.537271200000000704e+01	-1.527495542637229420e-01	-7.860585619932459522e+00	-7.707836065668736580e+00	-5.385548850005277693e-02
6.562271200000000704e+01	-9.454450329734509495e-02	-7.810369842437843602e+00	-7.715825339140498507e+00	-8.476724569518628849e-02
6.587271200000000704e+01	-1.112922678236412111e-01	-7.834655024675593715e+00	-7.723362756851952504e+00	-1.104968420853095767e-01
6.612271200000000704e+01	-1.303371352257025606e-01	-7.861525519435711651e+00	-7.731188384210009090e+00	-1.407005174664775482e-01
6.637271200000000704e+01	-8.698429411924291088e-02	-7.825716509387921072e+00	-7.738732215268678161e+00	-1.678656961345957321e-01
6.662271200000000704e+01	-1.799503448200630018e-01	-7.926630171089407817e+00	-7.746679826269344815e+00	-2.012325260020089712e-01
6.687271200000000704e+01	-2.108165533821360071e-01	-7.966501583340514614e+00	-7.755685029958378607e+00	-2.500783882772838473e-01
6.712271200000000704e+01	-1.142614087648681220e-01	-7.878274202442649532e+00	-7.764012793677781410e+00	-2.907131335456593635e-01
6.737271200000000704e+01	-1.617922992681348759e-01	-7.933625195052914414e+00	-7.771832895784779538e+00	-3.252198470497847382e-01
6.762271200000000704e+01	-1.530861638660914181e-01	-7.933012339268932678e+00	-7.779926175402841260e+00	-3.645796549415630250e-01
6.787271200000000704e+01	-3.189640713010177819e-02	-7.818728384139492782e+00	-7.786831977009391004e+00	-3.877024763160871745e-01
6.812271200000000704e+01	-8.305316946097640596e-02	-7.876155337395425171e+00	-7.793102167934448765e+00	-4.020711733899719476e-01
6.837271200000000704e+01	-1.106287970285757538e-01	-7.910631286711044652e+00	-7.800002489682468898e+00	-4.262814192011659675e-01
6.862271200000000704e+01	-2.978052635481160948e-01	-8.106429741696922875e+00	-7.808624478148806780e+00	-4.773356767732524486e-01
6.887271200000000704e+01	-1.532149428102993483e-01	-7.970711619043415297e+00	-7.817496676233115949e+00	-5.337132025680544345e-01
6.912271200000000704e+01	-2.778668667748869225e-01	-8.103971233344861247e+00	-7.826104366569974324e+00	-5.875984287662027183e-01
6.937271200000000704e+01	-2.866549591813161157e-01	-8.122317731969214805e+00	-7.835662772787898689e+00	-6.581636570107280981e-01
6.962271200000000704e+01	-4.179095874756564299e-01	-8.264086075801698072e+00	-7.846176488326041643e+00	-7.462342253428496663e-01
6.987271200000000704e+01	-2.881913061547889399e-01	-8.144729044389853456e+00	-7.856537738235064516e+00	-8.344968370466553376e-01
7.012271200000000704e+01	-3.303250013468872481e-01	-8.196400084683380882e+00	-7.866075083336493634e+00	-9.118113754843648611e-01
7.037271200000000704e+01	-6.035176077365509428e-01	-8.481322910164251994e+00	-7.877805302427701051e+00	-1.028541701619794635e+00
7.062271200000000704e+01	-5.765140617192949790e-01	-8.467627867962091770e+00	-7.891113806242796791e+00	-1.176045660301775264e+00
7.087271200000000704e+01	-6.235229632769678787e-01	-8.527813854058329923e+00	-7.904290890781362044e+00	-1.326050288426308121e+00
7.112271200000000704e+01	-7.104795067100688755e-01	-8.628613839523785245e+00	-7.918134332813716370e+00	-1.492800597174687827e+00
7.137271200000000704e+01	-7.064763393721404938e-01	-8.638719341772642224e+00	-7.932243002400501730e+00	-1.669920077934964109e+00
7.162271200000000704e+01	-9.017482571083510479e-01	-8.849075819946012444e+00	-7.947327562837661397e+00	-1.870948152495025552e+00
7.187271200000000704e+01	-9.471417296381883233e-01	-8.910794439605385975e+00	-7.963652709967197652e+00	-2.102059400838343084e+00
7.212271200000000704e+01	-9.788663414434042309e-01	-8.958921934671240095e+00	-7.980055593227835864e+00	-2.342810409723542264e+00
7.237271200000000704e+01	-1.201872740629291059e+00	-9.199532782119275609e+00	-7.997660041489984550e+00	-2.615402794982629064e+00
7.262271200000000704e+01	-1.326373021197266411e+00	-9.343340322597322611e+00	-8.016967301400056201e+00	-2.931433515210948748e+00
7.287271200000000704e+01	-1.387095951531664539e+00	-9.423938192416642323e+00	-8.036842240884977784e+00	-3.270617136802065339e+00
7.312271200000000704e+01	-1.499990267761885931e+00	-9.557139233862061545e+00	-8.057148966100175613e+00	-3.631502914213759148e+00
7.337271200000000704e+01	-1.731287262717616571e+00	-9.810139716248038155e+00	-8.078852453530421585e+00	-4.035412605523696961e+00
7.362271200000000704e+01	-1.702621160424168778e+00	-9.803618818930930345e+00	-8.100997658506761567e+00	-4.464651158416420351e+00
7.387271200000000704e+01	-1.937810593426691597e+00	-1.006134683308341060e+01	-8.123536239656719005e+00	-4.919705127647778120e+00
7.412271200000000704e+01	-2.069946435307784327e+00	-1.021725312814315245e+01	-8.147306692835368125e+00	-5.420674756239587389e+00
7.437271200000000704e+01	-2.193741673515528845e+00	-1.036530437873005006e+01	-8.171562705214521216e+00	-5.953635769842501091e+00
7.462271200000000704e+01	-2.347145988067492084e+00	-1.054347628778437596e+01	-8.196330299716883871e+00	-6.521246727540378707e+00
7.487271200000000704e+01	-2.445441870960458175e+00	-1.066681893831128214e+01	-8.221377067350823964e+00	-7.120320209918872933e+00
7.512271200000000704e+01	-2.560886691709336915e+00	-1.080730441742644210e+01	-8.246417725717105185e+00	-7.746111280252597098e+00
7.537271200000000704e+01	-2.893354629876395023e+00	-1.116592196241264290e+01	-8.272567332536247875e+00	-8.427891445450812924e+00
7.562271200000000704e+01	-2.866118762926790353e+00	-1.116507975565766841e+01	-8.298960992730878061e+00	-9.147825619551211318e+00
7.587271200000000704e+01	-3.137957817902735869e+00	-1.146315590254737238e+01	-8.325198084644636509e+00	-9.898335192154902984e+00
7.612271200000000704e+01	-3.393461270533746799e+00	-1.174599206204925395e+01	-8.352530791515507147e+00	-1.071476257820946287e+01
7.637271200000000704e+01	-3.544756261650707785e+00	-1.192497474556739512e+01	-8.380218483916687333e+00	-1.158203976973251947e+01
7.662271200000000704e+01	-3.627240314878092065e+00	-1.203458099573056295e+01	-8.407340680852470882e+00	-1.247853934179861923e+01
7.687271200000000704e+01	-3.763384836069521455e+00	-1.219713410604045656e+01	-8.433749269970935103e+00	-1.340236748566707092e+01
7.712271200000000704e+01	-3.926779067104632759e+00	-1.238649197332545704e+01	-8.459712906220824280e+00	-1.436363797356383998e+01
7.737271200000000704e+01	-4.037135364462272946e+00	-1.252215525212549352e+01	-8.485019887663220572e+00	-1.535912727750970319e+01
7.762271200000000704e+01	-4.054629372597792880e+00	-1.256361561393993576e+01	-8.508986241342142876e+00	-1.637059786964221075e+01
7.787271200000000704e+01	-4.035895129304858386e+00	-1.256695695024511394e+01	-8.531061820940255558e+00	-1.738191343238004194e+01
7.812271200000000704e+01	-4.159362203997998719e+00	-1.271101184884146207e+01	-8.551649644843463349e+00	-1.840632059904289974e+01
7.837271200000000704e+01	-4.076755773298598839e+00	-1.264723366873897525e+01	-8.570477895440376415e+00	-1.943583534620497488e+01
7.862271200000000704e+01	-3.902812834471017567e+00	-1.248928459726975149e+01	-8.586471762798733920e+00	-2.043328142217617582e+01
7.887271200000000704e+01	-3.906420100622520764e+00	-1.250643841704589931e+01	-8.600018316423378550e+00	-2.140943553906286922e+01
7.912271200000000704e+01	-3.817211476518330926e+00	-1.242867098482787469e+01	-8.611459508309543764e+00	-2.237488948620547546e+01
7.937271200000000704e+01	-3.593086662473606196e+00	-1.221317947943989424e+01	-8.620092816966288041e+00	-2.330117675357946894e+01
7.962271200000000704e+01	-3.382773587278828487e+00	-1.200842597905333342e+01	-8.625652391774504935e+00	-2.417315928479852261e+01
7.987271200000000704e+01	-3.213261045197693733e+00	-1.184171407669207277e+01	-8.628453031494379033e+00	-2.499766361385808722e+01
8.012271200000000704e+01	-2.964367703961874767e+00	-1.159288463005586678e+01	-8.628516926093992012e+00	-2.576986720750303306e+01
8.037271200000000704e+01	-2.894886515145049799e+00	-1.152115196509088868e+01	-8.626265449945838881e+00	-2.650227398489139929e+01
8.062271200000000704e+01	-2.686174062511929250e+00	-1.130808978966525835e+01	-8.621915727153329101e+00	-2.719990655709852234e+01
8.087271200000000704e+01	-2.326733878657455179e+00	-1.094156904558254162e+01	-8.614835166925086440e+00	-2.782652004974469406e+01
8.112271200000000704e+01	-2.332332656426352457e+00	-1.093806951361854019e+01	-8.605736857192187728e+00	-2.840890336663017024e+01
8.137271200000000704e+01	-2.173392644856665612e+00	-1.076859508876448146e+01	-8.595202443907815848e+00	-2.897211902929054617e+01
8.162271200000000704e+01	-1.777447104911425768e+00	-1.035986230445485567e+01	-8.582415199543429907e+00	-2.946597399801155603e+01
8.187271200000000704e+01	-1.550853260471845019e+00	-1.011828361850078828e+01	-8.567430358028943260e+00	-2.988201154368446311e+01
8.212271200000000704e+01	-1.369229958376878997e+00	-9.920110103077918851e+00	-8.550880144701039853e+00	-3.024702194604055450e+01
8.237271200000000704e+01	-1.082537361057667624e+00	-9.615335381338582010e+00	-8.532798020280914386e+00	-3.055349286096987171e+01
8.262271200000000704e+01	-1.022359504590339085e+00	-9.535913832122700384e+00	-8.513554327532361299e+00	-3.081660496917587366e+01
8.287271200000000704e+01	-8.280927010955583256e-01	-9.321509510138655585e+00	-8.493416809043097260e+00	-3.104791149488661262e+01
8.312271200000000704e+01	-4.489290361405231522e-01	-8.920935096847218304e+00	-8.472006060706695152e+00	-3.120753921204112302e+01
8.337271200000000704e+01	-3.614264362601087299e-01	-8.811093307080168913e+00	-8.449666870820060183e+00	-3.130883364609120179e+01
8.362271200000000704e+01	-2.541055241460199454e-01	-8.681003691450641213e+00	-8.426898167304621268e+00	-3.138577514114196632e+01
8.387271200000000704e+01	-3.420571115348849389e-01	-8.746021447618925748e+00	-8.403964336084040809e+00	-3.146029547060208031e+01
8.412271200000000704e+01	-2.972373378325681159e-01	-8.678172121326857891e+00	-8.380934783494289775e+00	-3.154020727677301039e+01
8.437271200000000704e+01	-1.706583004121213776e-01	-8.528262741510197031e+00	-8.357604441098075654e+00	-3.159869423155359769e+01
8.462271200000000704e+01	-7.622380145582141608e-03	-8.341564693172168532e+00	-8.333942313026586390e+00	-3.162097931662330907e+01
8.487271200000000704e+01	-1.815920778249733303e-01	-8.491837846276400370e+00	-8.310245768451427040e+00	-3.164463112386962962e+01
8.512271200000000704e+01	-6.359540351802372982e-02	-8.350130529768930998e+00	-8.286535126250907268e+00	-3.167527955903750581e+01
8.537271200000000704e+01	7.979956599396764716e-02	-8.182858126325522008e+00	-8.262657692319489655e+00	-3.167325403872801104e+01
8.562271199999999283e+01	-5.004840195323190244e-02	-8.288828333057409736e+00	-8.238779931104177834e+00	-3.166953514322291952e+01
8.587271199999999283e+01	-3.850277129932777598e-02	-8.253433927547332516e+00	-8.214931156248004740e+00	-3.168060403987949059e+01
8.612271199999999283e+01	-4.440897455101833202e-02	-8.235470323597663622e+00	-8.191061349046645290e+00	-3.169096800811078296e+01
8.637271199999999283e+01	7.221397268935270120e-02	-8.094963411207210413e+00	-8.167177383896563114e+00	-3.168749238334349272e+01
8.662271199999999283e+01	8.105817852378471855e-02	-8.062262195951856114e+00	-8.143320374475640833e+00	-3.166833336444184965e+01
8.687271199999999283e+01	1.451286876706809892e-01	-7.974390796093160816e+00	-8.119519483763841805e+00	-3.164006000616754122e+01
8.712271199999999283e+01	-1.771872816925679217e-02	-8.113450896526643419e+00	-8.095732168357386627e+00	-3.162413376122986364e+01
8.737271199999999283e+01	1.374753852509389418e-01	-7.934495238119106730e+00	-8.071970623370045672e+00	-3.160916417909465181e+01
8.762271199999999283e+01	4.914233188930605678e-02	-7.999136735098987039e+00	-8.048279066988293096e+00	-3.158583696445212041e+01
8.787271199999999283e+01	-1.570140843759482152e-02	-8.040218165135682327e+00	-8.024516756698087505e+00	-3.158165684902065706e+01
8.812271199999999283e+01	-4.445223855251434486e-02	-8.045133763734357402e+00	-8.000681525181843057e+00	-3.158917605489441982e+01
8.837271199999999283e+01	-5.045127923221848221e-02	-8.027249535595249341e+00	-7.976798256363030859e+00	-3.160103899461751098e+01
8.862271199999999283e+01	1.284652273185127314e-02	-7.940109114384941158e+00	-7.952955637116792431e+00	-3.160573958918005744e+01
8.887271199999999283e+01	-7.356454899183528795e-02	-8.002640789380016884e+00	-7.929076240388181596e+00	-3.161332934246255633e+01
8.912271199999999283e+01	4.491401980032616592e-02	-7.860311274982374918e+00	-7.905225294782701084e+00	-3.161691065861149497e+01
8.937271199999999283e+01	-6.671343585087186057e-02	-7.948091007806822539e+00	-7.881377571955950678e+00	-3.161963558561781440e+01
8.962271199999999283e+01	-6.253698920192185540e-02	-7.919893963124262193e+00	-7.857356973922340337e+00	-3.163579188874941295e+01
8.987271199999999283e+01	-2.827571843065879165e-02	-7.861646473647299516e+00	-7.833370755216640724e+00	-3.164714347720348542e+01
9.012271199999999283e+01	-1.220271280329567887e-01	-7.931283734762035742e+00	-7.809256606729078953e+00	-3.166593133301143581e+01
9.037271199999999283e+01	-2.000613294717785706e-01	-7.984840442200877852e+00	-7.784779112729099282e+00	-3.170619239019952929e+01
9.062271199999999283e+01	7.895855185314371028e-02	-7.681675542260836487e+00	-7.760634094113980197e+00	-3.172133023740185820e+01
9.087271199999999283e+01	-3.756829319848264959e-02	-7.774377570473765431e+00	-7.736809277275282781e+00	-3.171615645507002412e+01
9.112271199999999283e+01	-6.092420980196777691e-02	-7.773602071405114167e+00	-7.712677861603146390e+00	-3.172846801794507954e+01
9.137271199999999283e+01	6.081638679079226506e-02	-7.627940996004805463e+00	-7.688757382795597728e+00	-3.172848149582147670e+01
9.162271199999999283e+01	7.397194426704700732e-02	-7.591201346182104182e+00	-7.665173290449151189e+00	-3.171163295443924568e+01
9.187271199999999283e+01	-8.700736384593810158e-02	-7.728242099045254498e+00	-7.641234735199316397e+00	-3.171326238188660795e+01
9.212271199999999283e+01	-1.117135563690840883e-02	-7.628232318297457404e+00	-7.617060962660548995e+00	-3.172553472182196543e+01
9.237271199999999283e+01	3.464177975311155677e-02	-7.558568432148431882e+00	-7.593210211901543438e+00	-3.172260091880744071e+01
9.262271199999999283e+01	-1.785054272856712032e-02	-7.587195703718370154e+00	-7.569345160989803034e+00	-3.172050201417937387e+01
9.287271199999999283e+01	8.209106374574393072e-02	-7.463538938565993597e+00	-7.545630002311737528e+00	-3.171247194905222599e+01
9.312271199999999283e+01	1.089511024359079983e-02	-7.511126492146161127e+00	-7.522021602389751926e+00	-3.170084867730355782e+01
9.337271199999999283e+01	9.720896704449799586e-02	-7.401275941405387471e+00	-7.498484908449885467e+00	-3.168733566764254661e+01
9.362271199999999283e+01	2.579694861380232851e-02	-7.449227516825207118e+00	-7.475024465439009447e+00	-3.167195992818525951e+01
