# # Data threated with pyDSC, version xxxx, 
# #More information here? 
# #Temp/ [degC] 	 CP-baseline / [J/K/mol] 	 CP [J/K/mol] 	 baseline [J/K/mol] 	 H [J/mol]
4.985800000000000409e+01	1.040697368146284134e+02	-5.256583922181301205e+03	-5.360653658995929618e+03	0.000000000000000000e+00
4.957500000000000995e+01	8.237764165925818816e+01	-5.241420699328858063e+03	-5.323798340988116252e+03	-2.638230405405440848e+01
4.929149999999999210e+01	8.110783457868819823e+01	-5.206039846006482549e+03	-5.287147680585170747e+03	-4.955637031078477150e+01
4.900699999999999079e+01	4.458598302072368824e+01	-5.206039846006482549e+03	-5.250625829027206237e+03	-6.743631586430119285e+01
4.872350000000000136e+01	2.848022351811960107e+01	-5.185822215536552903e+03	-5.214302439054672504e+03	-7.779345064118184894e+01
4.844100000000000961e+01	2.266307269651588285e+01	-5.155495769831661164e+03	-5.178158842528177047e+03	-8.501744123149890697e+01
4.815699999999999648e+01	-1.360926029535949056e+01	-5.155495769831661164e+03	-5.141886509536301674e+03	-8.630308259246316993e+01
4.787349999999999994e+01	-4.324606826828130579e+00	-5.110006101274325374e+03	-5.105681494447497244e+03	-8.376095692789310476e+01
4.759050000000000580e+01	-1.518535243625501607e+01	-5.084734063186911953e+03	-5.069548710750656937e+03	-8.100029769216689601e+01
4.730599999999999739e+01	-2.123128779958096857e+01	-5.054407617482021124e+03	-5.033176329682440155e+03	-7.582003061861907156e+01
4.702299999999998903e+01	-5.747969602714965731e+01	-5.054407617482021124e+03	-4.996927921454871466e+03	-6.468242640713636149e+01
4.673949999999999960e+01	-4.333221446753941564e+01	-5.003863541307198830e+03	-4.960531326839659414e+03	-5.039233809451472013e+01
4.645600000000000307e+01	-7.221967680189391103e+01	-4.996281929880977259e+03	-4.924062253079083348e+03	-3.401285750707274502e+01
4.617300000000000182e+01	-6.575415095957123413e+01	-4.953319465132381083e+03	-4.887565314172809849e+03	-1.448956087882534050e+01
4.588850000000000051e+01	-9.242310640437062830e+01	-4.943210649897417170e+03	-4.850787543493046542e+03	8.011153981195491269e+00
4.560600000000000875e+01	-8.354560748508083634e+01	-4.897720981340078652e+03	-4.814175373854997815e+03	3.286673481807978447e+01
4.532250000000000512e+01	-5.721814675137738959e+01	-4.834540886121552830e+03	-4.777322739370175441e+03	5.281999698109799368e+01
4.503899999999999437e+01	-6.134863797277103004e+01	-4.801687236607918749e+03	-4.740338598635147719e+03	6.962683871574667194e+01
4.475599999999999312e+01	-7.308563082335604122e+01	-4.776415198520511694e+03	-4.703329567697155653e+03	8.864928775039874154e+01
4.447250000000000369e+01	-5.717614865759151144e+01	-4.723343918536948877e+03	-4.666167769879357365e+03	1.071138949918223773e+02
4.418850000000000477e+01	-4.652424735832573788e+01	-4.675327046170869835e+03	-4.628802798812544097e+03	1.218393512260825702e+02
4.390549999999999642e+01	-1.568293592245481705e+01	-4.607092543334862057e+03	-4.591409607412407240e+03	1.306416676603132885e+02
4.362199999999999989e+01	-5.273411349588968733e+00	-4.559075670968782106e+03	-4.553802259619193137e+03	1.336122298861254478e+02
4.333849999999999625e+01	1.253733570232270722e+01	-4.503477187176481493e+03	-4.516014522878804200e+03	1.325825686091254170e+02
4.305549999999999500e+01	4.288054206902234000e+01	-4.435242684340473716e+03	-4.478123226409496056e+03	1.247409389044800605e+02
4.277249999999999375e+01	7.048728196573665628e+01	-4.369535385313206461e+03	-4.440022667278943118e+03	1.086993918035615962e+02
4.248850000000000193e+01	9.265285405990562140e+01	-4.308882493903422983e+03	-4.401535347963328604e+03	8.553349248792105186e+01
4.220500000000000540e+01	1.475041013965892489e+02	-4.215375952980005422e+03	-4.362880054376594671e+03	5.149124405196332077e+01
4.192200000000000415e+01	1.718128452507162365e+02	-4.152195857761480511e+03	-4.324008703012196747e+03	6.307896101369394160e+00
4.163799999999999812e+01	2.310224497803078521e+02	-4.053634909220580539e+03	-4.284657359000888391e+03	-5.089471579303724269e+01
4.135550000000000637e+01	2.749015824221455659e+02	-3.970237183532126892e+03	-4.245138765954272458e+03	-1.223564853416316964e+02
4.107200000000000273e+01	3.334056765459913549e+02	-3.871676234991228284e+03	-4.205081911537219639e+03	-2.085840393003662143e+02
4.078849999999999199e+01	3.914576671929539771e+02	-3.773115286450328767e+03	-4.164572953643282744e+03	-3.113334182753656023e+02
4.050549999999999784e+01	4.641952477932986767e+02	-3.659391115056984290e+03	-4.123586362850282967e+03	-4.324083057459178576e+02
4.022150000000000603e+01	5.286618808624252779e+02	-3.553248555089860020e+03	-4.081910435952285297e+03	-5.733940180150266315e+02
3.993800000000000239e+01	6.101586812349173670e+02	-3.429415568461551175e+03	-4.039574249696468542e+03	-7.348218326923270070e+02
3.965499999999999403e+01	6.960292828496080801e+02	-3.300528174215760373e+03	-3.996557457065368453e+03	-9.196474296102928747e+02
3.937150000000000460e+01	7.935651017066120403e+02	-3.159004760926262406e+03	-3.952569862632874447e+03	-1.130797433621129130e+03
3.908900000000000574e+01	8.902245355558470692e+02	-3.017481347636766259e+03	-3.907705883192613328e+03	-1.368632719884450580e+03
3.880550000000000210e+01	1.010842691338880741e+03	-2.850685896259860783e+03	-3.861528587598741524e+03	-1.638108999296781803e+03
3.852249999999999375e+01	1.115138305572775153e+03	-2.699053667735398903e+03	-3.814191973308174056e+03	-1.938935310359790037e+03
3.823899999999999721e+01	1.230510816588509897e+03	-2.534785420167233951e+03	-3.765296236755743848e+03	-2.271431073426148032e+03
3.795650000000000546e+01	1.377187908873290326e+03	-2.337663523085434463e+03	-3.714851431958724788e+03	-2.639768518397616390e+03
3.767300000000000182e+01	1.534531741535943183e+03	-2.127905606959931447e+03	-3.662437348495874630e+03	-3.052504778843130680e+03
3.738899999999999579e+01	1.697473386144033157e+03	-1.910566079408204132e+03	-3.608039465552237289e+03	-3.511449506973697225e+03
3.710650000000000404e+01	1.881188345760047469e+03	-1.670481717577807558e+03	-3.551670063337855026e+03	-4.016935476605133772e+03
3.682300000000000040e+01	2.085051774352566554e+03	-1.407652521468743089e+03	-3.492704295821309643e+03	-4.579150013631104230e+03
3.654049999999999443e+01	2.299141739776503528e+03	-1.132187306315972819e+03	-3.431329046092476347e+03	-5.198417347501848781e+03
3.625749999999999318e+01	2.511020912883187066e+03	-8.567220911632024354e+02	-3.367743004046389615e+03	-5.879055362853197948e+03
3.597449999999999903e+01	2.733853799729201000e+03	-5.686208569667273878e+02	-3.302474656695928388e+03	-6.621205134687835198e+03
3.569100000000000961e+01	2.981311412376034241e+03	-2.552475846828420742e+02	-3.236558997058876230e+03	-7.431329803503722360e+03
3.540699999999999648e+01	3.259002948488302536e+03	8.845213330593536227e+01	-3.170550815182367387e+03	-8.317454442746498898e+03
3.511449999999999960e+01	3.560957842342727872e+03	4.548966855733819443e+02	-3.106061156769345871e+03	-9.314873708405526486e+03
3.483200000000000784e+01	3.858818267010058207e+03	8.137596264146054637e+02	-3.045058640595452744e+03	-1.036291708385157654e+04
3.454899999999999949e+01	4.192937539234811084e+03	1.205476216769462098e+03	-2.987461322465348985e+03	-1.150224053043525964e+04
3.426749999999999829e+01	4.571561736020727039e+03	1.637628068064174840e+03	-2.933933667956552199e+03	-1.273584380342748227e+04
3.398850000000000193e+01	4.975360525834492364e+03	2.089997549828816318e+03	-2.885362976005675591e+03	-1.406763945895626784e+04
3.371200000000000330e+01	5.417179950548710622e+03	2.575220681107090059e+03	-2.841959269441620563e+03	-1.550440817981623877e+04
3.342799999999999727e+01	5.884313027799536030e+03	3.080661442855292080e+03	-2.803651584944243950e+03	-1.710922018274172297e+04
3.314199999999999591e+01	6.371952307257978646e+03	3.601265427455939971e+03	-2.770686879802038675e+03	-1.886186612565495670e+04
3.285700000000000642e+01	6.902944959718124665e+03	4.159777469187702081e+03	-2.743167490530422128e+03	-2.075353898619898246e+04
3.257450000000000045e+01	7.466845131863912684e+03	4.746088752815617227e+03	-2.720756379048295457e+03	-2.278327183663498727e+04
3.229299999999999216e+01	8.068701471408378893e+03	5.365253685957165544e+03	-2.703447785451213349e+03	-2.496990002104562518e+04
3.201200000000000045e+01	8.688160122159009916e+03	5.997054638142417389e+03	-2.691105484016592527e+03	-2.732423907494177547e+04
3.172600000000000620e+01	9.365730246165114295e+03	6.681926870311232051e+03	-2.683803375853882699e+03	-2.990594539761207125e+04
3.144150000000000134e+01	1.005802112624818619e+04	7.376907917715009717e+03	-2.681113208533176930e+03	-3.266897403033791124e+04
3.115849999999999653e+01	1.076209260298521258e+04	8.079470576545010772e+03	-2.682622026440202262e+03	-3.561502012302448566e+04
3.087650000000000006e+01	1.151817641008774808e+04	8.830050107741091779e+03	-2.688126302346655393e+03	-3.875653805386773456e+04
3.059400000000000475e+01	1.230315869260696127e+04	9.605901677024579840e+03	-2.697257015582381428e+03	-4.212130163712330977e+04
3.031050000000000111e+01	1.313712977857941223e+04	1.042724291486540824e+04	-2.709886863714003994e+03	-4.572746252791402367e+04
3.002899999999999636e+01	1.397664554259408033e+04	1.125111135651497898e+04	-2.725534186079100436e+03	-4.954372640436925576e+04
2.974650000000000460e+01	1.484687692853109365e+04	1.210277904006070094e+04	-2.744097888470393173e+03	-5.361504895341556403e+04
2.946300000000000452e+01	1.571727368228525120e+04	1.295191951979767873e+04	-2.765354162487572466e+03	-5.794751730249878165e+04
2.918249999999999389e+01	1.661001057572516947e+04	1.382127763000458435e+04	-2.788732945720583757e+03	-6.248141891968491836e+04
2.889949999999999974e+01	1.748991847363375928e+04	1.467547251735904683e+04	-2.814445956274713808e+03	-6.730655888016910467e+04
2.861650000000000205e+01	1.835913094348581944e+04	1.551703138566980306e+04	-2.842099557816018205e+03	-7.237919937269148068e+04
2.833150000000000546e+01	1.921510517232179336e+04	1.634342703112811614e+04	-2.871678141193676311e+03	-7.773352801919399644e+04
2.804499999999999460e+01	2.004488200429631979e+04	1.714202343469027255e+04	-2.902858569606046785e+03	-8.335752118224475998e+04
2.775900000000000389e+01	2.081278675445644694e+04	1.787743974303390860e+04	-2.935347011422536980e+03	-8.920016781474622258e+04
2.747400000000000020e+01	2.153377027432202885e+04	1.856483917901146560e+04	-2.968931095310561432e+03	-9.523455219134723302e+04
2.719150000000000134e+01	2.218228199968204717e+04	1.917894970453553105e+04	-3.003332295146517026e+03	-1.014094445750502782e+05
2.690900000000000247e+01	2.272555743315226937e+04	1.968691767009247633e+04	-3.038639763059793950e+03	-1.077526768949380930e+05
2.662699999999999889e+01	2.312291962912188683e+04	2.004830781474243122e+04	-3.074611814379455609e+03	-1.142173121607188368e+05
2.634500000000000597e+01	2.337922558691104859e+04	2.026817454610290224e+04	-3.111051040808145444e+03	-1.207741146361793217e+05
2.606249999999999289e+01	2.343651081080782023e+04	2.028839217657283370e+04	-3.148118634234985166e+03	-1.273868374023574142e+05
2.577900000000000347e+01	2.324168075772422890e+04	2.005588942616865825e+04	-3.185791331555572469e+03	-1.340034710571965843e+05
2.549699999999999989e+01	2.277667611570583904e+04	1.955297586822919766e+04	-3.223700247476640925e+03	-1.404920593763503130e+05
2.521549999999999869e+01	2.198592045974330540e+04	1.872405301896214951e+04	-3.261867440781154983e+03	-1.467923948443448171e+05
2.493299999999999983e+01	2.086467968181968899e+04	1.756406647075002184e+04	-3.300613211069665795e+03	-1.528450421143405547e+05
2.464750000000000085e+01	1.939758281931133752e+04	1.605785300074038059e+04	-3.339729818570957377e+03	-1.585924800863769779e+05
2.436500000000000199e+01	1.762447752007495728e+04	1.424584786987307780e+04	-3.378629650201879940e+03	-1.638218461093152582e+05
2.408149999999999835e+01	1.563678785931296989e+04	1.221903041526278503e+04	-3.417757444050185313e+03	-1.685366304768435657e+05
2.379800000000000182e+01	1.360116467782413383e+04	1.014419608828641867e+04	-3.456968589537714706e+03	-1.726811102489827026e+05
2.351400000000000290e+01	1.168439720749525804e+04	8.188140340320873293e+03	-3.496256867174385661e+03	-1.762716600366980419e+05
2.323100000000000165e+01	9.964613800996719874e+03	6.429206489437130585e+03	-3.535407311559588834e+03	-1.793349950943996664e+05
2.294949999999999690e+01	8.477071116116880148e+03	4.902775388957560608e+03	-3.574295727159318631e+03	-1.819306622464834363e+05
2.266750000000000043e+01	7.201825817874321729e+03	3.588629408412234625e+03	-3.613196409462087558e+03	-1.841413867141761584e+05
2.238450000000000273e+01	6.111093505754123726e+03	2.458969305905003239e+03	-3.652124199849120487e+03	-1.860251647984695737e+05
2.210149999999999793e+01	5.166809418524254397e+03	1.475887024304749957e+03	-3.690922394219504440e+03	-1.876209880622549972e+05
2.181850000000000023e+01	4.384174478862238175e+03	6.545457864639217860e+02	-3.729628692398316161e+03	-1.889724522837351833e+05
2.153650000000000020e+01	3.725159160080826496e+03	-4.296246474859717068e+01	-3.768121624829423581e+03	-1.901158683268261666e+05
2.125300000000000011e+01	3.164773820368222459e+03	-6.419097674202166672e+02	-3.806683587788439127e+03	-1.910925163268048200e+05
2.097100000000000009e+01	2.697548577252945506e+03	-1.147350529168418461e+03	-3.844899106421363740e+03	-1.919191037848693959e+05
2.068849999999999767e+01	2.285849873884358658e+03	-1.597192807124318279e+03	-3.883042681008676936e+03	-1.926230088160925370e+05
2.040650000000000119e+01	1.954798136694394771e+03	-1.966164563200506336e+03	-3.920962699894901107e+03	-1.932209401855841279e+05
2.012349999999999994e+01	1.666682658180352973e+03	-2.292173854528096399e+03	-3.958856512708449372e+03	-1.937333797180589172e+05
1.984199999999999875e+01	1.423724891505387859e+03	-2.572693477298348171e+03	-3.996418368803736030e+03	-1.941683545806771726e+05
1.955949999999999989e+01	1.226226944044923130e+03	-2.807723431511263243e+03	-4.033950375556186373e+03	-1.945426602774486528e+05
1.927749999999999986e+01	1.041143677358815239e+03	-3.030117366680470695e+03	-4.071261044039285935e+03	-1.948623595350665855e+05
1.899350000000000094e+01	8.940707726629489116e+02	-3.214603244718566202e+03	-4.108674017381515114e+03	-1.951371599869696656e+05
1.871099999999999852e+01	7.744595909169643164e+02	-3.371289880860508219e+03	-4.145749471777472536e+03	-1.953728399008253182e+05
1.842849999999999966e+01	6.597476567210787834e+02	-3.522922109384969190e+03	-4.182669766106047973e+03	-1.955754216745541780e+05
1.814700000000000202e+01	5.624608226772538728e+02	-3.656863911248242857e+03	-4.219324733925496730e+03	-1.957474475180294830e+05
1.786550000000000082e+01	4.877814383479249045e+02	-3.768060878832846811e+03	-4.255842317180771715e+03	-1.958952691162687843e+05
1.758300000000000196e+01	4.181389004932248099e+02	-3.874203438799968808e+03	-4.292342339293193618e+03	-1.960232303641300823e+05
1.730250000000000199e+01	3.506703774305456136e+02	-3.977818794958350281e+03	-4.328489172388895895e+03	-1.961310558653588814e+05
1.702100000000000080e+01	3.008974344467246738e+02	-4.063743724455545362e+03	-4.364641158902270035e+03	-1.962227640348806162e+05
1.673799999999999955e+01	2.562623294909644756e+02	-4.144614246335257121e+03	-4.400876575826221597e+03	-1.963016021414778079e+05
1.645700000000000074e+01	2.138306291643102668e+02	-4.222957564406228812e+03	-4.436788193570539079e+03	-1.963676502021688793e+05
1.617399999999999949e+01	1.791321520997935295e+02	-4.293719271050976204e+03	-4.472851423150769733e+03	-1.964232544357177394e+05
1.589300000000000068e+01	1.440653392327421898e+02	-4.364480977695724505e+03	-4.508546316928466695e+03	-1.964686636832499644e+05
1.561150000000000126e+01	1.165650605798582546e+02	-4.427661072914250326e+03	-4.544226133494108581e+03	-1.965053474120235769e+05
1.533099999999999952e+01	1.040761585953241593e+02	-4.475677945280330277e+03	-4.579754103875654437e+03	-1.965362923430129013e+05
1.504900000000000126e+01	7.664398234056534420e+01	-4.538858040498854280e+03	-4.615502022839419624e+03	-1.965617738828848524e+05
1.476900000000000013e+01	5.393725590371104772e+01	-4.596983728099898144e+03	-4.650920984003609192e+03	-1.965800552562390512e+05
1.448700000000000365e+01	3.390213649530414841e+01	-4.652582211892200576e+03	-4.686484348387504724e+03	-1.965924406105673115e+05
1.420699999999999896e+01	2.122206396117871918e+01	-4.700599084258279618e+03	-4.721821148219458337e+03	-1.966001579986312136e+05
1.392700000000000138e+01	3.532028859336605819e+00	-4.753670364241840616e+03	-4.757202393101177222e+03	-1.966036235716260853e+05
1.364700000000000024e+01	-9.052427093203732511e+00	-4.801687236607918749e+03	-4.792634809514715016e+03	-1.966028507158733555e+05
1.336649999999999849e+01	-1.901353340772493539e+01	-4.847176905165259086e+03	-4.828163371757534151e+03	-1.965989144649131049e+05
1.308499999999999908e+01	-3.384387574631819007e+01	-4.897720981340076833e+03	-4.863877105593758642e+03	-1.965914747845746751e+05
1.280499999999999794e+01	-3.863458206969608000e+01	-4.938156242279935213e+03	-4.899521660210239133e+03	-1.965813278004804451e+05
1.252699999999999747e+01	-4.615776714320054452e+01	-4.981118707028530480e+03	-4.934960939885329935e+03	-1.965695416639398609e+05
1.224749999999999872e+01	-3.326883660520798003e+01	-5.003863541307198830e+03	-4.970594704701990850e+03	-1.965584417960660066e+05
1.196899999999999942e+01	-4.316623321928364021e+01	-5.049353209864539167e+03	-5.006186976645255527e+03	-1.965477982125929557e+05
1.169000000000000128e+01	-1.242482242747973942e+01	-5.054407617482021124e+03	-5.041982795054541384e+03	-1.965400432603302179e+05
1.141350000000000087e+01	-2.741276298179764126e+01	-5.104951693656842508e+03	-5.077538930675044867e+03	-1.965345357141473796e+05
1.113600000000000101e+01	8.459802871774627420e+00	-5.104951693656842508e+03	-5.113411496528617135e+03	-1.965319059909321077e+05
1.085899999999999999e+01	4.441088268501880520e+01	-5.104951693656842508e+03	-5.149362576341861313e+03	-1.965392285808817251e+05
1.058199999999999896e+01	8.045831852559967956e+01	-5.104951693656842508e+03	-5.185410012182442188e+03	-1.965565229652494018e+05
