# # Data threated with pyDSC, version xxxx, 
# #More information here? 
# #Temp/ [degC] 	 CP-baseline / [J/K/mol] 	 CP [J/K/mol] 	 baseline [J/K/mol] 	 H [J/mol]
4.985750000000000171e+01	1.163428748827964228e+02	-5.256318122675717859e+03	-5.372660997558514282e+03	0.000000000000000000e+00
4.957399999999999807e+01	7.991365137371667515e+01	-5.256318122675717859e+03	-5.336231774049434534e+03	-2.781936259686109025e+01
4.929049999999999443e+01	5.127715969464861701e+01	-5.248736894614168705e+03	-5.300014054308817322e+03	-4.641566006580210768e+01
4.900699999999999079e+01	5.820058810848695430e+01	-5.205776602265376823e+03	-5.263977190373863777e+03	-6.193413081689677568e+01
4.872299999999999898e+01	2.228961397825514723e+01	-5.205776602265376823e+03	-5.228066216243631970e+03	-7.336373951321382947e+01
4.843950000000000955e+01	2.690963112856934458e+01	-5.165343385937099811e+03	-5.192253017065669155e+03	-8.033773250710594027e+01
4.815599999999999170e+01	1.228463449501759897e+00	-5.155235081855032149e+03	-5.156463545304533909e+03	-8.432630741354776660e+01
4.787300000000000466e+01	-1.677735239016419655e+01	-5.137545549711412605e+03	-5.120768197321248408e+03	-8.212613962844413606e+01
4.758900000000000574e+01	-1.976963353209885099e+01	-5.104693561444689294e+03	-5.084923927912590443e+03	-7.693646762748279855e+01
4.730649999999999977e+01	-5.547023015042486804e+01	-5.104693561444689294e+03	-5.049223331294264426e+03	-6.630883688232609074e+01
4.702249999999999375e+01	-5.097647758692619391e+01	-5.064260345116414101e+03	-5.013283867529487907e+03	-5.119340438362191748e+01
4.673850000000000193e+01	-5.663244831519114086e+01	-5.033935432870206569e+03	-4.977302984555015428e+03	-3.591293690552169693e+01
4.645550000000000779e+01	-6.223532009777500207e+01	-5.003610520623999946e+03	-4.941375200526224944e+03	-1.909314767508733723e+01
4.617150000000000176e+01	-6.048124688250391046e+01	-4.965704380316245079e+03	-4.905223133433741168e+03	-1.667395163887363196e+00
4.588850000000000051e+01	-5.873149781064057606e+01	-4.927798240008485664e+03	-4.869066742197845088e+03	1.520120821019265733e+01
4.560500000000000398e+01	-6.977231363612918358e+01	-4.902527479803313327e+03	-4.832755166167184143e+03	3.341662348277205297e+01
4.532200000000000273e+01	-6.061569094983497052e+01	-4.857040111434005667e+03	-4.796424420484170696e+03	5.186652613168605797e+01
4.503849999999999199e+01	-6.678960239944808563e+01	-4.826715199187799044e+03	-4.759925596788350958e+03	6.992622646394761432e+01
4.475549999999999784e+01	-4.774590580193125788e+01	-4.771119526736422813e+03	-4.723373620934491555e+03	8.613300087444245889e+01
4.447150000000000603e+01	-5.675091243520000717e+01	-4.743321690510732878e+03	-4.686570778075532871e+03	1.009715490641146687e+02
4.418800000000000239e+01	-3.551131743799760443e+01	-4.685198942038839050e+03	-4.649687624600841445e+03	1.140497201486406027e+02
4.390449999999999875e+01	-3.717111118933280522e+01	-4.649819877751598142e+03	-4.612648766562265337e+03	1.243524544065648172e+02
4.362250000000000227e+01	-5.921869207380950684e+00	-4.581588825197633923e+03	-4.575666955990252973e+03	1.304285646425013852e+02
4.333749999999999858e+01	2.228464687914402020e+01	-4.515884848664187302e+03	-4.538169495543331323e+03	1.280968688242751057e+02
4.305399999999999494e+01	4.040674694915833243e+01	-4.460289176212810162e+03	-4.500695923161968494e+03	1.192103637491131281e+02
4.277049999999999130e+01	6.845954929003619327e+01	-4.394585199679362631e+03	-4.463044748969398825e+03	1.037785662572071033e+02
4.248799999999999955e+01	8.882919910258897289e+01	-4.336462451207467893e+03	-4.425291650310056866e+03	8.156153054674945224e+01
4.220400000000000773e+01	1.290262764993394740e+02	-4.258123094571435104e+03	-4.387149371070774578e+03	5.062605301127650392e+01
4.192150000000000176e+01	1.817810607774117670e+02	-4.167148357832817055e+03	-4.348929418610228822e+03	6.724516620934466005e+00
4.163750000000000284e+01	2.365945109739982399e+02	-4.073646545073683683e+03	-4.310241056047681923e+03	-5.268481456776552818e+01
4.135500000000000398e+01	2.710749956006961838e+02	-4.000361340478683360e+03	-4.271436336079379544e+03	-1.243931323714408279e+02
4.107150000000000034e+01	3.303469485201744646e+02	-3.901805375678514338e+03	-4.232152324198688802e+03	-2.096446929505753474e+02
4.078749999999999432e+01	3.967468378837729688e+02	-3.795668182816792978e+03	-4.192415020700565947e+03	-3.128920106199381053e+02
4.050349999999999540e+01	4.652399933279921243e+02	-3.687003913934555385e+03	-4.152243907262547509e+03	-4.352941406520083092e+02
4.022150000000000603e+01	5.360057522957699803e+02	-3.575812569031797921e+03	-4.111818321327567901e+03	-5.764697907849533749e+02
3.993750000000000711e+01	6.135831831312871145e+02	-3.457039996067491757e+03	-4.070623179198778871e+03	-7.397114196155948775e+02
3.965449999999999875e+01	7.083095301822313559e+02	-3.320577890959565593e+03	-4.028887421141796949e+03	-9.267592385494632481e+02
3.937199999999999989e+01	8.023627119188317920e+02	-3.184115785851636701e+03	-3.986478497770468493e+03	-1.140141692746237595e+03
3.908749999999999858e+01	9.079785709251318622e+02	-3.035018300641123915e+03	-3.942996871566255777e+03	-1.383437740230792542e+03
3.880399999999999494e+01	1.007830397247960718e+03	-2.890974967471645868e+03	-3.898805364719606587e+03	-1.655003661469331973e+03
3.852199999999999136e+01	1.129437552048566431e+03	-2.724187950117511718e+03	-3.853625502166078149e+03	-1.956358442320146196e+03
3.823799999999999955e+01	1.282645068836473911e+03	-2.524548944496656077e+03	-3.807194013333129988e+03	-2.298874174485812091e+03
3.795550000000000779e+01	1.414405245143759657e+03	-2.345126547039935303e+03	-3.759531792183694961e+03	-2.679832531335508975e+03
3.767150000000000176e+01	1.572472724626753006e+03	-2.137906313357528234e+03	-3.710379037984281240e+03	-3.103969203042930531e+03
3.738850000000000051e+01	1.736620981228913706e+03	-1.923104851613568599e+03	-3.659725832842482305e+03	-3.572205962421509412e+03
3.710550000000000637e+01	1.929503873713246321e+03	-1.677978477623402341e+03	-3.607482351336648662e+03	-4.090962629395814474e+03
3.682150000000000034e+01	2.120592760197048392e+03	-1.432852103633236766e+03	-3.553444863830285158e+03	-4.666076351411088581e+03
3.653849999999999199e+01	2.330131293781472777e+03	-1.167509121478933821e+03	-3.497640415260406826e+03	-5.295853805049067887e+03
3.625599999999999312e+01	2.561031820179950500e+03	-8.794224551399760230e+02	-3.440454275319926637e+03	-5.986730594896116600e+03
3.597200000000000131e+01	2.808534168508815128e+03	-5.736462566573979984e+02	-3.382180425166213354e+03	-6.749208965289899425e+03
3.568350000000000222e+01	3.070598669850856368e+03	-2.527076020517172594e+02	-3.323306271902573826e+03	-7.597273877223279669e+03
3.539950000000000330e+01	3.346440122739292747e+03	8.086643265654952017e+01	-3.265573690082743269e+03	-8.508493385771076646e+03
3.511649999999999494e+01	3.641663008410630027e+03	4.321299995084365833e+02	-3.209533008902193615e+03	-9.497309978828820022e+03
3.483250000000000313e+01	3.970109344898300151e+03	8.137184786065296294e+02	-3.156390866291770635e+03	-1.057818165299865723e+04
3.455049999999999955e+01	4.324860601781092555e+03	1.218050641889277358e+03	-3.106809959891815197e+03	-1.174777241548046732e+04
3.426749999999999829e+01	4.708752009807381910e+03	1.647653565377196628e+03	-3.061098444430185282e+03	-1.302602860002024136e+04
3.398499999999999943e+01	5.109861384443967836e+03	2.089891868967702067e+03	-3.019969515476266224e+03	-1.441290774195823906e+04
3.370200000000001239e+01	5.556094419668768751e+03	2.572563388886482244e+03	-2.983531030782286052e+03	-1.592214048824012207e+04
3.341849999999999454e+01	6.022259110670415794e+03	3.070397364928364823e+03	-2.951861745742050971e+03	-1.756337210116580536e+04
3.313499999999999801e+01	6.518697670039955483e+03	3.593502101175419284e+03	-2.925195568864536199e+03	-1.934105272483147928e+04
3.285249999999999915e+01	7.052864617303323939e+03	4.149458825689197511e+03	-2.903405791614126429e+03	-2.125803589791871127e+04
3.256949999999999790e+01	7.622003921112804164e+03	4.735740462449180995e+03	-2.886263458663623169e+03	-2.333452979610460170e+04
3.228599999999999426e+01	8.241477844731389268e+03	5.367509467578474869e+03	-2.873968377152914854e+03	-2.558317833641304605e+04
3.200399999999999778e+01	8.872772146441138830e+03	6.006859700769318806e+03	-2.865912445671819569e+03	-2.799628758516834205e+04
3.172100000000000364e+01	9.541191398639137333e+03	6.679061922226887873e+03	-2.862129476412248550e+03	-3.060186342679714653e+04
3.143799999999999883e+01	1.023636330084269321e+04	7.374007827869109860e+03	-2.862355472973582891e+03	-3.340038741677387588e+04
3.115599999999999525e+01	1.098066329841594597e+04	8.114441101880640417e+03	-2.866222196535305102e+03	-3.639198816726938094e+04
3.087300000000000111e+01	1.174369356620743747e+04	8.870036832015273831e+03	-2.873656734192164095e+03	-3.960748466361352621e+04
3.059050000000000225e+01	1.253014014391095407e+04	9.645849170314046205e+03	-2.884290973596908771e+03	-4.303616367516773607e+04
3.030750000000000455e+01	1.335243766045072880e+04	1.045451349687954098e+04	-2.897924163571188274e+03	-4.669854843448488100e+04
3.002350000000000207e+01	1.418763454416374043e+04	1.127328612752710796e+04	-2.914348416636632464e+03	-5.060923868754017167e+04
2.974100000000000321e+01	1.505050657785922158e+04	1.211732951837984183e+04	-2.933177059479380659e+03	-5.473912612102589628e+04
2.945800000000000551e+01	1.590302048737119549e+04	1.294873752912999407e+04	-2.954282958241201868e+03	-5.911905020075596258e+04
2.917549999999999244e+01	1.679544436546241559e+04	1.381805168018790027e+04	-2.977392685274514861e+03	-6.373770836121892353e+04
2.889049999999999585e+01	1.766457736637496055e+04	1.466209507104063596e+04	-3.002482295334325499e+03	-6.864826145800569793e+04
2.860850000000000293e+01	1.854523968725207669e+04	1.551624676597543839e+04	-3.028992921276639663e+03	-7.375384566256697872e+04
2.832550000000000523e+01	1.938445353488089313e+04	1.632743816856145349e+04	-3.057015366319439636e+03	-7.912089725349875516e+04
2.804149999999999565e+01	2.020730262516689618e+04	1.712094003900383905e+04	-3.086362586163058040e+03	-8.474292662822573038e+04
2.776100000000000279e+01	2.099055876483105021e+04	1.787400869311795759e+04	-3.116550071713092166e+03	-9.052092668817279628e+04
2.747649999999999793e+01	2.171191349791205357e+04	1.856390044671915166e+04	-3.148013051192901457e+03	-9.659535336754810123e+04
2.719399999999999906e+01	2.235051132667861384e+04	1.917039869164327320e+04	-3.180112635035340645e+03	-1.028191708740215108e+05
2.691150000000000020e+01	2.288369981591498799e+04	1.967075974370567565e+04	-3.212940072209313257e+03	-1.092085031979128253e+05
2.662799999999999656e+01	2.328869968697912554e+04	2.004223991872169063e+04	-3.246459768257435826e+03	-1.157534408274481539e+05
2.634550000000000480e+01	2.353993566838181869e+04	2.025956845648616945e+04	-3.280367211895650144e+03	-1.223679855713926954e+05
2.606299999999999883e+01	2.357423795499920743e+04	2.025956845648616945e+04	-3.314669498513037524e+03	-1.290228625956954056e+05
2.577950000000000230e+01	2.339671057538637615e+04	2.004729407076273492e+04	-3.349416504623641686e+03	-1.356809945498774759e+05
2.549699999999999989e+01	2.292365167692303658e+04	1.953935179063877513e+04	-3.384299886284261447e+03	-1.422237457180162310e+05
2.521449999999999747e+01	2.212990085357759745e+04	1.871047085590914139e+04	-3.419429997668455144e+03	-1.485875600129495142e+05
2.492999999999999972e+01	2.099786205493131638e+04	1.754296173443021326e+04	-3.454900320501104034e+03	-1.547224842866848630e+05
2.464700000000000202e+01	1.951960152516259404e+04	1.602924319814042610e+04	-3.490358327022167487e+03	-1.604557053832680976e+05
2.436449999999999960e+01	1.774325895487025991e+04	1.421732969142961338e+04	-3.525929263440647901e+03	-1.657190844260727754e+05
2.408250000000000313e+01	1.575199161282018576e+04	1.219061472297484033e+04	-3.561376889845345886e+03	-1.704419147561170685e+05
2.380000000000000071e+01	1.371776958067413761e+04	1.012093946217127632e+04	-3.596830118502860842e+03	-1.746045185246981855e+05
2.351650000000000063e+01	1.178470481123345962e+04	8.152347242188398923e+03	-3.632357569045060245e+03	-1.782194942697510996e+05
2.323450000000000060e+01	1.007129377207295511e+04	6.403610635990515220e+03	-3.667683136082440342e+03	-1.813011900699973048e+05
2.295200000000000173e+01	8.577680420572423827e+03	4.874729643577626121e+03	-3.702950776994798161e+03	-1.839353576747084444e+05
2.266850000000000165e+01	7.296335806717142077e+03	3.558123036888178831e+03	-3.738212769828963246e+03	-1.861854994749267353e+05
2.238650000000000162e+01	6.224469208495027488e+03	2.451263739901657573e+03	-3.773205468593370369e+03	-1.880919329820716521e+05
2.210299999999999798e+01	5.278980674130893021e+03	1.470758243940994362e+03	-3.808222430189898660e+03	-1.897225470029338903e+05
2.182149999999999679e+01	4.489813224391716176e+03	6.469314612523961614e+02	-3.842881763139320356e+03	-1.910975047441509669e+05
2.153699999999999903e+01	3.827128080957715156e+03	-5.054152041034345189e+01	-3.877669601368058466e+03	-1.922805896448369022e+05
2.125600000000000023e+01	3.259960369471721606e+03	-6.519856132934305606e+02	-3.911945982765152166e+03	-1.932763255721222376e+05
2.097250000000000014e+01	2.783911233650761915e+03	-1.162454969437899308e+03	-3.946366203088661223e+03	-1.941330443718648457e+05
2.068950000000000244e+01	2.378381327977160709e+03	-1.602166197007887149e+03	-3.980547524985047858e+03	-1.948635087693351961e+05
2.040700000000000003e+01	2.038328462657411592e+03	-1.976173448044429051e+03	-4.014501910701840643e+03	-1.954873690272623207e+05
2.012549999999999883e+01	1.743483662103850293e+03	-2.304693330711661929e+03	-4.048176992815512222e+03	-1.960196590838224802e+05
1.984249999999999758e+01	1.506761602484500600e+03	-2.575090464906998022e+03	-4.081852067391498622e+03	-1.964795687887617387e+05
1.956049999999999756e+01	1.295048952071212625e+03	-2.820216838897164962e+03	-4.115265790968377587e+03	-1.968746240769540891e+05
1.927799999999999869e+01	1.116071862017640797e+03	-3.032491224620606317e+03	-4.148563086638247114e+03	-1.972151948919441493e+05
1.899549999999999983e+01	9.621889933809784452e+02	-3.219494850138878519e+03	-4.181683843519856964e+03	-1.975087492377691960e+05
1.871349999999999980e+01	8.308608356481786359e+02	-3.383754791472494162e+03	-4.214615627120672798e+03	-1.977615692636622989e+05
1.843149999999999622e+01	7.196209503349700753e+02	-3.527798124641973118e+03	-4.247419074976943193e+03	-1.979801871954859234e+05
1.814800000000000324e+01	6.108900420401159863e+02	-3.669314381790934931e+03	-4.280204423831050917e+03	-1.981687871286550944e+05
1.786649999999999849e+01	5.371456900416164899e+02	-3.775451574652655381e+03	-4.312597264694271871e+03	-1.983303731579456071e+05
1.758350000000000080e+01	4.584039270752018638e+02	-3.886642919555411027e+03	-4.345046846630612890e+03	-1.984712434287676297e+05
1.730199999999999960e+01	3.920354696086856165e+02	-3.985198884355582322e+03	-4.377234353964267939e+03	-1.985909427738508966e+05
1.702050000000000196e+01	3.407345162795027136e+02	-4.068592393032648033e+03	-4.409326909312150747e+03	-1.986940801493646577e+05
1.673999999999999844e+01	2.892182684840499860e+02	-4.151985901709714199e+03	-4.441204170193764185e+03	-1.987824310274277523e+05
1.645700000000000074e+01	2.504815927121799177e+02	-4.222744030284195105e+03	-4.473225622996375023e+03	-1.988587985577870277e+05
1.617450000000000188e+01	2.116116066881031657e+02	-4.293502158858676012e+03	-4.505113765546779177e+03	-1.989240692222023208e+05
1.589400000000000013e+01	1.699320701423448554e+02	-4.366787363453674516e+03	-4.536719433596019371e+03	-1.989775807228777849e+05
1.561200000000000010e+01	1.359637358122126898e+02	-4.432491339987120227e+03	-4.568455075799332917e+03	-1.990207120315173815e+05
1.533099999999999952e+01	1.094282497412987141e+02	-4.490614088459014965e+03	-4.600042338200313679e+03	-1.990551896054876561e+05
1.504950000000000010e+01	8.037713570271080243e+01	-4.551263912951427301e+03	-4.631641048654138103e+03	-1.990819047134889115e+05
1.476699999999999946e+01	6.152809232151139440e+01	-4.601805433361771975e+03	-4.663333525683283369e+03	-1.991019488269473368e+05
1.448700000000000365e+01	4.491460328517496237e+01	-4.649819877751599051e+03	-4.694734481036774014e+03	-1.991168508043322654e+05
1.420650000000000013e+01	2.331759192182471452e+01	-4.702888474182458594e+03	-4.726206066104283309e+03	-1.991264203697100456e+05
1.392500000000000071e+01	-5.769803940717793012e+00	-4.763538298674870020e+03	-4.757768494734152227e+03	-1.991288902208683721e+05
1.364499999999999957e+01	-1.228309482971508260e+01	-4.801444438982626707e+03	-4.789161344152911624e+03	-1.991263628150405129e+05
1.336450000000000138e+01	-3.135490144159393822e+01	-4.851985959392972291e+03	-4.820631057951378352e+03	-1.991202425860634539e+05
1.308300000000000196e+01	-2.504958425234235619e+01	-4.877256719598140990e+03	-4.852207135345798633e+03	-1.991123036547020311e+05
1.280499999999999794e+01	-4.685362640403673140e+01	-4.930325316029004171e+03	-4.883471689624967439e+03	-1.991023091084207990e+05
1.252449999999999974e+01	-3.793964250188491860e+01	-4.953069000213658910e+03	-4.915129357711773991e+03	-1.990904168524567503e+05
1.224550000000000161e+01	-5.187732992673136323e+01	-4.998556368582965661e+03	-4.946679038656234297e+03	-1.990778873848029471e+05
1.196750000000000114e+01	-2.535906572395833791e+01	-5.003610520623999946e+03	-4.978251454900041608e+03	-1.990671515258075087e+05
1.168900000000000183e+01	-4.167446805285544542e+01	-5.051624965013827932e+03	-5.009950496960972487e+03	-1.990578171062290785e+05
1.141049999999999898e+01	-1.239584395579640841e+01	-5.054152041034345530e+03	-5.041756197078549121e+03	-1.990502878152818594e+05
1.113249999999999851e+01	1.945584500554195984e+01	-5.054152041034345530e+03	-5.073607886039887489e+03	-1.990512691554277844e+05
1.085550000000000104e+01	4.369590942027389247e+01	-5.061733269095896503e+03	-5.105429178516170396e+03	-1.990600156734157645e+05
1.058000000000000185e+01	8.316117953095817938e+01	-5.054152041034345530e+03	-5.137313220565303709e+03	-1.990774902374187950e+05
