# # Data threated with pyDSC, version xxxx, 
# #More information here? 
# #Temp/ [degC] 	 CP-baseline / [J/K/mol] 	 CP [J/K/mol] 	 baseline [J/K/mol] 	 H [J/mol]
1.513350000000000151e+01	-5.460828760361437162e+00	4.473599428243312104e+03	4.479060257003673541e+03	0.000000000000000000e+00
1.538650000000000162e+01	-1.890089640592123033e+00	4.431281595813983586e+03	4.433171685454575709e+03	-9.298911777206257945e-01
1.563950000000000173e+01	-3.454661510524238111e+01	4.352691335588087895e+03	4.387237950693330276e+03	-5.539134328068692881e+00
1.589300000000000068e+01	1.145443017946308828e+01	4.352691335588087895e+03	4.341236905408624807e+03	-8.466068767411206508e+00
1.614649999999999963e+01	2.988841878475795966e+00	4.298282693893234864e+03	4.295293852014759068e+03	-6.635384034067460135e+00
1.639949999999999974e+01	-1.761481563324741728e+01	4.231783242932861867e+03	4.249398058566109285e+03	-8.485569714046071965e+00
1.665299999999999869e+01	2.833467242269398412e+01	4.231783242932861867e+03	4.203448570510167883e+03	-7.126827865983725196e+00
1.690650000000000119e+01	-4.323460726823213918e+00	4.153192982706966177e+03	4.157516443433789391e+03	-4.083406783532074869e+00
1.715899999999999892e+01	-8.497032551913434872e-01	4.110875150277637658e+03	4.111724853532829002e+03	-4.736518736261406737e+00
1.741300000000000026e+01	4.514952427483012798e+01	4.110875150277637658e+03	4.065725626002807530e+03	8.895585332327486938e-01
1.766600000000000037e+01	-2.990059352861226216e+01	3.989967057622413449e+03	4.019867651151025711e+03	2.818548272629309626e+00
1.791950000000000287e+01	1.608438826636574959e+01	3.989967057622413449e+03	3.973882669356047700e+03	1.067344255639546935e+00
1.817200000000000060e+01	1.347314695053455580e+01	3.941603820560324039e+03	3.928130673609789483e+03	4.798983076773176926e+00
1.842549999999999599e+01	-1.310320566789732766e+01	3.869058964967189240e+03	3.882162170635086568e+03	4.845873134347444378e+00
1.867900000000000205e+01	3.284428493212999456e+01	3.869058964967189240e+03	3.836214680035059246e+03	7.348054931088994657e+00
1.893149999999999977e+01	8.212589494632993592e-03	3.790468704741291276e+03	3.790460492151796643e+03	1.149568274319406669e+01
1.918449999999999633e+01	3.567201881034179678e+00	3.748150872311963212e+03	3.744583670430929033e+03	1.194797267371595595e+01
1.943799999999999883e+01	-1.694812565672282290e+01	3.681651421351590216e+03	3.698599547008313039e+03	1.025194058514740370e+01
1.969050000000000011e+01	-2.552837428000975706e+01	3.627242779656738549e+03	3.652771153936748306e+03	4.889282468134887871e+00
1.994400000000000261e+01	-3.715242438439418038e+00	3.603061161125694071e+03	3.606776403564133489e+03	1.182654049071418356e+00
2.019699999999999918e+01	-5.451572514289227911e+01	3.506334687001514339e+03	3.560850412144406619e+03	-6.183563349966941125e+00
2.045049999999999812e+01	-6.286501317242709774e+01	3.451926045306664037e+03	3.514791058479091134e+03	-2.106157193143361184e+01
2.070300000000000296e+01	-1.136785879788226339e+02	3.355199571182483396e+03	3.468878159161306030e+03	-4.335020157677931252e+01
2.095649999999999835e+01	-2.186213871103154816e+02	3.204064455363452453e+03	3.422685842473767934e+03	-8.546922341932679501e+01
2.120949999999999847e+01	-3.839534895479655461e+02	2.992475293216809860e+03	3.376428782764775406e+03	-1.616949453165993873e+02
2.146300000000000097e+01	-5.248665964943652398e+02	2.805067749601211744e+03	3.329934346095576984e+03	-2.768878912224659530e+02
2.171649999999999991e+01	-6.958949762137217476e+02	2.587433182821807804e+03	3.283328159035529552e+03	-4.316194205632153285e+02
2.196950000000000003e+01	-9.213035942067526776e+02	2.315389974347552652e+03	3.236693568554305330e+03	-6.361950397214054647e+02
2.222199999999999775e+01	-1.219212136192847765e+03	1.970801910280161565e+03	3.190014046473009330e+03	-9.064351506843524930e+02
2.247650000000000148e+01	-1.667706651304615207e+03	1.475078730393740898e+03	3.142785381698356105e+03	-1.273795566393410127e+03
2.272850000000000037e+01	-2.255497507144345946e+03	8.403112439538114131e+02	3.095808751098157245e+03	-1.768119290357976979e+03
2.298150000000000048e+01	-2.945692143643322197e+03	1.027718787569409784e+02	3.048464022400263275e+03	-2.426069781182617135e+03
2.323549999999999827e+01	-3.804851419560137856e+03	-8.040388161572441277e+02	3.000812603402893728e+03	-3.283388813709449096e+03
2.348899999999999721e+01	-4.833341988475188373e+03	-1.880120840788743635e+03	2.953221147686444965e+03	-4.378279828177922354e+03
2.374099999999999966e+01	-6.122144683466345668e+03	-3.216155264628975601e+03	2.905989418837369612e+03	-5.758671148842568982e+03
2.399449999999999861e+01	-7.670861681183718247e+03	-4.812142087677941163e+03	2.858719593505777539e+03	-7.506934705561957344e+03
2.424749999999999517e+01	-9.449896350730936319e+03	-6.637854286771833358e+03	2.812042063959103416e+03	-9.672710596599132259e+03
2.450050000000000239e+01	-1.142322593115794371e+04	-8.657019434114085016e+03	2.766206497043858235e+03	-1.231316056525815111e+04
2.475349999999999895e+01	-1.351268549161692499e+04	-1.079104726947879863e+04	2.721638222138126821e+03	-1.546755336023912969e+04
2.500700000000000145e+01	-1.556754859811630013e+04	-1.288880267704694779e+04	2.678745921069353244e+03	-1.915347303111285146e+04
2.525949999999999918e+01	-1.750998191268378287e+04	-1.487169539659263137e+04	2.638286516091153317e+03	-2.332951125810132362e+04
2.551299999999999812e+01	-1.927365050492410955e+04	-1.667322597715548181e+04	2.600424527768628650e+03	-2.799183666703310519e+04
2.576650000000000063e+01	-2.076242228152086318e+04	-1.819666794461130849e+04	2.565754336909552876e+03	-3.306640889271505876e+04
2.601950000000000074e+01	-2.197065450567870721e+04	-1.943597589432735913e+04	2.534678611351349446e+03	-3.847214310629580723e+04
2.627250000000000085e+01	-2.289852762919999441e+04	-2.039114982630363374e+04	2.507377802896362027e+03	-4.414809464635796758e+04
2.652599999999999980e+01	-2.354615997303642871e+04	-2.106218974054013597e+04	2.483970232496292283e+03	-5.003495879994140705e+04
2.677900000000000347e+01	-2.396208731702214936e+04	-2.149745887409893840e+04	2.464628442923210969e+03	-5.604475208213390579e+04
2.703249999999999886e+01	-2.415833663512902422e+04	-2.170904803624558190e+04	2.449288598883440955e+03	-6.214401581806895410e+04
2.728599999999999426e+01	-2.414698695447339196e+04	-2.170904803624558190e+04	2.437938918227810518e+03	-6.826671558305094368e+04
2.753849999999999909e+01	-2.399446259462950911e+04	-2.156395832505932049e+04	2.430504269570188626e+03	-7.434457358862529509e+04
2.779149999999999565e+01	-2.370057976994152341e+04	-2.127377890268677947e+04	2.426800867254743025e+03	-8.037799644774345506e+04
2.804349999999999454e+01	-2.330146352441278214e+04	-2.087478219692453786e+04	2.426681327488245643e+03	-8.630025390283207525e+04
2.829749999999999588e+01	-2.279090288051380412e+04	-2.036092280313983065e+04	2.429980077373974837e+03	-9.215398443625778600e+04
2.855049999999999244e+01	-2.222309214428994892e+04	-1.978660936302750997e+04	2.436482781262440767e+03	-9.784825480689537653e+04
2.880349999999999611e+01	-2.158574519960940597e+04	-1.913975106732205677e+04	2.445994132287349203e+03	-1.033900727308987261e+05
2.905699999999999505e+01	-2.089680778830491909e+04	-1.843848412992175872e+04	2.458323658383162183e+03	-1.087747363221168489e+05
2.930999999999999517e+01	-2.017415188567182122e+04	-1.770094476472488896e+04	2.473207120946932719e+03	-1.139702127208749152e+05
2.956299999999999528e+01	-1.942967968833726627e+04	-1.693922378099697380e+04	2.490455907340293379e+03	-1.189800974149870744e+05
2.981649999999999778e+01	-1.866927206706198194e+04	-1.615936658337077097e+04	2.509905483691210065e+03	-1.238091395499839709e+05
3.006949999999999790e+01	-1.790474412830319125e+04	-1.537346398111181406e+04	2.531280147191377637e+03	-1.284357525986976689e+05
3.032299999999999685e+01	-1.712388646439046352e+04	-1.456942516495457130e+04	2.554461299435893579e+03	-1.328756315263215802e+05
3.057600000000000051e+01	-1.638084521422365651e+04	-1.380165877659389298e+04	2.579186437629764441e+03	-1.371139800836663344e+05
3.082950000000000301e+01	-1.560903978818998621e+04	-1.300366536506941156e+04	2.605374423120574647e+03	-1.411686980077222979e+05
3.108249999999999957e+01	-1.486863816176084765e+04	-1.223589897670873142e+04	2.632739185052115772e+03	-1.450241242683910241e+05
3.133550000000000324e+01	-1.413535977768524026e+04	-1.147417799298082173e+04	2.661181784704418533e+03	-1.486931300077310007e+05
3.158849999999999980e+01	-1.341509002127508575e+04	-1.072454781851842563e+04	2.690542202756660572e+03	-1.521782619072994275e+05
3.184050000000000225e+01	-1.272570960258542800e+04	-1.000514466721983990e+04	2.720564935365588099e+03	-1.554720026599058765e+05
3.209350000000000591e+01	-1.204919564162088864e+04	-9.297832325186775051e+03	2.751363316434112676e+03	-1.586060281732980220e+05
3.234700000000000131e+01	-1.140956731756770023e+04	-8.626792410950278281e+03	2.782774906617421948e+03	-1.615794263783751230e+05
3.260000000000000142e+01	-1.077031049120944044e+04	-7.955752496713783330e+03	2.814557994495657113e+03	-1.643851809211854415e+05
3.285300000000000864e+01	-1.017975098191630786e+04	-7.333075819539373697e+03	2.846675162376934168e+03	-1.670353636975359113e+05
3.310600000000000875e+01	-9.589435901861575985e+03	-6.710399142364966792e+03	2.879036759496608283e+03	-1.695361658383338072e+05
3.335950000000000415e+01	-9.047712453589994766e+03	-6.136085702252651572e+03	2.911626751337343194e+03	-1.718984243923872418e+05
3.361149999999999949e+01	-8.517989418383564043e+03	-5.573863071405855408e+03	2.944126346977707726e+03	-1.741117028282558604e+05
3.386450000000000671e+01	-8.012597012277603426e+03	-5.035822059090107359e+03	2.976774953187496521e+03	-1.762028220117345627e+05
3.411700000000000443e+01	-7.531284752567737087e+03	-4.521962665305401970e+03	3.009322087262335117e+03	-1.781652370845462719e+05
3.437100000000000222e+01	-7.086370041245781067e+03	-4.044375699317265116e+03	3.041994341928515951e+03	-1.800216792433605588e+05
3.462350000000000705e+01	-6.641134998150046158e+03	-3.566788733329127353e+03	3.074346264820919259e+03	-1.817547767545843089e+05
3.487800000000000011e+01	-6.232246875193859523e+03	-3.125474195137557217e+03	3.106772680056302761e+03	-1.833929145979672903e+05
3.513100000000000733e+01	-5.841104305627541180e+03	-2.702295870844270667e+03	3.138808434783270968e+03	-1.849201935223412293e+05
3.538350000000000506e+01	-5.455680708456937282e+03	-2.285162951183746372e+03	3.170517757273191364e+03	-1.863464126303693920e+05
3.563700000000000045e+01	-5.118476540642693180e+03	-1.916393268585310580e+03	3.202083272057382601e+03	-1.876866870616927336e+05
3.588900000000000290e+01	-4.786864900838388166e+03	-1.553668990619636816e+03	3.233195910218751578e+03	-1.889347600833193574e+05
3.614150000000000063e+01	-4.467086175256701608e+03	-1.203035521919485518e+03	3.264050653337216318e+03	-1.901030714066763467e+05
3.639499999999999602e+01	-4.165220251764339082e+03	-8.705382671176176927e+02	3.294681984646721503e+03	-1.911972162463012501e+05
3.664800000000000324e+01	-3.899243436202933481e+03	-5.743134401123171529e+02	3.324929996090616442e+03	-1.922173709028291341e+05
3.690099999999999625e+01	-3.632939396632918033e+03	-2.780886131070167266e+02	3.354850783525901534e+03	-1.931701920311828435e+05
3.715400000000000347e+01	-3.396525989002238475e+03	-1.209080926552245927e+01	3.384435179736716236e+03	-1.940594194024657190e+05
3.740699999999999648e+01	-3.171886002361982719e+03	2.418161853104493844e+02	3.413702187672432046e+03	-1.948903235193732835e+05
3.766049999999999898e+01	-2.940895203476280585e+03	5.017685845191824114e+02	3.442663787995462826e+03	-1.956651185372133041e+05
3.791400000000000148e+01	-2.745817822560760760e+03	7.254485559313479826e+02	3.471266378492108743e+03	-1.963859094132634928e+05
3.816749999999999687e+01	-2.556460201988233166e+03	9.430831227107526047e+02	3.499543324698985998e+03	-1.970579731528750563e+05
3.841999999999999460e+01	-2.372687944492680799e+03	1.154672284857395653e+03	3.527360229350076679e+03	-1.976802781063682633e+05
3.867249999999999943e+01	-2.194590321981294437e+03	1.360216042371277354e+03	3.554806364352571563e+03	-1.982568969875106122e+05
3.892599999999999483e+01	-2.046490379129402072e+03	1.535532776721352775e+03	3.582023155850754847e+03	-1.987944539663763717e+05
3.917899999999999494e+01	-1.891966691128585353e+03	1.716894915704189771e+03	3.608861606832775124e+03	-1.992926687857640209e+05
3.943199999999999505e+01	-1.761301987359065834e+03	1.874075436155982288e+03	3.635377423515048122e+03	-1.997548072735927126e+05
3.968550000000000466e+01	-1.630386108043362583e+03	2.031255956607773896e+03	3.661642064651136479e+03	-2.001847037396849773e+05
3.993849999999999767e+01	-1.505141544025851999e+03	2.182391072426805295e+03	3.687532616452657294e+03	-2.005813479876717320e+05
4.018999999999999773e+01	-1.403642190724382090e+03	2.309344569714790850e+03	3.712986760439172940e+03	-2.009471275423165644e+05
4.044399999999999551e+01	-1.277899995230463446e+03	2.460479685533821794e+03	3.738379680764285240e+03	-2.012876833999328373e+05
4.069650000000000034e+01	-1.181908756583623017e+03	2.581387778189046003e+03	3.763296534772669020e+03	-2.015982342548493762e+05
4.094949999999999335e+01	-1.091746967176728504e+03	2.696250466211509774e+03	3.787997433388238278e+03	-2.018858517039050639e+05
4.120300000000000296e+01	-1.007420859796260629e+03	2.805067749601212199e+03	3.812488609397472828e+03	-2.021519212259738997e+05
4.145600000000000307e+01	-9.288423981492455823e+02	2.907839628358152822e+03	3.836682026507398405e+03	-2.023968585281039996e+05
4.170900000000000318e+01	-8.378862183126066157e+02	3.022702316380616139e+03	3.860588534693222755e+03	-2.026203496980864147e+05
4.196150000000000091e+01	-7.647262684514330431e+02	3.119428790504795415e+03	3.884155058956228459e+03	-2.028226795245403773e+05
4.221599999999999397e+01	-7.096719931527850349e+02	3.198019050730691561e+03	3.907691043883476596e+03	-2.030102967033295135e+05
4.246800000000000352e+01	-6.663280486819535327e+02	3.264518501691064102e+03	3.930846550373017635e+03	-2.031836727086007013e+05
4.272150000000000603e+01	-5.744935969036637289e+02	3.379381189713529693e+03	3.953874786617193422e+03	-2.033409468521786912e+05
4.297400000000000375e+01	-5.245872132491990669e+02	3.451926045306664037e+03	3.976513258555863104e+03	-2.034797058044604782e+05
4.322700000000000387e+01	-4.927168568281854277e+02	3.506334687001514339e+03	3.999051543829699767e+03	-2.036083947693252703e+05
4.348049999999999926e+01	-4.122837241735878706e+02	3.609106565758454963e+03	4.021390289932042833e+03	-2.037231035929672362e+05
4.373300000000001120e+01	-3.434877476075726008e+02	3.699787635249873347e+03	4.043275382857445948e+03	-2.038185197412796260e+05
4.398400000000000887e+01	-3.166568223965450670e+02	3.748150872311963212e+03	4.064807694708508279e+03	-2.039013678848151467e+05
4.423950000000000671e+01	-3.386146078469282656e+02	3.748150872311963212e+03	4.086765480158891478e+03	-2.039850788100287609e+05
4.449100000000000676e+01	-2.633927484620030555e+02	3.844877346436144308e+03	4.108270094898147363e+03	-2.040607812350846070e+05
4.474950000000000472e+01	-2.611183754963121828e+02	3.869058964967189240e+03	4.130177340463501423e+03	-2.041285742978562193e+05
4.500450000000000017e+01	-2.464464166102657146e+02	3.905331392763756867e+03	4.151777809374022581e+03	-2.041932888088498148e+05
4.525750000000000739e+01	-1.830339361967317018e+02	3.989967057622413449e+03	4.173000993819145151e+03	-2.042476180734799127e+05
4.550850000000000506e+01	-2.039876865934547823e+02	3.989967057622413449e+03	4.193954744215868232e+03	-2.042961892871400923e+05
4.576200000000000045e+01	-1.464713963856670489e+02	4.068557317848308685e+03	4.215028714233975734e+03	-2.043406099759076897e+05
4.601400000000000290e+01	-1.248699719951628140e+02	4.110875150277637658e+03	4.235745122272800472e+03	-2.043747989883236878e+05
4.626550000000000296e+01	-1.455641076010797406e+02	4.110875150277637658e+03	4.256439257878717399e+03	-2.044088060738329077e+05
4.651800000000000068e+01	-4.518421382131600694e+01	4.231783242932861867e+03	4.276967456754177874e+03	-2.044328880494124896e+05
4.677100000000000080e+01	-6.549336567262434983e+01	4.231783242932861867e+03	4.297276608605486217e+03	-2.044468887632184778e+05
4.702400000000000091e+01	-6.775381140200533991e+01	4.249919456831144998e+03	4.317673268233150338e+03	-2.044637445311184274e+05
4.727749999999999631e+01	1.485348791752130637e+01	4.352691335588087895e+03	4.337837847670566589e+03	-2.044704496471200837e+05
4.753049999999999642e+01	-5.052452479013481934e+00	4.352691335588087895e+03	4.357743788067101377e+03	-2.044692098161371250e+05
4.778199999999999648e+01	-2.498213545365615573e+01	4.352691335588087895e+03	4.377673471041744051e+03	-2.044729866655696533e+05
4.803649999999999665e+01	-2.826022170348551299e+00	4.395009168017416414e+03	4.397835190187764965e+03	-2.044765252536273038e+05
4.828900000000000148e+01	4.392105088782136590e+01	4.461508618977790320e+03	4.417587568089968954e+03	-2.044713370062517351e+05
4.854199999999999449e+01	3.636960583517520718e+01	4.473599428243312104e+03	4.437229822408136897e+03	-2.044611802381762827e+05
4.879399999999999693e+01	1.670950330097548431e+01	4.473599428243312104e+03	4.456889924942336620e+03	-2.044544922704251367e+05
4.904749999999999943e+01	6.353970142081288941e+01	4.540098879203685101e+03	4.476559177782872212e+03	-2.044443206837266625e+05
4.930049999999999244e+01	9.863938835103363090e+01	4.594507520898536313e+03	4.495868132547502682e+03	-2.044238050288705272e+05
4.955299999999999017e+01	7.944342458560095110e+01	4.594507520898536313e+03	4.515064096312935362e+03	-2.044013220737372758e+05
4.980699999999999505e+01	5.999569320587670518e+01	4.594507520898536313e+03	4.534511827692659608e+03	-2.043836133057777479e+05
5.005949999999999278e+01	4.052007346544087341e+01	4.594507520898536313e+03	4.553987447433095440e+03	-2.043709231902354804e+05
5.031249999999999289e+01	6.334532083173144201e+01	4.636825353327864832e+03	4.573480032496133390e+03	-2.043577842178568826e+05
5.056599999999999540e+01	1.227464630318554555e+02	4.715415613553760522e+03	4.592669150521905067e+03	-2.043341970842521696e+05
5.081849999999999312e+01	1.038132968245354277e+02	4.715415613553760522e+03	4.611602316729225095e+03	-2.043055939145702869e+05
5.107049999999999557e+01	8.477979504467020888e+01	4.715415613553760522e+03	4.630635818509090313e+03	-2.042818311849947786e+05
5.132399999999999807e+01	6.548824324726683699e+01	4.715415613553760522e+03	4.649927370306493685e+03	-2.042627847111412848e+05
5.157699999999999818e+01	1.310776011117877715e+02	4.800051278412419379e+03	4.668973677300631607e+03	-2.042379191318298690e+05
5.182949999999999591e+01	1.487104272832639253e+02	4.836323706208986550e+03	4.687613278925722625e+03	-2.042025958932449867e+05
5.208299999999999130e+01	1.300152674364326231e+02	4.836323706208986550e+03	4.706308438772553927e+03	-2.041672674114392721e+05
5.233650000000000091e+01	1.111799591272801990e+02	4.836323706208986550e+03	4.725143747081706351e+03	-2.041366959164723230e+05
5.258899999999999864e+01	9.227381796299960115e+01	4.836323706208986550e+03	4.744049888245986949e+03	-2.041110098771146731e+05
5.284850000000000136e+01	7.268641485918578837e+01	4.836323706208986550e+03	4.763637291349800762e+03	-2.040896062869059970e+05
5.310700000000000642e+01	5.300974389486145810e+01	4.836323706208986550e+03	4.783313962314125092e+03	-2.040733600583870430e+05
5.335750000000000171e+01	-3.909035682166722836e+01	4.763778850615850388e+03	4.802869207437517616e+03	-2.040716166551561328e+05
5.360800000000000409e+01	-3.485763494034381438e+01	4.787960469146896685e+03	4.822818104087240499e+03	-2.040808786411243200e+05
5.385999999999999943e+01	-6.419727465860887605e+00	4.836323706208986550e+03	4.842743433674847438e+03	-2.040860795887875138e+05
5.411050000000000182e+01	6.490751515016654594e+01	4.927004775700404934e+03	4.862097260550238389e+03	-2.040787539933800581e+05
5.436299999999999955e+01	7.601422144797470537e+01	4.957231798864209850e+03	4.881217577416235144e+03	-2.040609626241345541e+05
5.460650000000000404e+01	5.755299214340266190e+01	4.957231798864209850e+03	4.899678806720807188e+03	-2.040447008158797980e+05
5.485700000000000642e+01	1.112818871096615112e+02	5.029776654457346012e+03	4.918494767347684501e+03	-2.040235542472533416e+05
5.511149999999999949e+01	1.409434433693995743e+02	5.078139891519435878e+03	4.937196448150036304e+03	-2.039914585739498725e+05
5.536700000000000443e+01	1.222425461042248571e+02	5.078139891519435878e+03	4.955897345415211021e+03	-2.039578365637946117e+05
5.562150000000000460e+01	1.034532296677480190e+02	5.078139891519435878e+03	4.974686661851687859e+03	-2.039291167763276317e+05
5.587599999999999767e+01	4.196879839840767090e+01	5.035822059090106450e+03	4.993853260691698779e+03	-2.039106118232562148e+05
5.613400000000000034e+01	-1.431535055622771324e+01	4.999549631293539278e+03	5.013864981849766991e+03	-2.039070445284845773e+05
5.639600000000000080e+01	-2.895575883621222602e+01	5.005595035926299715e+03	5.034550794762511941e+03	-2.039127130438149907e+05
5.664700000000000557e+01	1.180769220130150643e+01	5.066049082253911365e+03	5.054241390052609859e+03	-2.039148651261776686e+05
5.689750000000000085e+01	4.413169063085661037e+00	5.078139891519435878e+03	5.073726722456350217e+03	-2.039128334633042978e+05
5.714950000000000330e+01	-1.532557177792386938e+01	5.078139891519435878e+03	5.093465463297359747e+03	-2.039142084260463598e+05
5.740050000000000097e+01	-3.518911923425275745e+01	5.078139891519435878e+03	5.113329010753688635e+03	-2.039205480197683792e+05
5.765249999999999631e+01	-5.534268562862871477e+01	5.078139891519435878e+03	5.133482577148064593e+03	-2.039319550271811022e+05
5.790550000000000352e+01	-7.579592649701135088e+01	5.078139891519435878e+03	5.153935818016447229e+03	-2.039485440616149863e+05
5.815750000000000597e+01	-9.639441936650564458e+01	5.078139891519435878e+03	5.174534310885941522e+03	-2.039702400451937865e+05
5.840949999999999420e+01	-1.172259622768369809e+02	5.078139891519435878e+03	5.195365853796272859e+03	-2.039971562132808322e+05
5.866250000000000142e+01	-1.323042835886044486e+02	5.084185296152196315e+03	5.216489579740800764e+03	-2.040287217893828056e+05
5.891599999999999682e+01	-1.415306346875604504e+02	5.096276105417719009e+03	5.237806740105279459e+03	-2.040634303652743110e+05
5.916849999999999454e+01	-1.568737654966653281e+02	5.102321510050479446e+03	5.259195275547144774e+03	-2.041011039207975555e+05
5.942150000000000176e+01	-1.906887943999972777e+02	5.090230700784957662e+03	5.280919495184954940e+03	-2.041450705846244819e+05
