# # Data threated with pyDSC, version xxxx, 
# #More information here? 
# #Temp/ [degC] 	 CP-baseline / [J/K/g] 	 CP [J/K/g] 	 baseline [J/K/g] 	 H [J/g]
9.387271200000000704e+01	-3.386452096997061290e-03	2.772081383085156148e+01	2.772420028294855854e+01	0.000000000000000000e+00
9.362271200000000704e+01	-3.110766660030961361e-02	2.771070727175380455e+01	2.774181493835411416e+01	4.311764837163334363e-03
9.337271200000000704e+01	-9.072326582362677527e-03	2.775034907316227617e+01	2.775942139974463885e+01	9.334263984997370756e-03
9.312271200000000704e+01	-2.965574929067571475e-03	2.777404407050614310e+01	2.777700964543521067e+01	1.083900167392615188e-02
9.287271200000000704e+01	-3.630569332102595581e-03	2.779090689219553312e+01	2.779453746152763571e+01	1.166351970657242276e-02
9.262271200000000704e+01	3.721467115612497878e-02	2.784926379402638119e+01	2.781204912287025621e+01	7.465506978569624863e-03
9.237271200000000704e+01	3.804848580622532950e-02	2.786758920739291412e+01	2.782954072158668879e+01	-1.942387641724163672e-03
9.212271200000000704e+01	3.245653580411911321e-02	2.787945694954826692e+01	2.784700041374414781e+01	-1.075551534301721901e-02
9.187271200000000704e+01	-1.166401104320868853e-02	2.785276591665815715e+01	2.786442992770136584e+01	-1.335458093813102209e-02
9.162271200000000704e+01	2.675801563557200780e-02	2.790862780915741226e+01	2.788186979352184025e+01	-1.524133151217643700e-02
9.137271200000000704e+01	1.796522032618952380e-02	2.791725153309459984e+01	2.789928631276841031e+01	-2.083173600739662845e-02
9.112271200000000704e+01	-3.298761237223146736e-02	2.788372832455002737e+01	2.791671593692225883e+01	-1.895393700164138551e-02
9.087271200000000704e+01	-1.930071445432446353e-03	2.793224689343844247e+01	2.793417696488387492e+01	-1.458922652443339629e-02
9.062271200000000704e+01	-4.657416515006573832e-02	2.790503965172109702e+01	2.795161381687116275e+01	-8.526196949996123209e-03
9.037271200000000704e+01	6.469390551038500803e-02	2.803373253669697007e+01	2.796903863118658506e+01	-1.079116449503603192e-02
9.012271200000000704e+01	1.350558675888535731e-02	2.799993604112620815e+01	2.798643045436732280e+01	-2.056610102869482759e-02
8.987271200000000704e+01	-1.314427428771125506e-02	2.799073031704066850e+01	2.800387459132837975e+01	-2.061126508759159037e-02
8.962271200000000704e+01	2.064433798018683319e-02	2.804200199967430507e+01	2.802135766169411824e+01	-2.154877304915103764e-02
8.937271200000000704e+01	3.098929635343949940e-02	2.806982160676512095e+01	2.803883231041168145e+01	-2.800297734085432921e-02
8.912271200000000704e+01	2.831336655567184835e-02	2.808461959314560019e+01	2.805630622658992834e+01	-3.541581020449324768e-02
8.887271200000000704e+01	2.305214065688687697e-02	2.809683147451910301e+01	2.807377933386221613e+01	-4.183649860606308835e-02
8.862271200000000704e+01	-1.743939752356737927e-02	2.807380957299898228e+01	2.809124897052254966e+01	-4.253809149772802556e-02
8.837271200000000704e+01	-2.699190946980678518e-03	2.810602201599207817e+01	2.810872120693905885e+01	-4.002076793890951834e-02
8.812271200000000704e+01	-7.487620999484079221e-02	2.805132918466036074e+01	2.812620539465520153e+01	-3.032384282118183449e-02
8.787271200000000704e+01	-3.032320416812339658e-02	2.811337546134462073e+01	2.814369866551274413e+01	-1.717391605081131090e-02
8.762271200000000704e+01	-1.137927188646159493e-02	2.814983397498519935e+01	2.816121324687166094e+01	-1.196110654398818696e-02
8.737271200000000704e+01	-8.277244015344820127e-02	2.809596606560286958e+01	2.817873850575631778e+01	-1.921425389994624311e-04
8.712271200000000704e+01	-7.555980402847239930e-02	2.812070866321374751e+01	2.819626846724221991e+01	1.959938798374061264e-02
8.687271200000000704e+01	-7.539824072055978377e-02	2.813841665033595874e+01	2.821381489105651852e+01	3.846914357736963552e-02
8.662271200000000704e+01	-5.360815317942169145e-02	2.817773961688055095e+01	2.823134777005997265e+01	5.459494281486731992e-02
8.637271200000000704e+01	-2.382454925257349032e-03	2.824648142570619314e+01	2.824886388063145048e+01	6.159376882795219998e-02
8.612271200000000704e+01	2.038646227626017549e-02	2.828675583597155807e+01	2.826636937369529790e+01	5.934326790907684668e-02
8.587271200000000704e+01	4.109147695640302800e-03	2.828798056671850247e+01	2.828387141902286217e+01	5.628131666258928689e-02
8.562271200000000704e+01	2.597031020269469082e-02	2.832734908110079175e+01	2.830137877089809706e+01	5.252138442529741269e-02
8.537271200000000704e+01	6.151895653977135225e-02	2.838043255550056543e+01	2.831891359896079408e+01	4.158522608248915731e-02
8.512271200000000704e+01	1.295843949050841104e-01	2.846605742949902051e+01	2.833647303459393640e+01	1.769730715188222447e-02
8.487271200000000704e+01	1.517664741764548353e-01	2.850571947439091147e+01	2.835395300021445664e+01	-1.747155148331014374e-02
8.462271200000000704e+01	2.221905933540533340e-01	2.859348003589024856e+01	2.837128944253619522e+01	-6.421618492462366490e-02
8.437271200000000704e+01	2.327461284402261299e-01	2.862133000820619344e+01	2.838858387976596731e+01	-1.210832751489085979e-01
8.412271200000000704e+01	3.086706594791372993e-01	2.871453100587481444e+01	2.840586034639567714e+01	-1.887603736388290265e-01
8.387271200000000704e+01	3.534470839726182589e-01	2.877646088252941325e+01	2.842301379855679500e+01	-2.715250915702984713e-01
8.362271200000000704e+01	3.419554174139847191e-01	2.878205820569521833e+01	2.844010278828123361e+01	-3.584504042436238436e-01
8.337271200000000704e+01	4.281009276695861843e-01	2.888527972765706409e+01	2.845717879998747790e+01	-4.547074473790702065e-01
8.312271200000000704e+01	5.754911971194580644e-01	2.904967199564523739e+01	2.847418079852577932e+01	-5.801564629777007376e-01
8.287271200000000704e+01	7.971233544850129249e-01	2.928827687385346223e+01	2.849115351936844931e+01	-7.517332819282596112e-01
8.262271200000000704e+01	1.004261047207545943e+00	2.951241272228680046e+01	2.850815167507925452e+01	-9.769063321398294697e-01
8.237271200000000704e+01	1.273189457112604117e+00	2.979830131689479344e+01	2.852511185978218933e+01	-1.261587645179848227e+00
8.212271200000000704e+01	1.428762948683193201e+00	2.997088207392660308e+01	2.854211912524340988e+01	-1.599331695904322892e+00
8.187271200000000704e+01	1.603157211302583818e+00	3.016243097492356284e+01	2.855927376362097903e+01	-1.978321715902545019e+00
8.162271200000000704e+01	1.840716032583841866e+00	3.041708893548436166e+01	2.857637290290051979e+01	-2.408805871388348230e+00
8.137271200000000704e+01	2.041040542665921720e+00	3.063445839958433936e+01	2.859341785691841764e+01	-2.894025443294568678e+00
8.112271200000000704e+01	2.283583786341296218e+00	3.089419747448372533e+01	2.861061368814242911e+01	-3.434603484420470920e+00
8.087271200000000704e+01	2.415859213454005783e+00	3.104375126912456295e+01	2.862789205567055717e+01	-4.022033859394883670e+00
8.062271200000000704e+01	2.634649436267597622e+00	3.127992692932232188e+01	2.864527749305472426e+01	-4.653347440610083652e+00
8.037271200000000704e+01	2.836311683293438080e+00	3.149936122873121036e+01	2.866304954543777228e+01	-5.337217580555213559e+00
8.012271200000000704e+01	3.037824254031480820e+00	3.171885625859035329e+01	2.868103200455887247e+01	-6.071484572720828865e+00
7.987271200000000704e+01	3.201127782271498745e+00	3.190009110478449728e+01	2.869896332251299853e+01	-6.851353577258700867e+00
7.962271200000000704e+01	3.403983059873493033e+00	3.212094244803282805e+01	2.871695938815933502e+01	-7.676992432526825283e+00
7.937271200000000704e+01	3.521360176147208421e+00	3.225646750866317092e+01	2.873510733251596250e+01	-8.542660337029413853e+00
7.912271200000000704e+01	3.616836767825066801e+00	3.237011948545748652e+01	2.875328271763241972e+01	-9.434934955025948256e+00
7.887271200000000704e+01	3.720577012342243250e+00	3.249197007303718010e+01	2.877139306069493685e+01	-1.035211167754686201e+01
7.862271200000000704e+01	3.746732958877917241e+00	3.253624763214897797e+01	2.878951467327106073e+01	-1.128552542394938207e+01
7.837271200000000704e+01	3.780938869593793328e+00	3.258854161069535138e+01	2.880760274110155805e+01	-1.222648440250834589e+01
7.812271200000000704e+01	3.785635906275494733e+00	3.261104730338824709e+01	2.882541139711275235e+01	-1.317230624949200646e+01
7.787271200000000704e+01	3.706093075684087523e+00	3.254886438319088882e+01	2.884277130750680129e+01	-1.410877237223695424e+01
7.762271200000000704e+01	3.668472918998471499e+00	3.252808444745960514e+01	2.885961152846113364e+01	-1.503059312157227367e+01
7.737271200000000704e+01	3.492371131525217720e+00	3.236803440666516707e+01	2.887566327513994935e+01	-1.592569862788773527e+01
7.712271200000000704e+01	3.385195076545020498e+00	3.227606320061433820e+01	2.889086812406931770e+01	-1.678539440389651460e+01
7.687271200000000704e+01	3.251635335054150033e+00	3.215675823107479658e+01	2.890512289602064655e+01	-1.761499820534641003e+01
7.662271200000000704e+01	3.036920769090173167e+00	3.195534063191027840e+01	2.891841986282010524e+01	-1.840106771836445176e+01
7.637271200000000704e+01	2.890884532970822818e+00	3.182167797175464585e+01	2.893079343878382304e+01	-1.914204338112207537e+01
7.612271200000000704e+01	2.652893570490434172e+00	3.159476370522182620e+01	2.894187013473139203e+01	-1.983501564405473161e+01
7.587271200000000704e+01	2.490346161636310285e+00	3.144161163140297433e+01	2.895126546976666404e+01	-2.047792061057057467e+01
7.562271200000000704e+01	2.276562319361559616e+00	3.123538114405520005e+01	2.895881882469364044e+01	-2.107378417069530840e+01
7.537271200000000704e+01	2.119413612940892477e+00	3.108407628809847978e+01	2.896466267515758730e+01	-2.162328116223311625e+01
7.512271200000000704e+01	1.932430910475900987e+00	3.090071587614517412e+01	2.896828496566927313e+01	-2.212976172766021676e+01
7.487271200000000704e+01	1.698245351555026872e+00	3.066786014722840292e+01	2.896961479567337605e+01	-2.258359626041408319e+01
7.462271200000000704e+01	1.511921951238232253e+00	3.048061804732918745e+01	2.896869609609095519e+01	-2.298486717326323969e+01
7.437271200000000704e+01	1.321795635319737983e+00	3.028667029354688367e+01	2.896487465822714569e+01	-2.333908187158298730e+01
7.412271200000000704e+01	1.228093225423918966e+00	3.018584762437038549e+01	2.895775439894646652e+01	-2.365781797917594531e+01
7.387271200000000704e+01	1.013350888899864799e+00	2.996054271476951314e+01	2.894719182586964834e+01	-2.393799849346641651e+01
7.362271200000000704e+01	9.139491317000789650e-01	2.984748792073609280e+01	2.893353878903601384e+01	-2.417891099604140948e+01
7.337271200000000704e+01	7.749640815870009192e-01	2.969147139401322022e+01	2.891650731242621930e+01	-2.439002514770229624e+01
7.312271200000000704e+01	6.354673358486984114e-01	2.953140617060621409e+01	2.889593883475751568e+01	-2.456632907488175732e+01
7.287271200000000704e+01	5.097140594280347159e-01	2.938126025407532182e+01	2.887154619464728711e+01	-2.470947674929134763e+01
7.262271200000000704e+01	4.289043959448228804e-01	2.927221366975918926e+01	2.884330927381436638e+01	-2.482680405621295350e+01
7.237271200000000704e+01	3.648607720086758377e-01	2.917612291483226272e+01	2.881126214282358688e+01	-2.492602470220714039e+01
7.212271200000000704e+01	2.669960537715994064e-01	2.904236915900123606e+01	2.877537310522963665e+01	-2.500500680542967302e+01
7.187271200000000704e+01	1.932259604696824340e-01	2.892952186067287812e+01	2.873629590020319569e+01	-2.506253455720983325e+01
7.162271200000000704e+01	1.054007197150355069e-01	2.879904248828513502e+01	2.869364176857009952e+01	-2.509986289223292388e+01
7.137271200000000704e+01	3.271250716808893344e-02	2.868054219721156173e+01	2.864782969004347279e+01	-2.511712704559331399e+01
7.112271200000000704e+01	-6.011185956428022337e-03	2.859350027937366079e+01	2.859951146533008881e+01	-2.512046471074476983e+01
7.087271200000000704e+01	-7.075093254525910424e-02	2.847821870216397144e+01	2.854896963470923055e+01	-2.511086944593206027e+01
7.062271200000000704e+01	-7.708772132698271662e-02	2.841996807862107488e+01	2.849705579994805760e+01	-2.509238961419803005e+01
7.037271200000000704e+01	-8.706117563642834511e-02	2.835688938428235772e+01	2.844395055991878607e+01	-2.507187100207760366e+01
7.012271200000000704e+01	-8.341802038563983501e-02	2.830680700629969948e+01	2.839022502668533932e+01	-2.505056110257484647e+01
6.987271200000000704e+01	-1.138194139990673648e-01	2.822265990659095181e+01	2.833647932059001917e+01	-2.502590642327675852e+01
6.962271200000000704e+01	-8.774660620435170699e-02	2.819514395175144372e+01	2.828289055795579543e+01	-2.500071067075133158e+01
6.937271200000000704e+01	-8.414479444802935859e-02	2.814627112190316538e+01	2.823041591635119474e+01	-2.497922424566978350e+01
6.912271200000000704e+01	-8.011305313400995942e-02	2.809943276213865460e+01	2.817954581527266456e+01	-2.495869201472202903e+01
6.887271200000000704e+01	-1.098867983602183074e-01	2.802050342028157814e+01	2.813039021864179645e+01	-2.493494203328524961e+01
6.862271200000000704e+01	-2.885663533639259981e-02	2.805454283765338630e+01	2.808339947298977890e+01	-2.491759910407317236e+01
6.837271200000000704e+01	2.208247604396973429e-03	2.804106573856609330e+01	2.803885749096169633e+01	-2.491426805560667290e+01
6.812271200000000704e+01	4.154835068877815729e-03	2.800044718908258545e+01	2.799629235401370764e+01	-2.491506344094083403e+01
6.787271200000000704e+01	3.061897265548196856e-02	2.798665125513141305e+01	2.795603228247593108e+01	-2.491941016690637767e+01
6.762271200000000704e+01	5.990486762386382225e-02	2.797872087050137679e+01	2.791881600287751297e+01	-2.493072564694129767e+01
6.737271200000000704e+01	1.811369373101001656e-02	2.790285841638252506e+01	2.788474472265151505e+01	-2.494047796711065601e+01
6.712271200000000704e+01	4.531884952649534171e-02	2.789904251975773164e+01	2.785372367023123630e+01	-2.494840703501784418e+01
6.687271200000000704e+01	8.234196852948372225e-02	2.790746380886071876e+01	2.782512184033123503e+01	-2.496436463727484067e+01
6.662271200000000704e+01	7.665858025136884635e-02	2.787660261838595943e+01	2.779994403813459058e+01	-2.498423970587244725e+01
6.637271200000000704e+01	8.110197697006427120e-02	2.785992704891820182e+01	2.777882507194813755e+01	-2.500395977552512505e+01
6.612271200000000704e+01	1.042979715650069750e-01	2.786576223301419830e+01	2.776146426144919133e+01	-2.502713476909200807e+01
6.587271200000000704e+01	8.674419521584653126e-02	2.783416215539458705e+01	2.774741796017874051e+01	-2.505101503993961387e+01
6.562271200000000704e+01	8.807415537410889783e-02	2.782353938746960509e+01	2.773546523209549619e+01	-2.507286733376335874e+01
6.537271200000000704e+01	1.006075823934189373e-01	2.782469832689543310e+01	2.772409074450201416e+01	-2.509645255098429928e+01
6.512271200000000704e+01	7.498053181906882969e-02	2.778788049142414351e+01	2.771289995960507468e+01	-2.511840106526086203e+01
6.487271200000000704e+01	4.890585233312094715e-02	2.775170538655146402e+01	2.770279953421834307e+01	-2.513388686327988708e+01
6.462271200000000704e+01	8.117123649011759312e-02	2.777464631413790030e+01	2.769347507764778271e+01	-2.515014649938279234e+01
6.437271200000000704e+01	3.948406477802990366e-02	2.772438174480445383e+01	2.768489768002642393e+01	-2.516522841204131211e+01
6.412271200000000704e+01	-8.894673523570872931e-03	2.766832247834184244e+01	2.767721715186541331e+01	-2.516905208594812038e+01
6.387271199999999993e+01	-2.176785845916029416e-02	2.764867111681125422e+01	2.767043897527041452e+01	-2.516521926945027943e+01
6.362271199999999993e+01	7.669211632901351550e-03	2.767240660112195982e+01	2.766473738948905847e+01	-2.516345693859699750e+01
6.337271199999999993e+01	3.446817460041273762e-03	2.766308953787760672e+01	2.765964272041756544e+01	-2.516484644223361400e+01
6.312271199999999993e+01	1.674088516459448783e-02	2.767134381824237366e+01	2.765460293307777917e+01	-2.516736990506169391e+01
6.287271199999999993e+01	4.805468056822803646e-03	2.765443544871528303e+01	2.764962998065846023e+01	-2.517006319921437196e+01
6.262271199999999993e+01	7.513429321079456713e-03	2.765299816139241429e+01	2.764548473207133483e+01	-2.517160306138660886e+01
6.237271199999999993e+01	-2.198700317097390666e-02	2.762019359650927441e+01	2.764218059968024832e+01	-2.516979386465537161e+01
6.212271199999999993e+01	-3.294614053035616053e-02	2.760621041033646605e+01	2.763915655086682222e+01	-2.516292722169270490e+01
6.187271199999999993e+01	-7.727392521243103829e-03	2.762852378993686386e+01	2.763625118245810697e+01	-2.515784303006125455e+01
6.162271199999999993e+01	-5.515627652102139677e-02	2.757747478562086485e+01	2.763263106214188625e+01	-2.514998257143097149e+01
6.137271199999999993e+01	-4.675313089760635421e-02	2.758166012581808246e+01	2.762841325671568882e+01	-2.513724389550364435e+01
6.112271199999999993e+01	-1.221644717614367437e-02	2.761274399461047580e+01	2.762496044178661947e+01	-2.512987269824442649e+01
6.087271199999999993e+01	-1.827311583894442037e-02	2.760292590515146571e+01	2.762119902099041013e+01	-2.512606150286753959e+01
6.062271199999999993e+01	-3.315996444431235091e-02	2.758359843935560107e+01	2.761675840379991342e+01	-2.511963236783213205e+01
6.037271199999999993e+01	6.106383831454564870e-03	2.761811357858779559e+01	2.761200719475634102e+01	-2.511625067025552482e+01
6.012271199999999993e+01	-1.305580681497531259e-02	2.759363414626138677e+01	2.760668995307636209e+01	-2.511538199238258429e+01
5.987271199999999993e+01	1.014541849269434692e-02	2.761140792470471439e+01	2.760126250621202004e+01	-2.511501819384229961e+01
5.962271199999999993e+01	-1.106478611886174690e-02	2.758485353532768869e+01	2.759591832144655044e+01	-2.511490327288903046e+01
5.937271199999999993e+01	2.090825227831061284e-02	2.761203041181989803e+01	2.759112215954158742e+01	-2.511613370615896201e+01
5.912271199999999993e+01	-5.614863668044023370e-02	2.753026698228392988e+01	2.758641561896437011e+01	-2.511172865810869581e+01
5.887271199999999993e+01	-2.264891165184579336e-02	2.755805622414961675e+01	2.758070513580146255e+01	-2.510187896456715961e+01
5.862271199999999993e+01	-1.165488356127397651e-02	2.756410396482153047e+01	2.757575884838280444e+01	-2.509759099016552142e+01
5.837271199999999993e+01	-6.870026163291242938e-03	2.756481248674124984e+01	2.757168251290454108e+01	-2.509527537644995121e+01
5.812271199999999993e+01	9.227878050534599197e-03	2.757666504628404169e+01	2.756743716823350709e+01	-2.509557010793585619e+01
5.787271199999999993e+01	-2.867415214109669819e-02	2.753426000938865670e+01	2.756293416152975340e+01	-2.509313932367453504e+01
5.762271199999999993e+01	3.633869484410467976e-03	2.756126481627178748e+01	2.755763094678737701e+01	-2.509000928834245059e+01
5.737271199999999993e+01	-1.153633093398553910e-02	2.754118328071851352e+01	2.755271961165249905e+01	-2.508902148066125193e+01
5.712271199999999993e+01	-1.158995185733147082e-03	2.754656804730840136e+01	2.754772704249413451e+01	-2.508743456489628798e+01
5.687271199999999993e+01	5.768207215393061915e-03	2.754781302153877220e+01	2.754204481432337914e+01	-2.508801071639999591e+01
5.662271199999999993e+01	1.415869988965567927e-02	2.755043961351259796e+01	2.753628091362294228e+01	-2.509050157978812834e+01
5.637271199999999993e+01	1.313078945625534288e-02	2.754421474236075440e+01	2.753108395290449906e+01	-2.509391276595636810e+01
5.612271199999999993e+01	1.868416622066959576e-02	2.754513075998553262e+01	2.752644659376486302e+01	-2.509788963541598505e+01
5.587271199999999993e+01	3.587460673348630280e-02	2.755776269364001152e+01	2.752188808690652522e+01	-2.510470948203525410e+01
5.562271199999999993e+01	2.119053523707847830e-02	2.753892613231711195e+01	2.751773559708003347e+01	-2.511184262478157336e+01
5.537271199999999993e+01	3.415639485982069345e-02	2.754766625628397492e+01	2.751350986142415422e+01	-2.511876099104368620e+01
