empty
Furnace temperature 	Time	HeatFlow	
/°C	/s	/mW	
64.91	0	0.22	
64.91	1	0.22	
64.99	1	0.22	
65.07	2	0.22	
65.17	3	0.22	
65.27	4	0.22	
65.39	4	0.22	
65.52	5	0.21	
65.67	6	0.21	
65.82	6	0.21	
65.99	7	0.21	
66.16	8	0.21	
66.34	8	0.21	
66.51	9	0.21	
66.68	10	0.20	
66.83	11	0.20	
66.99	11	0.20	
67.13	12	0.19	
67.26	13	0.19	
67.38	13	0.18	
67.49	14	0.18	
67.58	15	0.17	
67.66	15	0.16	
67.73	16	0.16	
67.79	17	0.15	
67.83	18	0.14	
67.87	18	0.13	
67.89	19	0.13	
67.91	20	0.12	
67.92	20	0.11	
67.93	21	0.10	
67.93	22	0.10	
67.93	22	0.09	
67.92	23	0.08	
67.92	24	0.07	
67.91	25	0.07	
67.90	25	0.06	
67.90	26	0.05	
67.89	27	0.04	
67.88	27	0.04	
67.88	28	0.03	
67.88	29	0.03	
67.87	29	0.02	
67.87	30	0.01	
67.87	31	0.01	
67.87	32	0.00	
67.87	32	-0.00	
67.87	33	-0.01	
67.87	34	-0.01	
67.87	34	-0.02	
67.87	35	-0.02	
67.87	36	-0.03	
67.87	36	-0.03	
67.87	37	-0.03	
67.87	38	-0.04	
67.87	39	-0.04	
67.87	39	-0.05	
67.87	40	-0.05	
67.87	41	-0.05	
67.86	41	-0.06	
67.86	42	-0.06	
67.85	43	-0.06	
67.85	43	-0.07	
67.84	44	-0.07	
67.84	45	-0.07	
67.83	46	-0.07	
67.82	46	-0.08	
67.82	47	-0.08	
67.81	48	-0.08	
67.80	48	-0.08	
67.79	49	-0.09	
67.79	50	-0.09	
67.78	50	-0.09	
67.77	51	-0.09	
67.76	52	-0.09	
67.75	53	-0.09	
67.75	53	-0.09	
67.74	54	-0.09	
67.73	55	-0.09	
67.72	55	-0.10	
67.71	56	-0.10	
67.71	57	-0.10	
67.70	57	-0.10	
67.69	58	-0.10	
67.68	59	-0.10	
67.67	60	-0.10	
67.66	60	-0.10	
67.65	61	-0.10	
67.65	62	-0.10	
67.64	62	-0.10	
67.63	63	-0.10	
67.62	64	-0.10	
67.61	64	-0.10	
67.60	65	-0.10	
67.59	66	-0.10	
67.58	67	-0.10	
67.57	67	-0.10	
67.56	68	-0.10	
67.55	69	-0.10	
67.54	69	-0.10	
67.53	70	-0.10	
67.52	71	-0.10	
67.51	71	-0.09	
67.50	72	-0.09	
67.49	73	-0.09	
67.48	74	-0.09	
67.47	74	-0.09	
67.46	75	-0.09	
67.45	76	-0.09	
67.44	76	-0.09	
67.43	77	-0.09	
67.42	78	-0.09	
67.41	78	-0.09	
67.40	79	-0.09	
67.38	80	-0.09	
67.37	81	-0.09	
67.36	81	-0.09	
67.35	82	-0.09	
67.34	83	-0.08	
67.33	83	-0.08	
67.32	84	-0.08	
67.31	85	-0.08	
67.30	85	-0.08	
67.29	86	-0.08	
67.27	87	-0.08	
67.26	88	-0.08	
67.25	88	-0.08	
67.24	89	-0.07	
67.23	90	-0.07	
67.22	90	-0.07	
67.21	91	-0.07	
67.19	92	-0.07	
67.18	92	-0.07	
67.17	93	-0.07	
67.16	94	-0.07	
67.15	95	-0.07	
67.14	95	-0.07	
67.12	96	-0.07	
67.11	97	-0.07	
67.10	97	-0.07	
67.09	98	-0.07	
67.07	99	-0.07	
67.06	99	-0.07	
67.05	100	-0.07	
67.04	101	-0.07	
67.03	102	-0.07	
67.01	102	-0.07	
67.00	103	-0.07	
66.99	104	-0.07	
66.98	104	-0.07	
66.97	105	-0.07	
66.95	106	-0.07	
66.94	106	-0.07	
66.93	107	-0.07	
66.92	108	-0.07	
66.90	109	-0.06	
66.89	109	-0.06	
66.88	110	-0.06	
66.87	111	-0.06	
66.85	111	-0.06	
66.84	112	-0.06	
66.83	113	-0.07	
66.82	113	-0.07	
66.80	114	-0.07	
66.79	115	-0.07	
66.78	116	-0.07	
66.77	116	-0.07	
66.75	117	-0.07	
66.74	118	-0.07	
66.73	118	-0.07	
66.72	119	-0.07	
66.70	120	-0.07	
66.69	120	-0.07	
66.68	121	-0.07	
66.66	122	-0.07	
66.65	123	-0.07	
66.64	123	-0.07	
66.63	124	-0.07	
66.61	125	-0.07	
66.60	125	-0.07	
66.59	126	-0.07	
66.57	127	-0.07	
66.56	127	-0.07	
66.55	128	-0.08	
66.53	129	-0.08	
66.52	130	-0.08	
66.51	130	-0.08	
66.50	131	-0.08	
66.48	132	-0.08	
66.47	132	-0.08	
66.46	133	-0.09	
66.44	134	-0.09	
66.43	134	-0.09	
66.42	135	-0.09	
66.40	136	-0.09	
66.39	137	-0.09	
66.38	137	-0.09	
66.36	138	-0.09	
66.35	139	-0.09	
66.34	139	-0.09	
66.32	140	-0.10	
66.31	141	-0.10	
66.30	141	-0.10	
66.28	142	-0.10	
66.27	143	-0.10	
66.26	144	-0.10	
66.24	144	-0.10	
66.23	145	-0.10	
66.22	146	-0.11	
66.20	146	-0.11	
66.19	147	-0.11	
66.18	148	-0.11	
66.16	148	-0.11	
66.15	149	-0.11	
66.14	150	-0.12	
66.12	151	-0.12	
66.11	151	-0.12	
66.10	152	-0.12	
66.08	153	-0.12	
66.07	153	-0.13	
66.06	154	-0.13	
66.04	155	-0.13	
66.03	155	-0.13	
66.02	156	-0.13	
66.00	157	-0.13	
65.99	158	-0.14	
65.98	158	-0.14	
65.96	159	-0.14	
65.95	160	-0.14	
65.94	160	-0.14	
65.92	161	-0.14	
65.91	162	-0.15	
65.89	162	-0.15	
65.90	163	-0.15	
65.90	164	-0.15	
65.91	165	-0.15	
65.91	165	-0.16	
65.91	166	-0.16	
65.91	167	-0.16	
65.91	167	-0.16	
65.90	168	-0.17	
65.90	169	-0.17	
65.89	169	-0.17	
65.88	170	-0.17	
65.87	171	-0.17	
65.86	172	-0.17	
65.84	172	-0.18	
65.83	173	-0.18	
65.81	174	-0.18	
65.80	174	-0.18	
65.78	175	-0.18	
65.76	176	-0.18	
65.74	176	-0.19	
65.73	177	-0.19	
65.71	178	-0.19	
65.69	179	-0.19	
65.68	179	-0.19	
65.66	180	-0.20	
65.65	181	-0.20	
65.63	181	-0.20	
65.62	182	-0.20	
65.60	183	-0.21	
65.59	183	-0.21	
65.58	184	-0.21	
65.57	185	-0.21	
65.56	186	-0.21	
65.55	186	-0.22	
65.54	187	-0.22	
65.53	188	-0.22	
65.51	188	-0.22	
65.50	189	-0.22	
65.49	190	-0.23	
65.48	190	-0.23	
65.47	191	-0.23	
65.46	192	-0.23	
65.45	193	-0.23	
65.43	193	-0.24	
65.42	194	-0.24	
65.41	195	-0.24	
65.39	195	-0.24	
65.38	196	-0.24	
65.36	197	-0.24	
65.35	197	-0.25	
65.34	198	-0.25	
65.32	199	-0.25	
65.31	200	-0.25	
65.29	200	-0.26	
65.28	201	-0.26	
65.27	202	-0.26	
65.25	202	-0.26	
65.24	203	-0.26	
65.22	204	-0.27	
65.21	204	-0.27	
65.20	205	-0.27	
65.18	206	-0.27	
65.17	207	-0.28	
65.15	207	-0.28	
65.14	208	-0.28	
65.13	209	-0.28	
65.11	209	-0.28	
65.10	210	-0.29	
65.09	211	-0.29	
65.07	211	-0.29	
65.06	212	-0.29	
65.05	213	-0.29	
65.03	214	-0.29	
65.02	214	-0.29	
65.01	215	-0.30	
64.99	216	-0.30	
64.98	216	-0.30	
64.96	217	-0.30	
64.95	218	-0.30	
64.94	218	-0.31	
64.92	219	-0.31	
64.91	220	-0.31	
64.89	221	-0.31	
64.88	221	-0.32	
64.87	222	-0.32	
64.85	223	-0.32	
64.84	223	-0.32	
64.82	224	-0.32	
64.81	225	-0.33	
64.80	225	-0.33	
64.78	226	-0.33	
64.77	227	-0.33	
64.75	228	-0.34	
64.74	228	-0.34	
64.72	229	-0.34	
64.71	230	-0.34	
64.70	230	-0.34	
64.68	231	-0.34	
64.67	232	-0.34	
64.65	232	-0.35	
64.64	233	-0.35	
64.62	234	-0.35	
64.61	235	-0.35	
64.60	235	-0.35	
64.58	236	-0.36	
64.57	237	-0.36	
64.55	237	-0.36	
64.54	238	-0.36	
64.53	239	-0.36	
64.51	239	-0.36	
64.50	240	-0.36	
64.48	241	-0.37	
64.47	242	-0.37	
64.46	242	-0.37	
64.44	243	-0.37	
64.43	244	-0.37	
64.41	244	-0.37	
64.40	245	-0.38	
64.38	246	-0.38	
64.37	246	-0.38	
64.35	247	-0.38	
64.34	248	-0.38	
64.32	249	-0.39	
64.31	249	-0.39	
64.30	250	-0.39	
64.28	251	-0.39	
64.27	251	-0.39	
64.25	252	-0.39	
64.24	253	-0.40	
64.22	253	-0.40	
64.21	254	-0.40	
64.19	255	-0.40	
64.18	256	-0.41	
64.17	256	-0.41	
64.15	257	-0.41	
64.14	258	-0.41	
64.12	258	-0.41	
64.11	259	-0.42	
64.09	260	-0.42	
64.08	260	-0.42	
64.07	261	-0.42	
64.05	262	-0.42	
64.04	263	-0.42	
64.02	263	-0.42	
64.01	264	-0.42	
63.99	265	-0.43	
63.98	265	-0.43	
63.96	266	-0.43	
63.95	267	-0.43	
63.94	267	-0.43	
63.92	268	-0.43	
63.91	269	-0.43	
63.89	270	-0.43	
63.88	270	-0.43	
63.86	271	-0.44	
63.85	272	-0.44	
63.83	272	-0.44	
63.82	273	-0.44	
63.80	274	-0.44	
63.79	274	-0.44	
63.78	275	-0.45	
63.76	276	-0.45	
63.75	277	-0.45	
63.73	277	-0.45	
63.72	278	-0.45	
63.70	279	-0.45	
63.69	279	-0.46	
63.67	280	-0.46	
63.66	281	-0.46	
63.64	281	-0.46	
63.63	282	-0.46	
63.62	283	-0.46	
63.60	284	-0.47	
63.59	284	-0.47	
63.57	285	-0.47	
63.56	286	-0.47	
63.54	286	-0.47	
63.53	287	-0.47	
63.51	288	-0.47	
63.50	288	-0.47	
63.49	289	-0.48	
63.47	290	-0.48	
63.46	291	-0.48	
63.44	291	-0.48	
63.43	292	-0.48	
63.41	293	-0.48	
63.40	293	-0.48	
63.38	294	-0.48	
63.37	295	-0.49	
63.35	295	-0.49	
63.34	296	-0.49	
63.32	297	-0.49	
63.31	298	-0.49	
63.30	298	-0.49	
63.28	299	-0.50	
63.27	300	-0.50	
63.25	300	-0.50	
63.24	301	-0.50	
63.22	302	-0.50	
63.21	302	-0.50	
63.19	303	-0.50	
63.18	304	-0.50	
63.16	305	-0.51	
63.15	305	-0.51	
63.14	306	-0.51	
63.12	307	-0.51	
63.11	307	-0.51	
63.09	308	-0.51	
63.08	309	-0.51	
63.06	309	-0.51	
63.05	310	-0.52	
63.03	311	-0.52	
63.02	312	-0.52	
63.00	312	-0.52	
62.99	313	-0.52	
62.98	314	-0.52	
62.96	314	-0.52	
62.95	315	-0.52	
62.93	316	-0.52	
62.92	316	-0.52	
62.90	317	-0.53	
62.89	318	-0.53	
62.87	319	-0.53	
62.86	319	-0.53	
62.84	320	-0.53	
62.83	321	-0.53	
62.81	321	-0.53	
62.80	322	-0.53	
62.79	323	-0.54	
62.77	323	-0.54	
62.76	324	-0.54	
62.74	325	-0.54	
62.73	326	-0.54	
62.71	326	-0.54	
62.70	327	-0.54	
62.68	328	-0.55	
62.67	328	-0.55	
62.65	329	-0.55	
62.64	330	-0.55	
62.63	330	-0.55	
62.61	331	-0.55	
62.60	332	-0.56	
62.58	333	-0.56	
62.57	333	-0.56	
62.55	334	-0.56	
62.54	335	-0.56	
62.52	335	-0.56	
62.51	336	-0.56	
62.49	337	-0.56	
62.48	337	-0.56	
62.47	338	-0.56	
62.45	339	-0.56	
62.44	340	-0.57	
62.42	340	-0.57	
62.41	341	-0.57	
62.39	342	-0.57	
62.38	342	-0.57	
62.36	343	-0.57	
62.35	344	-0.57	
62.33	344	-0.57	
62.32	345	-0.57	
62.31	346	-0.57	
62.29	347	-0.57	
62.28	347	-0.57	
62.26	348	-0.58	
62.25	349	-0.58	
62.23	349	-0.58	
62.22	350	-0.58	
62.20	351	-0.58	
62.19	351	-0.58	
62.17	352	-0.58	
62.16	353	-0.58	
62.15	354	-0.58	
62.13	354	-0.59	
62.12	355	-0.59	
62.10	356	-0.59	
62.09	356	-0.59	
62.07	357	-0.59	
62.06	358	-0.59	
62.04	358	-0.59	
62.03	359	-0.59	
62.01	360	-0.59	
62.00	361	-0.59	
61.99	361	-0.59	
61.97	362	-0.59	
61.96	363	-0.59	
61.94	363	-0.59	
61.93	364	-0.59	
61.91	365	-0.59	
61.90	365	-0.59	
61.88	366	-0.59	
61.87	367	-0.59	
61.85	368	-0.60	
61.84	368	-0.60	
61.83	369	-0.60	
61.81	370	-0.60	
61.80	370	-0.60	
61.78	371	-0.60	
61.77	372	-0.60	
61.75	372	-0.60	
61.74	373	-0.60	
61.72	374	-0.60	
61.71	375	-0.60	
61.70	375	-0.60	
61.68	376	-0.61	
61.67	377	-0.61	
61.65	377	-0.61	
61.64	378	-0.61	
61.62	379	-0.61	
61.61	379	-0.61	
61.59	380	-0.61	
61.58	381	-0.61	
61.56	382	-0.61	
61.55	382	-0.61	
61.54	383	-0.61	
61.52	384	-0.61	
61.51	384	-0.62	
61.49	385	-0.62	
61.48	386	-0.62	
61.46	386	-0.62	
61.45	387	-0.62	
61.43	388	-0.62	
61.42	389	-0.62	
61.41	389	-0.62	
61.39	390	-0.62	
61.38	391	-0.62	
61.36	391	-0.62	
61.35	392	-0.62	
61.33	393	-0.62	
61.32	393	-0.62	
61.30	394	-0.63	
61.29	395	-0.63	
61.28	396	-0.63	
61.26	396	-0.63	
61.25	397	-0.63	
61.23	398	-0.63	
61.22	398	-0.63	
61.20	399	-0.63	
61.19	400	-0.63	
61.17	400	-0.63	
61.16	401	-0.63	
61.15	402	-0.63	
61.13	403	-0.63	
61.12	403	-0.63	
61.10	404	-0.63	
61.09	405	-0.63	
61.07	405	-0.63	
61.06	406	-0.63	
61.04	407	-0.63	
61.03	407	-0.64	
61.01	408	-0.64	
61.00	409	-0.64	
60.99	410	-0.64	
60.97	410	-0.64	
60.96	411	-0.64	
60.94	412	-0.64	
60.93	412	-0.64	
60.91	413	-0.64	
60.90	414	-0.64	
60.89	414	-0.64	
60.87	415	-0.64	
60.86	416	-0.64	
60.84	417	-0.64	
60.83	417	-0.64	
60.81	418	-0.64	
60.80	419	-0.64	
60.78	419	-0.64	
60.77	420	-0.64	
60.76	421	-0.64	
60.74	421	-0.64	
60.73	422	-0.64	
60.71	423	-0.64	
60.70	424	-0.64	
60.68	424	-0.64	
60.67	425	-0.64	
60.65	426	-0.64	
60.64	426	-0.65	
60.63	427	-0.65	
60.61	428	-0.65	
60.60	428	-0.65	
60.58	429	-0.65	
60.57	430	-0.65	
60.55	431	-0.65	
60.54	431	-0.65	
60.52	432	-0.65	
60.51	433	-0.65	
60.50	433	-0.65	
60.48	434	-0.65	
60.47	435	-0.65	
60.45	435	-0.65	
60.44	436	-0.65	
60.42	437	-0.65	
60.41	438	-0.65	
60.39	438	-0.65	
60.38	439	-0.65	
60.37	440	-0.65	
60.35	440	-0.65	
60.34	441	-0.65	
60.32	442	-0.65	
60.31	442	-0.65	
60.29	443	-0.66	
60.28	444	-0.66	
60.27	445	-0.66	
60.25	445	-0.65	
60.24	446	-0.65	
60.22	447	-0.65	
60.21	447	-0.66	
60.19	448	-0.66	
60.18	449	-0.66	
60.16	449	-0.66	
60.15	450	-0.66	
60.14	451	-0.66	
60.12	452	-0.66	
60.11	452	-0.66	
60.09	453	-0.66	
60.08	454	-0.66	
60.06	454	-0.66	
60.05	455	-0.66	
60.04	456	-0.66	
60.02	456	-0.66	
60.01	457	-0.66	
59.99	458	-0.66	
59.98	459	-0.66	
59.96	459	-0.66	
59.95	460	-0.66	
59.93	461	-0.66	
59.92	461	-0.66	
59.90	462	-0.66	
59.89	463	-0.66	
59.88	463	-0.66	
59.86	464	-0.66	
59.85	465	-0.66	
59.83	466	-0.66	
59.82	466	-0.66	
59.81	467	-0.67	
59.79	468	-0.67	
59.78	468	-0.67	
59.76	469	-0.67	
59.75	470	-0.66	
59.73	470	-0.66	
59.72	471	-0.67	
59.70	472	-0.67	
59.69	473	-0.67	
59.68	473	-0.67	
59.66	474	-0.67	
59.65	475	-0.67	
59.63	475	-0.67	
59.62	476	-0.67	
59.60	477	-0.67	
59.59	477	-0.67	
59.57	478	-0.67	
59.56	479	-0.67	
59.55	480	-0.67	
59.53	480	-0.67	
59.52	481	-0.67	
59.50	482	-0.67	
59.49	482	-0.67	
59.47	483	-0.67	
59.46	484	-0.67	
59.45	484	-0.67	
59.43	485	-0.67	
59.42	486	-0.67	
59.40	487	-0.67	
59.39	487	-0.67	
59.37	488	-0.67	
59.36	489	-0.67	
59.35	489	-0.67	
59.33	490	-0.67	
59.32	491	-0.67	
59.30	491	-0.67	
59.29	492	-0.67	
59.27	493	-0.67	
59.26	494	-0.67	
59.25	494	-0.67	
59.23	495	-0.67	
59.22	496	-0.67	
59.20	496	-0.67	
59.19	497	-0.67	
59.17	498	-0.67	
59.16	498	-0.67	
59.14	499	-0.67	
59.13	500	-0.67	
59.12	501	-0.67	
59.10	501	-0.67	
59.09	502	-0.67	
59.07	503	-0.67	
59.06	503	-0.67	
59.05	504	-0.67	
59.03	505	-0.67	
59.02	505	-0.67	
59.00	506	-0.67	
58.99	507	-0.67	
58.97	508	-0.67	
58.96	508	-0.67	
58.95	509	-0.67	
58.93	510	-0.67	
58.92	510	-0.67	
58.90	511	-0.67	
58.89	512	-0.67	
58.87	512	-0.67	
58.86	513	-0.67	
58.85	514	-0.67	
58.83	515	-0.67	
58.82	515	-0.67	
58.80	516	-0.67	
58.79	517	-0.67	
58.77	517	-0.67	
58.76	518	-0.67	
58.74	519	-0.68	
58.73	519	-0.68	
58.72	520	-0.68	
58.70	521	-0.68	
58.69	522	-0.68	
58.67	522	-0.68	
58.66	523	-0.67	
58.64	524	-0.67	
58.63	524	-0.67	
58.62	525	-0.67	
58.60	526	-0.67	
58.59	526	-0.67	
58.57	527	-0.67	
58.56	528	-0.67	
58.54	529	-0.67	
58.53	529	-0.67	
58.52	530	-0.67	
58.50	531	-0.67	
58.49	531	-0.67	
58.47	532	-0.67	
58.46	533	-0.67	
58.44	533	-0.67	
58.43	534	-0.67	
58.42	535	-0.67	
58.40	536	-0.67	
58.39	536	-0.67	
58.37	537	-0.67	
58.36	538	-0.67	
58.34	538	-0.67	
58.33	539	-0.67	
58.32	540	-0.67	
58.30	540	-0.68	
58.29	541	-0.68	
58.27	542	-0.68	
58.26	543	-0.68	
58.24	543	-0.68	
58.23	544	-0.68	
58.22	545	-0.68	
58.20	545	-0.68	
58.19	546	-0.68	
58.17	547	-0.68	
58.16	547	-0.67	
58.14	548	-0.68	
58.13	549	-0.68	
58.12	550	-0.68	
58.10	550	-0.68	
58.09	551	-0.68	
58.07	552	-0.68	
58.06	552	-0.68	
58.04	553	-0.68	
58.03	554	-0.68	
58.02	554	-0.68	
58.00	555	-0.68	
57.99	556	-0.68	
57.97	557	-0.68	
57.96	557	-0.68	
57.94	558	-0.68	
57.93	559	-0.67	
57.92	559	-0.67	
57.90	560	-0.67	
57.89	561	-0.67	
57.87	561	-0.67	
57.86	562	-0.67	
57.84	563	-0.67	
57.83	564	-0.67	
57.82	564	-0.67	
57.80	565	-0.67	
57.79	566	-0.67	
57.77	566	-0.67	
57.76	567	-0.67	
57.74	568	-0.67	
57.73	568	-0.67	
57.72	569	-0.67	
57.70	570	-0.67	
57.69	571	-0.67	
57.67	571	-0.67	
57.66	572	-0.67	
57.65	573	-0.67	
57.63	573	-0.67	
57.62	574	-0.68	
57.60	575	-0.68	
57.59	575	-0.68	
57.57	576	-0.68	
57.56	577	-0.68	
57.55	578	-0.68	
57.53	578	-0.68	
57.52	579	-0.68	
57.50	580	-0.68	
57.49	580	-0.68	
57.47	581	-0.68	
57.46	582	-0.68	
57.44	582	-0.68	
57.43	583	-0.68	
57.42	584	-0.68	
57.40	585	-0.68	
57.39	585	-0.68	
57.37	586	-0.68	
57.36	587	-0.68	
57.35	587	-0.68	
57.33	588	-0.68	
57.32	589	-0.68	
57.30	589	-0.68	
57.29	590	-0.68	
57.27	591	-0.68	
57.26	592	-0.68	
57.25	592	-0.68	
57.23	593	-0.68	
57.22	594	-0.68	
57.20	594	-0.68	
57.19	595	-0.68	
57.17	596	-0.68	
57.16	596	-0.68	
57.15	597	-0.68	
57.13	598	-0.68	
57.12	599	-0.68	
57.10	599	-0.68	
57.09	600	-0.68	
57.07	601	-0.68	
57.06	601	-0.68	
57.05	602	-0.68	
57.03	603	-0.68	
57.02	603	-0.68	
57.00	604	-0.68	
56.99	605	-0.68	
56.97	606	-0.68	
56.96	606	-0.68	
56.95	607	-0.68	
56.93	608	-0.68	
56.92	608	-0.68	
56.90	609	-0.68	
56.89	610	-0.68	
56.87	610	-0.68	
56.86	611	-0.68	
56.85	612	-0.68	
56.83	613	-0.68	
56.82	613	-0.68	
56.80	614	-0.68	
56.79	615	-0.68	
56.78	615	-0.68	
56.76	616	-0.68	
56.75	617	-0.68	
56.73	617	-0.68	
56.72	618	-0.68	
56.70	619	-0.68	
56.69	620	-0.68	
56.68	620	-0.68	
56.66	621	-0.68	
56.65	622	-0.68	
56.63	622	-0.68	
56.62	623	-0.68	
56.60	624	-0.68	
56.59	624	-0.68	
56.58	625	-0.68	
56.56	626	-0.68	
56.55	627	-0.68	
56.53	627	-0.68	
56.52	628	-0.68	
56.50	629	-0.68	
56.49	629	-0.68	
56.48	630	-0.68	
56.46	631	-0.68	
56.45	631	-0.68	
56.43	632	-0.68	
56.42	633	-0.68	
56.41	634	-0.68	
56.39	634	-0.68	
56.38	635	-0.68	
56.36	636	-0.68	
56.35	636	-0.68	
56.34	637	-0.68	
56.32	638	-0.68	
56.31	638	-0.68	
56.29	639	-0.68	
56.28	640	-0.68	
56.26	641	-0.68	
56.25	641	-0.68	
56.24	642	-0.68	
56.22	643	-0.68	
56.21	643	-0.68	
56.19	644	-0.68	
56.18	645	-0.68	
56.16	645	-0.68	
56.15	646	-0.68	
56.13	647	-0.68	
56.12	648	-0.68	
56.11	648	-0.68	
56.09	649	-0.68	
56.08	650	-0.68	
56.06	650	-0.68	
56.05	651	-0.68	
56.03	652	-0.68	
56.02	652	-0.68	
56.01	653	-0.68	
55.99	654	-0.68	
55.98	655	-0.68	
55.96	655	-0.68	
55.95	656	-0.68	
55.94	657	-0.68	
55.92	657	-0.68	
55.91	658	-0.68	
55.89	659	-0.68	
55.88	659	-0.68	
55.86	660	-0.68	
55.85	661	-0.68	
55.84	662	-0.68	
55.82	662	-0.68	
55.81	663	-0.68	
55.79	664	-0.68	
55.78	664	-0.68	
55.76	665	-0.68	
55.75	666	-0.68	
55.74	666	-0.68	
55.72	667	-0.68	
55.71	668	-0.68	
55.69	669	-0.68	
55.68	669	-0.68	
55.67	670	-0.68	
55.65	671	-0.68	
55.64	671	-0.68	
55.62	672	-0.68	
55.61	673	-0.68	
55.59	673	-0.68	
55.58	674	-0.68	
55.57	675	-0.68	
55.55	676	-0.68	
55.54	676	-0.68	
55.52	677	-0.68	
55.51	678	-0.68	
55.50	678	-0.69	
55.48	679	-0.69	
55.47	680	-0.69	
55.45	680	-0.69	
55.44	681	-0.69	
55.42	682	-0.69	
55.41	683	-0.68	
55.40	683	-0.68	
55.38	684	-0.68	
55.37	685	-0.68	
55.35	685	-0.68	
55.34	686	-0.68	
55.32	687	-0.68	
55.31	687	-0.68	
55.30	688	-0.68	
55.28	689	-0.68	
55.27	690	-0.68	
55.25	690	-0.68	
55.24	691	-0.68	
55.22	692	-0.68	
55.21	692	-0.68	
55.20	693	-0.68	
55.18	694	-0.68	
55.17	694	-0.68	
55.15	695	-0.68	
55.14	696	-0.68	
55.13	697	-0.68	
55.11	697	-0.68	
55.10	698	-0.68	
55.08	699	-0.68	
55.07	699	-0.68	
55.05	700	-0.68	
55.04	701	-0.69	
55.03	701	-0.69	
55.01	702	-0.69	
55.00	703	-0.69	
54.98	704	-0.69	
54.97	704	-0.68	
54.96	705	-0.68	
54.94	706	-0.68	
54.93	706	-0.68	
54.91	707	-0.68	
54.90	708	-0.68	
54.88	708	-0.68	
54.87	709	-0.68	
54.86	710	-0.68	
54.84	711	-0.68	
54.83	711	-0.68	
54.81	712	-0.68	
54.80	713	-0.68	
54.78	713	-0.68	
54.77	714	-0.68	
54.76	715	-0.68	
54.74	715	-0.68	
54.73	716	-0.68	
54.71	717	-0.68	
54.70	718	-0.68	
54.69	718	-0.68	
54.67	719	-0.68	
54.66	720	-0.69	
54.64	720	-0.69	
54.63	721	-0.69	
54.61	722	-0.68	
54.60	722	-0.68	
54.59	723	-0.68	
54.57	724	-0.68	
54.56	725	-0.69	
54.54	725	-0.69	
54.53	726	-0.69	
54.52	727	-0.69	
54.50	727	-0.69	
54.49	728	-0.69	
54.47	729	-0.69	
54.46	729	-0.69	
54.44	730	-0.69	
54.43	731	-0.69	
54.42	732	-0.69	
54.40	732	-0.69	
54.39	733	-0.69	
54.37	734	-0.69	
54.36	734	-0.69	
54.34	735	-0.69	
54.33	736	-0.69	
54.32	736	-0.68	
54.30	737	-0.68	
54.29	738	-0.68	
54.27	739	-0.68	
54.26	739	-0.68	
54.24	740	-0.69	
54.23	741	-0.69	
54.22	741	-0.69	
54.20	742	-0.69	
54.19	743	-0.69	
54.17	743	-0.69	
54.16	744	-0.69	
54.15	745	-0.69	
54.13	746	-0.69	
54.12	746	-0.69	
54.10	747	-0.69	
54.09	748	-0.69	
54.08	748	-0.69	
54.06	749	-0.69	
54.05	750	-0.69	
54.03	750	-0.69	
54.02	751	-0.69	
54.00	752	-0.69	
53.99	753	-0.69	
53.98	753	-0.69	
53.96	754	-0.69	
53.95	755	-0.69	
53.93	755	-0.69	
53.92	756	-0.69	
53.90	757	-0.69	
53.89	757	-0.68	
53.88	758	-0.68	
53.86	759	-0.68	
53.85	760	-0.68	
53.83	760	-0.68	
53.82	761	-0.68	
53.81	762	-0.68	
53.79	762	-0.68	
53.78	763	-0.68	
53.76	764	-0.68	
53.75	764	-0.68	
53.74	765	-0.69	
53.72	766	-0.69	
53.71	767	-0.69	
53.69	767	-0.69	
53.68	768	-0.69	
53.66	769	-0.69	
53.65	769	-0.69	
53.64	770	-0.69	
53.62	771	-0.69	
53.61	771	-0.69	
53.59	772	-0.69	
53.58	773	-0.69	
53.56	774	-0.69	
53.55	774	-0.69	
53.53	775	-0.69	
53.52	776	-0.69	
53.51	776	-0.69	
53.49	777	-0.69	
53.48	778	-0.69	
53.46	778	-0.69	
53.45	779	-0.69	
53.44	780	-0.69	
53.42	781	-0.69	
53.41	781	-0.69	
53.39	782	-0.69	
53.38	783	-0.69	
53.37	783	-0.69	
53.35	784	-0.69	
53.34	785	-0.69	
53.32	785	-0.69	
53.31	786	-0.69	
53.30	787	-0.69	
53.28	788	-0.69	
53.27	788	-0.69	
53.25	789	-0.69	
53.24	790	-0.69	
53.22	790	-0.69	
53.21	791	-0.69	
53.20	792	-0.69	
53.18	792	-0.69	
53.17	793	-0.69	
53.15	794	-0.69	
53.14	795	-0.69	
53.12	795	-0.69	
53.11	796	-0.69	
53.10	797	-0.69	
53.08	797	-0.69	
53.07	798	-0.69	
53.05	799	-0.69	
53.04	799	-0.69	
53.02	800	-0.69	
53.01	801	-0.69	
53.00	802	-0.69	
52.98	802	-0.69	
52.97	803	-0.69	
52.95	804	-0.69	
52.94	804	-0.69	
52.93	805	-0.69	
52.91	806	-0.69	
52.90	806	-0.69	
52.88	807	-0.69	
52.87	808	-0.69	
52.86	809	-0.69	
52.84	809	-0.69	
52.83	810	-0.69	
52.81	811	-0.69	
52.80	811	-0.69	
52.78	812	-0.69	
52.77	813	-0.69	
52.75	813	-0.69	
52.74	814	-0.69	
52.73	815	-0.69	
52.71	816	-0.69	
52.70	816	-0.69	
52.68	817	-0.69	
52.67	818	-0.69	
52.66	818	-0.69	
52.64	819	-0.69	
52.63	820	-0.69	
52.61	820	-0.69	
52.60	821	-0.69	
52.59	822	-0.69	
52.57	823	-0.69	
52.56	823	-0.69	
52.54	824	-0.70	
52.53	825	-0.70	
52.51	825	-0.70	
52.50	826	-0.70	
52.49	827	-0.70	
52.47	827	-0.70	
52.46	828	-0.70	
52.44	829	-0.70	
52.43	830	-0.70	
52.42	830	-0.70	
52.40	831	-0.70	
52.39	832	-0.70	
52.37	832	-0.70	
52.36	833	-0.70	
52.34	834	-0.69	
52.33	834	-0.69	
52.32	835	-0.69	
52.30	836	-0.69	
52.29	837	-0.69	
52.27	837	-0.69	
52.26	838	-0.69	
52.24	839	-0.70	
52.23	839	-0.70	
52.22	840	-0.70	
52.20	841	-0.69	
52.19	841	-0.69	
52.17	842	-0.69	
52.16	843	-0.69	
52.14	844	-0.69	
52.13	844	-0.69	
52.12	845	-0.69	
52.10	846	-0.69	
52.09	846	-0.69	
52.07	847	-0.69	
52.06	848	-0.69	
52.05	848	-0.69	
52.03	849	-0.69	
52.02	850	-0.69	
52.00	851	-0.69	
51.99	851	-0.69	
51.98	852	-0.69	
51.96	853	-0.69	
51.95	853	-0.69	
51.93	854	-0.69	
51.92	855	-0.69	
51.90	855	-0.69	
51.89	856	-0.69	
51.88	857	-0.69	
51.86	858	-0.69	
51.85	858	-0.69	
51.83	859	-0.69	
51.82	860	-0.69	
51.81	860	-0.69	
51.79	861	-0.69	
51.78	862	-0.69	
51.76	862	-0.69	
51.75	863	-0.70	
51.73	864	-0.69	
51.72	865	-0.69	
51.71	865	-0.69	
51.69	866	-0.70	
51.68	867	-0.70	
51.66	867	-0.70	
51.65	868	-0.70	
51.63	869	-0.70	
51.62	869	-0.70	
51.61	870	-0.70	
51.59	871	-0.70	
51.58	872	-0.70	
51.56	872	-0.70	
51.55	873	-0.70	
51.54	874	-0.70	
51.52	874	-0.70	
51.51	875	-0.70	
51.49	876	-0.70	
51.48	876	-0.70	
51.47	877	-0.70	
51.45	878	-0.70	
51.44	879	-0.70	
51.42	879	-0.70	
51.41	880	-0.70	
51.39	881	-0.70	
51.38	881	-0.70	
51.37	882	-0.70	
51.35	883	-0.70	
51.34	883	-0.70	
51.32	884	-0.69	
51.31	885	-0.69	
51.29	886	-0.69	
51.28	886	-0.70	
51.27	887	-0.70	
51.25	888	-0.70	
51.24	888	-0.70	
51.22	889	-0.70	
51.21	890	-0.70	
51.20	890	-0.70	
51.18	891	-0.70	
51.17	892	-0.70	
51.15	893	-0.70	
51.14	893	-0.70	
51.13	894	-0.70	
51.11	895	-0.70	
51.10	895	-0.70	
51.08	896	-0.70	
51.07	897	-0.70	
51.05	897	-0.70	
51.04	898	-0.70	
51.03	899	-0.70	
51.01	900	-0.70	
51.00	900	-0.70	
50.98	901	-0.70	
50.97	902	-0.70	
50.95	902	-0.70	
50.94	903	-0.70	
50.93	904	-0.70	
50.91	904	-0.70	
50.90	905	-0.70	
50.88	906	-0.70	
50.87	907	-0.70	
50.86	907	-0.70	
50.84	908	-0.70	
50.83	909	-0.70	
50.81	909	-0.70	
50.80	910	-0.70	
50.78	911	-0.70	
50.77	911	-0.70	
50.76	912	-0.70	
50.74	913	-0.70	
50.73	914	-0.70	
50.71	914	-0.70	
50.70	915	-0.70	
50.69	916	-0.70	
50.67	916	-0.70	
50.66	917	-0.70	
50.64	918	-0.70	
50.63	918	-0.70	
50.62	919	-0.70	
50.60	920	-0.70	
50.59	921	-0.70	
50.57	921	-0.70	
50.56	922	-0.70	
50.54	923	-0.70	
50.53	923	-0.70	
50.52	924	-0.70	
50.50	925	-0.70	
50.49	925	-0.70	
50.47	926	-0.70	
50.46	927	-0.70	
50.44	928	-0.70	
50.43	928	-0.70	
50.42	929	-0.70	
50.40	930	-0.70	
50.39	930	-0.70	
50.37	931	-0.70	
50.36	932	-0.70	
50.34	932	-0.70	
50.33	933	-0.70	
50.32	934	-0.70	
50.30	935	-0.70	
50.29	935	-0.70	
50.27	936	-0.70	
50.26	937	-0.70	
50.25	937	-0.70	
50.23	938	-0.70	
50.22	939	-0.70	
50.20	939	-0.70	
50.19	940	-0.70	
50.18	941	-0.70	
50.16	942	-0.71	
50.15	942	-0.71	
50.13	943	-0.71	
50.12	944	-0.71	
50.11	944	-0.71	
50.09	945	-0.71	
50.08	946	-0.71	
50.06	946	-0.70	
50.05	947	-0.70	
50.03	948	-0.70	
50.02	949	-0.70	
50.01	949	-0.70	
49.99	950	-0.70	
49.98	951	-0.70	
49.96	951	-0.70	
49.95	952	-0.70	
49.93	953	-0.70	
49.92	953	-0.70	
49.91	954	-0.70	
49.89	955	-0.70	
49.88	956	-0.71	
49.86	956	-0.71	
49.85	957	-0.71	
49.83	958	-0.71	
49.82	958	-0.71	
49.81	959	-0.71	
49.79	960	-0.71	
49.78	960	-0.70	
49.76	961	-0.71	
49.75	962	-0.71	
49.74	963	-0.71	
49.72	963	-0.71	
49.71	964	-0.71	
49.69	965	-0.71	
49.68	965	-0.71	
49.66	966	-0.71	
49.65	967	-0.71	
49.64	967	-0.71	
49.62	968	-0.71	
49.61	969	-0.71	
49.59	970	-0.71	
49.58	970	-0.71	
49.57	971	-0.71	
49.55	972	-0.71	
49.54	972	-0.71	
49.52	973	-0.71	
49.51	974	-0.71	
49.49	974	-0.71	
49.48	975	-0.71	
49.47	976	-0.71	
49.45	977	-0.71	
49.44	977	-0.71	
49.42	978	-0.71	
49.41	979	-0.71	
49.40	979	-0.71	
49.38	980	-0.71	
49.37	981	-0.71	
49.35	981	-0.71	
49.34	982	-0.71	
49.32	983	-0.71	
49.31	984	-0.71	
49.30	984	-0.71	
49.28	985	-0.71	
49.27	986	-0.71	
49.25	986	-0.71	
49.24	987	-0.71	
49.23	988	-0.71	
49.21	988	-0.71	
49.20	989	-0.71	
49.18	990	-0.71	
49.17	991	-0.71	
49.15	991	-0.71	
49.14	992	-0.71	
49.13	993	-0.71	
49.11	993	-0.71	
49.10	994	-0.71	
49.08	995	-0.71	
49.07	995	-0.71	
49.05	996	-0.71	
49.04	997	-0.71	
49.03	998	-0.71	
49.01	998	-0.71	
49.00	999	-0.71	
48.98	1000	-0.71	
48.97	1000	-0.71	
48.96	1001	-0.71	
48.94	1002	-0.71	
48.93	1002	-0.71	
48.91	1003	-0.71	
48.90	1004	-0.71	
48.89	1005	-0.71	
48.87	1005	-0.71	
48.86	1006	-0.71	
48.84	1007	-0.71	
48.83	1007	-0.71	
48.81	1008	-0.71	
48.80	1009	-0.71	
48.79	1009	-0.71	
48.77	1010	-0.71	
48.76	1011	-0.71	
48.74	1012	-0.71	
48.73	1012	-0.71	
48.71	1013	-0.71	
48.70	1014	-0.71	
48.69	1014	-0.71	
48.67	1015	-0.71	
48.66	1016	-0.71	
48.64	1016	-0.71	
48.63	1017	-0.71	
48.61	1018	-0.71	
48.60	1019	-0.71	
48.59	1019	-0.71	
48.57	1020	-0.71	
48.56	1021	-0.71	
48.54	1021	-0.71	
48.53	1022	-0.71	
48.52	1023	-0.71	
48.50	1023	-0.71	
48.49	1024	-0.72	
48.47	1025	-0.72	
48.46	1026	-0.72	
48.45	1026	-0.72	
48.43	1027	-0.72	
48.42	1028	-0.72	
48.40	1028	-0.72	
48.39	1029	-0.72	
48.37	1030	-0.72	
48.36	1030	-0.72	
48.35	1031	-0.72	
48.33	1032	-0.72	
48.32	1033	-0.72	
48.30	1033	-0.72	
48.29	1034	-0.72	
48.28	1035	-0.72	
48.26	1035	-0.72	
48.25	1036	-0.72	
48.23	1037	-0.72	
48.22	1037	-0.72	
48.20	1038	-0.72	
48.19	1039	-0.72	
48.18	1040	-0.72	
48.16	1040	-0.72	
48.15	1041	-0.72	
48.13	1042	-0.72	
48.12	1042	-0.72	
48.10	1043	-0.72	
48.09	1044	-0.72	
48.08	1044	-0.72	
48.06	1045	-0.72	
48.05	1046	-0.72	
48.03	1047	-0.72	
48.02	1047	-0.72	
48.01	1048	-0.72	
47.99	1049	-0.72	
47.98	1049	-0.72	
47.96	1050	-0.72	
47.95	1051	-0.72	
47.94	1051	-0.71	
47.92	1052	-0.72	
47.91	1053	-0.72	
47.89	1054	-0.72	
47.88	1054	-0.72	
47.86	1055	-0.72	
47.85	1056	-0.72	
47.84	1056	-0.72	
47.82	1057	-0.72	
47.81	1058	-0.72	
47.79	1058	-0.72	
47.78	1059	-0.72	
47.77	1060	-0.72	
47.75	1061	-0.72	
47.74	1061	-0.72	
47.72	1062	-0.72	
47.71	1063	-0.72	
47.69	1063	-0.72	
47.68	1064	-0.72	
47.67	1065	-0.72	
47.65	1065	-0.72	
47.64	1066	-0.72	
47.62	1067	-0.72	
47.61	1068	-0.72	
47.59	1068	-0.72	
47.58	1069	-0.72	
47.57	1070	-0.72	
47.55	1070	-0.72	
47.54	1071	-0.72	
47.52	1072	-0.72	
47.51	1072	-0.72	
47.50	1073	-0.72	
47.48	1074	-0.72	
47.47	1075	-0.72	
47.45	1075	-0.72	
47.44	1076	-0.72	
47.43	1077	-0.72	
47.41	1077	-0.72	
47.40	1078	-0.72	
47.38	1079	-0.72	
47.37	1079	-0.72	
47.35	1080	-0.72	
47.34	1081	-0.72	
47.33	1082	-0.72	
47.31	1082	-0.72	
47.30	1083	-0.72	
47.28	1084	-0.72	
47.27	1084	-0.72	
47.25	1085	-0.72	
47.24	1086	-0.72	
47.23	1086	-0.72	
47.21	1087	-0.73	
47.20	1088	-0.73	
47.18	1089	-0.73	
47.17	1089	-0.73	
47.15	1090	-0.73	
47.14	1091	-0.73	
47.13	1091	-0.73	
47.11	1092	-0.73	
47.10	1093	-0.73	
47.08	1093	-0.73	
47.07	1094	-0.73	
47.06	1095	-0.72	
47.04	1096	-0.72	
47.03	1096	-0.72	
47.01	1097	-0.73	
47.00	1098	-0.73	
46.99	1098	-0.73	
46.97	1099	-0.73	
46.96	1100	-0.73	
46.94	1100	-0.73	
46.93	1101	-0.73	
46.91	1102	-0.73	
46.90	1103	-0.73	
46.89	1103	-0.73	
46.87	1104	-0.73	
46.86	1105	-0.73	
46.84	1105	-0.73	
46.83	1106	-0.73	
46.82	1107	-0.73	
46.80	1107	-0.73	
46.79	1108	-0.73	
46.77	1109	-0.73	
46.76	1110	-0.73	
46.74	1110	-0.73	
46.73	1111	-0.73	
46.72	1112	-0.73	
46.70	1112	-0.73	
46.69	1113	-0.73	
46.67	1114	-0.73	
46.66	1114	-0.73	
46.65	1115	-0.73	
46.63	1116	-0.73	
46.62	1117	-0.73	
46.60	1117	-0.73	
46.59	1118	-0.73	
46.58	1119	-0.73	
46.56	1119	-0.73	
46.55	1120	-0.73	
46.53	1121	-0.73	
46.52	1121	-0.73	
46.50	1122	-0.73	
46.49	1123	-0.73	
46.47	1124	-0.73	
46.46	1124	-0.73	
46.45	1125	-0.73	
46.43	1126	-0.73	
46.42	1126	-0.73	
46.40	1127	-0.73	
46.39	1128	-0.73	
46.38	1128	-0.73	
46.36	1129	-0.73	
46.35	1130	-0.73	
46.33	1131	-0.73	
46.32	1131	-0.73	
46.31	1132	-0.73	
46.29	1133	-0.73	
46.28	1133	-0.73	
46.26	1134	-0.73	
46.25	1135	-0.73	
46.23	1135	-0.73	
46.22	1136	-0.73	
46.21	1137	-0.73	
46.19	1138	-0.73	
46.18	1138	-0.73	
46.16	1139	-0.73	
46.15	1140	-0.73	
46.14	1140	-0.73	
46.12	1141	-0.73	
46.11	1142	-0.73	
46.09	1142	-0.73	
46.08	1143	-0.73	
46.06	1144	-0.73	
46.05	1145	-0.73	
46.03	1145	-0.73	
46.02	1146	-0.73	
46.01	1147	-0.73	
45.99	1147	-0.73	
45.98	1148	-0.73	
45.96	1149	-0.73	
45.95	1149	-0.73	
45.94	1150	-0.73	
45.92	1151	-0.73	
45.91	1152	-0.73	
45.89	1152	-0.73	
45.88	1153	-0.73	
45.87	1154	-0.73	
45.85	1154	-0.73	
45.84	1155	-0.73	
45.82	1156	-0.73	
45.81	1156	-0.73	
45.80	1157	-0.73	
45.78	1158	-0.73	
45.77	1159	-0.73	
45.75	1159	-0.74	
45.74	1160	-0.74	
45.73	1161	-0.74	
45.71	1161	-0.74	
45.70	1162	-0.74	
45.68	1163	-0.74	
45.67	1163	-0.74	
45.65	1164	-0.74	
45.64	1165	-0.74	
45.63	1166	-0.74	
45.61	1166	-0.74	
45.60	1167	-0.74	
45.58	1168	-0.74	
45.57	1168	-0.74	
45.55	1169	-0.74	
45.54	1170	-0.74	
45.52	1170	-0.74	
45.51	1171	-0.74	
45.50	1172	-0.74	
45.48	1173	-0.74	
45.47	1173	-0.74	
45.45	1174	-0.74	
45.44	1175	-0.74	
45.43	1175	-0.74	
45.41	1176	-0.74	
45.40	1177	-0.74	
45.38	1177	-0.74	
45.37	1178	-0.74	
45.36	1179	-0.74	
45.34	1180	-0.74	
45.33	1180	-0.74	
45.31	1181	-0.74	
45.30	1182	-0.74	
45.29	1182	-0.74	
45.27	1183	-0.74	
45.26	1184	-0.74	
45.24	1184	-0.74	
45.23	1185	-0.74	
45.21	1186	-0.74	
45.20	1187	-0.74	
45.19	1187	-0.74	
45.17	1188	-0.74	
45.16	1189	-0.74	
45.14	1189	-0.74	
45.13	1190	-0.74	
45.11	1191	-0.74	
45.10	1191	-0.74	
45.09	1192	-0.74	
45.07	1193	-0.74	
45.06	1194	-0.74	
45.04	1194	-0.74	
45.03	1195	-0.74	
45.02	1196	-0.74	
45.00	1196	-0.74	
44.99	1197	-0.74	
44.97	1198	-0.74	
44.96	1198	-0.74	
44.94	1199	-0.74	
44.93	1200	-0.74	
44.92	1201	-0.74	
44.90	1201	-0.74	
44.89	1202	-0.74	
44.87	1203	-0.74	
44.86	1203	-0.74	
44.85	1204	-0.74	
44.83	1205	-0.74	
44.82	1205	-0.74	
44.80	1206	-0.74	
44.79	1207	-0.74	
44.78	1208	-0.74	
44.76	1208	-0.74	
44.75	1209	-0.74	
44.73	1210	-0.75	
44.72	1210	-0.75	
44.70	1211	-0.75	
44.69	1212	-0.75	
44.68	1212	-0.75	
44.66	1213	-0.75	
44.65	1214	-0.75	
44.63	1215	-0.75	
44.62	1215	-0.75	
44.60	1216	-0.75	
44.59	1217	-0.75	
44.58	1217	-0.75	
44.56	1218	-0.74	
44.55	1219	-0.74	
44.53	1219	-0.74	
44.52	1220	-0.74	
44.51	1221	-0.74	
44.49	1222	-0.74	
44.48	1222	-0.74	
44.46	1223	-0.74	
44.45	1224	-0.74	
44.43	1224	-0.74	
44.42	1225	-0.74	
44.41	1226	-0.74	
44.39	1226	-0.75	
44.38	1227	-0.75	
44.36	1228	-0.75	
44.35	1229	-0.75	
44.33	1229	-0.75	
44.32	1230	-0.75	
44.31	1231	-0.75	
44.29	1231	-0.75	
44.28	1232	-0.75	
44.26	1233	-0.75	
44.25	1233	-0.75	
44.24	1234	-0.75	
44.22	1235	-0.75	
44.21	1236	-0.75	
44.19	1236	-0.75	
44.18	1237	-0.75	
44.17	1238	-0.75	
44.15	1238	-0.75	
44.14	1239	-0.75	
44.12	1240	-0.75	
44.11	1240	-0.75	
44.10	1241	-0.75	
44.08	1242	-0.75	
44.07	1243	-0.75	
44.05	1243	-0.75	
44.04	1244	-0.75	
44.02	1245	-0.75	
44.01	1245	-0.75	
44.00	1246	-0.75	
43.98	1247	-0.75	
43.97	1247	-0.75	
43.95	1248	-0.75	
43.94	1249	-0.75	
43.92	1250	-0.75	
43.91	1250	-0.75	
43.90	1251	-0.75	
43.88	1252	-0.75	
43.87	1252	-0.75	
43.85	1253	-0.75	
43.84	1254	-0.75	
43.82	1254	-0.75	
43.81	1255	-0.75	
43.80	1256	-0.75	
43.78	1257	-0.75	
43.77	1257	-0.75	
43.75	1258	-0.75	
43.74	1259	-0.75	
43.73	1259	-0.75	
43.71	1260	-0.75	
43.70	1261	-0.75	
43.68	1261	-0.75	
43.67	1262	-0.75	
43.66	1263	-0.75	
43.64	1264	-0.75	
43.63	1264	-0.75	
43.61	1265	-0.75	
43.60	1266	-0.75	
43.59	1266	-0.75	
43.57	1267	-0.75	
43.56	1268	-0.75	
43.54	1268	-0.75	
43.53	1269	-0.75	
43.51	1270	-0.75	
43.50	1271	-0.75	
43.49	1271	-0.75	
43.47	1272	-0.75	
43.46	1273	-0.75	
43.44	1273	-0.75	
43.43	1274	-0.75	
43.41	1275	-0.75	
43.40	1275	-0.75	
43.39	1276	-0.75	
43.37	1277	-0.75	
43.36	1278	-0.75	
43.34	1278	-0.75	
43.33	1279	-0.75	
43.32	1280	-0.75	
43.30	1280	-0.75	
43.29	1281	-0.75	
43.27	1282	-0.76	
43.26	1282	-0.76	
43.24	1283	-0.76	
43.23	1284	-0.76	
43.22	1285	-0.76	
43.20	1285	-0.76	
43.19	1286	-0.76	
43.17	1287	-0.75	
43.16	1287	-0.75	
43.14	1288	-0.75	
43.13	1289	-0.75	
43.12	1289	-0.75	
43.10	1290	-0.76	
43.09	1291	-0.76	
43.07	1292	-0.76	
43.06	1292	-0.76	
43.05	1293	-0.76	
43.03	1294	-0.76	
43.02	1294	-0.76	
43.00	1295	-0.76	
42.99	1296	-0.76	
42.98	1296	-0.76	
42.96	1297	-0.76	
42.95	1298	-0.76	
42.93	1299	-0.76	
42.92	1299	-0.76	
42.91	1300	-0.76	
42.89	1301	-0.76	
42.88	1301	-0.76	
42.86	1302	-0.76	
42.85	1303	-0.76	
42.83	1303	-0.76	
42.82	1304	-0.76	
42.81	1305	-0.76	
42.79	1306	-0.76	
42.78	1306	-0.76	
42.76	1307	-0.76	
42.75	1308	-0.76	
42.73	1308	-0.76	
42.72	1309	-0.76	
42.71	1310	-0.76	
42.69	1310	-0.76	
42.68	1311	-0.76	
42.66	1312	-0.76	
42.65	1313	-0.76	
42.64	1313	-0.76	
42.62	1314	-0.76	
42.61	1315	-0.76	
42.59	1315	-0.76	
42.58	1316	-0.76	
42.56	1317	-0.76	
42.55	1317	-0.76	
42.54	1318	-0.76	
42.52	1319	-0.76	
42.51	1320	-0.76	
42.49	1320	-0.76	
42.48	1321	-0.76	
42.46	1322	-0.76	
42.45	1322	-0.76	
42.44	1323	-0.76	
42.42	1324	-0.76	
42.41	1324	-0.76	
42.39	1325	-0.76	
42.38	1326	-0.76	
42.37	1327	-0.76	
42.35	1327	-0.76	
42.34	1328	-0.76	
42.32	1329	-0.76	
42.31	1329	-0.76	
42.30	1330	-0.76	
42.28	1331	-0.76	
42.27	1331	-0.76	
42.25	1332	-0.76	
42.24	1333	-0.76	
42.22	1334	-0.76	
42.21	1334	-0.76	
42.20	1335	-0.76	
42.18	1336	-0.76	
42.17	1336	-0.76	
42.15	1337	-0.76	
42.14	1338	-0.76	
42.13	1338	-0.76	
42.11	1339	-0.77	
42.10	1340	-0.77	
42.08	1341	-0.77	
42.07	1341	-0.76	
42.06	1342	-0.76	
42.04	1343	-0.76	
42.03	1343	-0.76	
42.01	1344	-0.76	
42.00	1345	-0.76	
41.98	1345	-0.76	
41.97	1346	-0.76	
41.96	1347	-0.76	
41.94	1348	-0.77	
41.93	1348	-0.77	
41.91	1349	-0.77	
41.90	1350	-0.77	
41.89	1350	-0.77	
41.87	1351	-0.77	
41.86	1352	-0.77	
41.84	1352	-0.77	
41.83	1353	-0.77	
41.81	1354	-0.77	
41.80	1355	-0.77	
41.79	1355	-0.77	
41.77	1356	-0.77	
41.76	1357	-0.77	
41.74	1357	-0.77	
41.73	1358	-0.77	
41.72	1359	-0.77	
41.70	1359	-0.77	
41.69	1360	-0.77	
41.67	1361	-0.77	
41.66	1362	-0.77	
41.64	1362	-0.77	
41.63	1363	-0.77	
41.62	1364	-0.77	
41.60	1364	-0.77	
41.59	1365	-0.77	
41.57	1366	-0.77	
41.56	1366	-0.77	
41.54	1367	-0.77	
41.53	1368	-0.77	
41.52	1369	-0.77	
41.50	1369	-0.77	
41.49	1370	-0.77	
41.47	1371	-0.77	
41.46	1371	-0.77	
41.45	1372	-0.77	
41.43	1373	-0.77	
41.42	1373	-0.77	
41.40	1374	-0.77	
41.39	1375	-0.77	
41.38	1376	-0.77	
41.36	1376	-0.77	
41.35	1377	-0.77	
41.33	1378	-0.77	
41.32	1378	-0.77	
41.31	1379	-0.77	
41.29	1380	-0.77	
41.28	1380	-0.77	
41.26	1381	-0.77	
41.25	1382	-0.77	
41.23	1383	-0.77	
41.22	1383	-0.77	
41.20	1384	-0.77	
41.19	1385	-0.77	
41.18	1385	-0.77	
41.16	1386	-0.77	
41.15	1387	-0.77	
41.13	1387	-0.77	
41.12	1388	-0.77	
41.11	1389	-0.77	
41.09	1390	-0.77	
41.08	1390	-0.77	
41.06	1391	-0.77	
41.05	1392	-0.77	
41.03	1392	-0.77	
41.02	1393	-0.77	
41.01	1394	-0.77	
40.99	1394	-0.77	
40.98	1395	-0.77	
40.96	1396	-0.77	
40.95	1397	-0.77	
40.94	1397	-0.77	
40.92	1398	-0.77	
40.91	1399	-0.77	
40.89	1399	-0.77	
40.88	1400	-0.77	
40.87	1401	-0.77	
40.85	1401	-0.77	
40.84	1402	-0.77	
40.82	1403	-0.77	
40.81	1404	-0.77	
40.79	1404	-0.78	
40.78	1405	-0.78	
40.77	1406	-0.78	
40.75	1406	-0.78	
40.74	1407	-0.78	
40.72	1408	-0.78	
40.71	1408	-0.78	
40.69	1409	-0.78	
40.68	1410	-0.78	
40.67	1411	-0.78	
40.65	1411	-0.78	
40.64	1412	-0.78	
40.62	1413	-0.78	
40.61	1413	-0.78	
40.60	1414	-0.78	
40.58	1415	-0.78	
40.57	1415	-0.78	
40.55	1416	-0.78	
40.54	1417	-0.78	
40.53	1418	-0.78	
40.51	1418	-0.78	
40.50	1419	-0.78	
40.48	1420	-0.78	
40.47	1420	-0.78	
40.46	1421	-0.78	
40.44	1422	-0.78	
40.43	1422	-0.78	
40.41	1423	-0.78	
40.40	1424	-0.78	
40.38	1425	-0.78	
40.37	1425	-0.78	
40.36	1426	-0.78	
40.34	1427	-0.78	
40.33	1427	-0.78	
40.31	1428	-0.78	
40.30	1429	-0.78	
40.29	1429	-0.78	
40.27	1430	-0.78	
40.26	1431	-0.78	
40.24	1432	-0.78	
40.23	1432	-0.78	
40.21	1433	-0.78	
40.20	1434	-0.78	
40.19	1434	-0.78	
40.17	1435	-0.78	
40.16	1436	-0.78	
40.14	1436	-0.78	
40.13	1437	-0.78	
40.11	1438	-0.78	
40.10	1439	-0.78	
40.09	1439	-0.78	
40.07	1440	-0.78	
40.06	1441	-0.78	
40.04	1441	-0.78	
40.03	1442	-0.78	
40.02	1443	-0.78	
40.00	1443	-0.78	
39.99	1444	-0.78	
39.97	1445	-0.78	
39.96	1446	-0.78	
39.94	1446	-0.78	
39.93	1447	-0.78	
39.92	1448	-0.78	
39.90	1448	-0.78	
39.89	1449	-0.78	
39.87	1450	-0.78	
39.86	1450	-0.78	
39.85	1451	-0.78	
39.83	1452	-0.78	
39.82	1453	-0.78	
39.80	1453	-0.78	
39.79	1454	-0.78	
39.77	1455	-0.78	
39.76	1455	-0.78	
39.75	1456	-0.78	
39.73	1457	-0.78	
39.72	1457	-0.78	
39.70	1458	-0.78	
39.69	1459	-0.78	
39.68	1460	-0.78	
39.66	1460	-0.78	
39.65	1461	-0.78	
39.63	1462	-0.79	
39.62	1462	-0.79	
39.60	1463	-0.79	
39.59	1464	-0.78	
39.58	1464	-0.78	
39.56	1465	-0.78	
39.55	1466	-0.78	
39.53	1467	-0.78	
39.52	1467	-0.79	
39.50	1468	-0.79	
39.49	1469	-0.79	
39.48	1469	-0.79	
39.46	1470	-0.79	
39.45	1471	-0.79	
39.43	1471	-0.79	
39.42	1472	-0.79	
39.41	1473	-0.79	
39.39	1474	-0.79	
39.38	1474	-0.79	
39.36	1475	-0.79	
39.35	1476	-0.79	
39.34	1476	-0.79	
39.32	1477	-0.79	
39.31	1478	-0.79	
39.29	1478	-0.79	
39.28	1479	-0.79	
39.27	1480	-0.79	
39.25	1481	-0.79	
39.24	1481	-0.79	
39.22	1482	-0.79	
39.21	1483	-0.79	
39.19	1483	-0.79	
39.18	1484	-0.79	
39.16	1485	-0.79	
39.15	1485	-0.79	
39.14	1486	-0.79	
39.12	1487	-0.79	
39.11	1488	-0.79	
39.09	1488	-0.79	
39.08	1489	-0.79	
39.07	1490	-0.79	
39.05	1490	-0.79	
39.04	1491	-0.79	
39.02	1492	-0.79	
39.01	1492	-0.79	
39.00	1493	-0.79	
38.98	1494	-0.79	
38.97	1495	-0.79	
38.95	1495	-0.79	
38.94	1496	-0.79	
38.93	1497	-0.79	
38.91	1497	-0.79	
38.90	1498	-0.79	
38.88	1499	-0.79	
38.87	1499	-0.79	
38.85	1500	-0.79	
38.84	1501	-0.79	
38.83	1502	-0.79	
38.81	1502	-0.79	
38.80	1503	-0.79	
38.78	1504	-0.79	
38.77	1504	-0.79	
38.76	1505	-0.79	
38.74	1506	-0.79	
38.73	1506	-0.79	
38.71	1507	-0.79	
38.70	1508	-0.79	
38.68	1509	-0.79	
38.67	1509	-0.79	
38.66	1510	-0.79	
38.64	1511	-0.79	
38.63	1511	-0.79	
38.61	1512	-0.79	
38.60	1513	-0.79	
38.58	1513	-0.79	
38.57	1514	-0.79	
38.56	1515	-0.79	
38.54	1516	-0.79	
38.53	1516	-0.79	
38.51	1517	-0.79	
38.50	1518	-0.79	
38.49	1518	-0.79	
38.47	1519	-0.79	
38.46	1520	-0.79	
38.44	1520	-0.79	
38.43	1521	-0.79	
38.41	1522	-0.79	
38.40	1523	-0.79	
38.39	1523	-0.79	
38.37	1524	-0.79	
38.36	1525	-0.79	
38.34	1525	-0.79	
38.33	1526	-0.79	
38.32	1527	-0.79	
38.30	1527	-0.79	
38.29	1528	-0.79	
38.27	1529	-0.79	
38.26	1530	-0.79	
38.25	1530	-0.79	
38.23	1531	-0.79	
38.22	1532	-0.79	
38.20	1532	-0.79	
38.19	1533	-0.79	
38.17	1534	-0.79	
38.16	1534	-0.79	
38.15	1535	-0.79	
38.13	1536	-0.79	
38.12	1537	-0.79	
38.10	1537	-0.79	
38.09	1538	-0.79	
38.08	1539	-0.79	
38.06	1539	-0.80	
38.05	1540	-0.80	
38.03	1541	-0.80	
38.02	1541	-0.80	
38.00	1542	-0.80	
37.99	1543	-0.80	
37.98	1544	-0.80	
37.96	1544	-0.80	
37.95	1545	-0.80	
37.93	1546	-0.80	
37.92	1546	-0.80	
37.90	1547	-0.80	
37.89	1548	-0.80	
37.88	1548	-0.80	
37.86	1549	-0.80	
37.85	1550	-0.80	
37.83	1551	-0.80	
37.82	1551	-0.80	
37.81	1552	-0.80	
37.79	1553	-0.80	
37.78	1553	-0.80	
37.76	1554	-0.80	
37.75	1555	-0.80	
37.73	1555	-0.80	
37.72	1556	-0.80	
37.71	1557	-0.80	
37.69	1558	-0.80	
37.68	1558	-0.80	
37.66	1559	-0.80	
37.65	1560	-0.80	
37.64	1560	-0.80	
37.62	1561	-0.80	
37.61	1562	-0.80	
37.59	1562	-0.80	
37.58	1563	-0.80	
37.56	1564	-0.80	
37.55	1565	-0.80	
37.54	1565	-0.80	
37.52	1566	-0.80	
37.51	1567	-0.80	
37.50	1567	-0.80	
37.48	1568	-0.80	
37.47	1569	-0.80	
37.45	1569	-0.80	
37.44	1570	-0.80	
37.42	1571	-0.80	
37.41	1572	-0.80	
37.40	1572	-0.80	
37.38	1573	-0.80	
37.37	1574	-0.80	
37.35	1574	-0.80	
37.34	1575	-0.80	
37.32	1576	-0.80	
37.31	1576	-0.80	
37.30	1577	-0.80	
37.28	1578	-0.80	
37.27	1579	-0.80	
37.25	1579	-0.80	
37.24	1580	-0.80	
37.23	1581	-0.80	
37.21	1581	-0.80	
37.20	1582	-0.80	
37.18	1583	-0.80	
37.17	1583	-0.80	
37.15	1584	-0.80	
37.14	1585	-0.80	
37.13	1586	-0.80	
37.11	1586	-0.80	
37.10	1587	-0.80	
37.08	1588	-0.80	
37.07	1588	-0.81	
37.05	1589	-0.81	
37.04	1590	-0.81	
37.03	1590	-0.80	
37.01	1591	-0.80	
37.00	1592	-0.80	
36.98	1593	-0.80	
36.97	1593	-0.80	
36.96	1594	-0.80	
36.94	1595	-0.80	
36.93	1595	-0.81	
36.91	1596	-0.81	
36.90	1597	-0.81	
36.88	1597	-0.81	
36.87	1598	-0.81	
36.86	1599	-0.80	
36.84	1600	-0.80	
36.83	1600	-0.81	
36.82	1601	-0.81	
36.80	1602	-0.81	
36.79	1602	-0.81	
36.77	1603	-0.81	
36.76	1604	-0.81	
36.74	1604	-0.81	
36.73	1605	-0.81	
36.72	1606	-0.81	
36.70	1607	-0.81	
36.69	1607	-0.81	
36.67	1608	-0.81	
36.66	1609	-0.81	
36.64	1609	-0.81	
36.63	1610	-0.81	
36.62	1611	-0.81	
36.60	1611	-0.81	
36.59	1612	-0.81	
36.57	1613	-0.81	
36.56	1614	-0.81	
36.55	1614	-0.81	
36.53	1615	-0.81	
36.52	1616	-0.81	
36.50	1616	-0.81	
36.49	1617	-0.81	
36.48	1618	-0.81	
36.46	1618	-0.81	
36.45	1619	-0.81	
36.43	1620	-0.81	
36.42	1621	-0.81	
36.40	1621	-0.81	
36.39	1622	-0.81	
36.38	1623	-0.81	
36.36	1623	-0.81	
36.35	1624	-0.81	
36.33	1625	-0.81	
36.32	1625	-0.81	
36.31	1626	-0.81	
36.29	1627	-0.81	
36.28	1628	-0.81	
36.26	1628	-0.81	
36.25	1629	-0.81	
36.23	1630	-0.81	
36.22	1630	-0.81	
36.21	1631	-0.81	
36.19	1632	-0.81	
36.18	1632	-0.81	
36.16	1633	-0.81	
36.15	1634	-0.81	
36.13	1635	-0.81	
36.12	1635	-0.81	
36.11	1636	-0.81	
36.09	1637	-0.81	
36.08	1637	-0.81	
36.06	1638	-0.81	
36.05	1639	-0.81	
36.04	1639	-0.81	
36.02	1640	-0.81	
36.01	1641	-0.81	
35.99	1642	-0.81	
35.98	1642	-0.81	
35.96	1643	-0.81	
35.95	1644	-0.81	
35.94	1644	-0.81	
35.92	1645	-0.81	
35.91	1646	-0.81	
35.89	1646	-0.82	
35.88	1647	-0.82	
35.87	1648	-0.82	
35.85	1649	-0.81	
35.84	1649	-0.81	
35.82	1650	-0.81	
35.81	1651	-0.81	
35.80	1651	-0.81	
35.78	1652	-0.81	
35.77	1653	-0.81	
35.75	1653	-0.81	
35.74	1654	-0.82	
35.72	1655	-0.82	
35.71	1656	-0.82	
35.70	1656	-0.82	
35.68	1657	-0.82	
35.67	1658	-0.82	
35.65	1658	-0.82	
35.64	1659	-0.82	
35.62	1660	-0.82	
35.61	1660	-0.82	
35.60	1661	-0.82	
35.58	1662	-0.82	
35.57	1663	-0.82	
35.55	1663	-0.82	
35.54	1664	-0.82	
35.53	1665	-0.82	
35.51	1665	-0.82	
35.50	1666	-0.82	
35.48	1667	-0.82	
35.47	1667	-0.82	
35.46	1668	-0.82	
35.44	1669	-0.82	
35.43	1670	-0.82	
35.41	1670	-0.82	
35.40	1671	-0.82	
35.38	1672	-0.82	
35.37	1672	-0.82	
35.36	1673	-0.82	
35.34	1674	-0.82	
35.33	1674	-0.82	
35.31	1675	-0.82	
35.30	1676	-0.82	
35.28	1677	-0.82	
35.27	1677	-0.82	
35.26	1678	-0.82	
35.24	1679	-0.82	
35.23	1679	-0.82	
35.21	1680	-0.82	
35.20	1681	-0.82	
35.19	1681	-0.82	
35.17	1682	-0.82	
35.16	1683	-0.82	
35.14	1684	-0.82	
35.13	1684	-0.82	
35.12	1685	-0.82	
35.10	1686	-0.82	
35.09	1686	-0.82	
35.07	1687	-0.82	
35.06	1688	-0.82	
35.04	1688	-0.82	
35.03	1689	-0.82	
35.02	1690	-0.82	
35.00	1691	-0.82	
34.99	1691	-0.82	
34.97	1692	-0.82	
34.96	1693	-0.82	
34.94	1693	-0.82	
34.93	1694	-0.82	
34.92	1695	-0.82	
34.90	1695	-0.82	
34.89	1696	-0.82	
34.87	1697	-0.82	
34.86	1698	-0.82	
34.85	1698	-0.82	
34.83	1699	-0.82	
34.82	1700	-0.82	
34.80	1700	-0.82	
34.79	1701	-0.82	
34.77	1702	-0.82	
34.76	1702	-0.82	
34.75	1703	-0.82	
34.73	1704	-0.82	
34.72	1705	-0.82	
34.70	1705	-0.82	
34.69	1706	-0.82	
34.68	1707	-0.82	
34.66	1707	-0.82	
34.65	1708	-0.82	
34.63	1709	-0.82	
34.62	1709	-0.82	
34.61	1710	-0.82	
34.59	1711	-0.82	
34.58	1712	-0.82	
34.56	1712	-0.82	
34.55	1713	-0.82	
34.54	1714	-0.82	
34.52	1714	-0.82	
34.51	1715	-0.82	
34.49	1716	-0.82	
34.48	1716	-0.82	
34.46	1717	-0.82	
34.45	1718	-0.82	
34.44	1719	-0.82	
34.42	1719	-0.82	
34.41	1720	-0.82	
34.39	1721	-0.83	
34.38	1721	-0.83	
34.36	1722	-0.83	
34.35	1723	-0.83	
34.34	1723	-0.83	
34.32	1724	-0.83	
34.31	1725	-0.83	
34.29	1726	-0.83	
34.28	1726	-0.83	
34.27	1727	-0.83	
34.25	1728	-0.83	
34.24	1728	-0.83	
34.22	1729	-0.83	
34.21	1730	-0.83	
34.19	1730	-0.83	
34.18	1731	-0.83	
34.17	1732	-0.83	
34.15	1733	-0.83	
34.14	1733	-0.83	
34.12	1734	-0.83	
34.11	1735	-0.83	
34.10	1735	-0.83	
34.08	1736	-0.83	
34.07	1737	-0.83	
34.05	1737	-0.83	
34.04	1738	-0.83	
34.02	1739	-0.83	
34.01	1740	-0.83	
34.00	1740	-0.83	
33.98	1741	-0.83	
33.97	1742	-0.83	
33.95	1742	-0.83	
33.94	1743	-0.83	
33.93	1744	-0.83	
33.91	1744	-0.83	
33.90	1745	-0.83	
33.88	1746	-0.83	
33.87	1747	-0.83	
33.85	1747	-0.83	
33.84	1748	-0.83	
33.83	1749	-0.83	
33.81	1749	-0.83	
33.80	1750	-0.83	
33.78	1751	-0.83	
33.77	1751	-0.83	
33.76	1752	-0.83	
33.74	1753	-0.83	
33.73	1754	-0.83	
33.71	1754	-0.83	
33.70	1755	-0.83	
33.69	1756	-0.83	
33.67	1756	-0.83	
33.66	1757	-0.83	
33.64	1758	-0.83	
33.63	1758	-0.83	
33.61	1759	-0.83	
33.60	1760	-0.83	
33.59	1761	-0.83	
33.57	1761	-0.83	
33.56	1762	-0.83	
33.54	1763	-0.83	
33.53	1763	-0.83	
33.51	1764	-0.83	
33.50	1765	-0.83	
33.49	1765	-0.83	
33.47	1766	-0.83	
33.46	1767	-0.83	
33.44	1768	-0.83	
33.43	1768	-0.83	
33.42	1769	-0.83	
33.40	1770	-0.83	
33.39	1770	-0.83	
33.37	1771	-0.83	
33.36	1772	-0.83	
33.34	1772	-0.83	
33.33	1773	-0.83	
33.32	1774	-0.83	
33.30	1775	-0.83	
33.29	1775	-0.83	
33.27	1776	-0.83	
33.26	1777	-0.83	
33.25	1777	-0.83	
33.23	1778	-0.83	
33.22	1779	-0.83	
33.20	1779	-0.84	
33.19	1780	-0.84	
33.18	1781	-0.84	
33.16	1782	-0.84	
33.15	1782	-0.84	
33.13	1783	-0.84	
33.12	1784	-0.84	
33.10	1784	-0.84	
33.09	1785	-0.84	
33.08	1786	-0.84	
33.06	1786	-0.84	
33.05	1787	-0.84	
33.03	1788	-0.84	
33.02	1789	-0.84	
33.01	1789	-0.84	
32.99	1790	-0.84	
32.98	1791	-0.84	
32.96	1791	-0.84	
32.95	1792	-0.84	
32.93	1793	-0.84	
32.92	1793	-0.84	
32.91	1794	-0.84	
32.89	1795	-0.84	
32.88	1796	-0.84	
32.86	1796	-0.84	
32.85	1797	-0.84	
32.84	1798	-0.84	
32.82	1798	-0.84	
32.81	1799	-0.84	
32.79	1800	-0.84	
32.78	1800	-0.84	
32.76	1801	-0.84	
32.75	1802	-0.84	
32.74	1803	-0.84	
32.72	1803	-0.84	
32.71	1804	-0.84	
32.69	1805	-0.84	
32.68	1805	-0.84	
32.66	1806	-0.84	
32.65	1807	-0.84	
32.64	1807	-0.84	
32.62	1808	-0.84	
32.61	1809	-0.84	
32.59	1810	-0.84	
32.58	1810	-0.84	
32.57	1811	-0.84	
32.55	1812	-0.84	
32.54	1812	-0.84	
32.52	1813	-0.84	
32.51	1814	-0.84	
32.50	1814	-0.84	
32.48	1815	-0.84	
32.47	1816	-0.84	
32.45	1817	-0.84	
32.44	1817	-0.84	
32.42	1818	-0.84	
32.41	1819	-0.84	
32.40	1819	-0.84	
32.38	1820	-0.84	
32.37	1821	-0.84	
32.35	1821	-0.84	
32.34	1822	-0.84	
32.33	1823	-0.84	
32.31	1824	-0.84	
32.30	1824	-0.84	
32.28	1825	-0.84	
32.27	1826	-0.84	
32.26	1826	-0.84	
32.24	1827	-0.84	
32.23	1828	-0.84	
32.21	1828	-0.84	
32.20	1829	-0.84	
32.18	1830	-0.84	
32.17	1831	-0.84	
32.16	1831	-0.84	
32.14	1832	-0.84	
32.13	1833	-0.84	
32.11	1833	-0.85	
32.10	1834	-0.85	
32.09	1835	-0.85	
32.07	1835	-0.85	
32.06	1836	-0.84	
32.04	1837	-0.84	
32.03	1838	-0.84	
32.02	1838	-0.84	
32.00	1839	-0.84	
31.99	1840	-0.84	
31.97	1840	-0.84	
31.96	1841	-0.84	
31.94	1842	-0.84	
31.93	1842	-0.84	
31.92	1843	-0.84	
31.90	1844	-0.84	
31.89	1845	-0.84	
31.87	1845	-0.84	
31.86	1846	-0.84	
31.85	1847	-0.85	
31.83	1847	-0.85	
31.82	1848	-0.85	
31.80	1849	-0.85	
31.79	1849	-0.85	
31.77	1850	-0.85	
31.76	1851	-0.85	
31.75	1852	-0.85	
31.73	1852	-0.85	
31.72	1853	-0.85	
31.70	1854	-0.85	
31.69	1854	-0.85	
31.67	1855	-0.85	
31.66	1856	-0.85	
31.65	1856	-0.85	
31.63	1857	-0.85	
31.62	1858	-0.85	
31.60	1859	-0.85	
31.59	1859	-0.85	
31.58	1860	-0.85	
31.56	1861	-0.85	
31.55	1861	-0.85	
31.53	1862	-0.85	
31.52	1863	-0.85	
31.50	1863	-0.85	
31.49	1864	-0.85	
31.48	1865	-0.85	
31.46	1866	-0.85	
31.45	1866	-0.85	
31.43	1867	-0.85	
31.42	1868	-0.85	
31.41	1868	-0.85	
31.39	1869	-0.85	
31.38	1870	-0.85	
31.36	1870	-0.85	
31.35	1871	-0.85	
31.33	1872	-0.85	
31.32	1873	-0.85	
31.31	1873	-0.85	
31.29	1874	-0.85	
31.28	1875	-0.85	
31.26	1875	-0.85	
31.25	1876	-0.85	
31.24	1877	-0.85	
31.22	1877	-0.85	
31.21	1878	-0.85	
31.19	1879	-0.85	
31.18	1880	-0.85	
31.17	1880	-0.85	
31.15	1881	-0.85	
31.14	1882	-0.85	
31.12	1882	-0.85	
31.11	1883	-0.85	
31.10	1884	-0.85	
31.08	1884	-0.85	
31.07	1885	-0.85	
31.05	1886	-0.85	
31.04	1887	-0.85	
31.02	1887	-0.85	
31.01	1888	-0.85	
30.99	1889	-0.85	
30.98	1889	-0.85	
30.97	1890	-0.85	
30.95	1891	-0.85	
30.94	1891	-0.85	
30.92	1892	-0.85	
30.91	1893	-0.85	
30.89	1894	-0.85	
30.88	1894	-0.85	
30.86	1895	-0.85	
30.85	1896	-0.85	
30.84	1896	-0.85	
30.82	1897	-0.85	
30.81	1898	-0.85	
30.79	1898	-0.85	
30.78	1899	-0.85	
30.76	1900	-0.85	
30.75	1901	-0.85	
30.74	1901	-0.85	
30.72	1902	-0.85	
30.71	1903	-0.85	
30.70	1903	-0.85	
30.68	1904	-0.85	
30.67	1905	-0.85	
30.65	1905	-0.85	
30.64	1906	-0.85	
30.62	1907	-0.85	
30.61	1908	-0.85	
30.60	1908	-0.85	
30.58	1909	-0.85	
30.57	1910	-0.85	
30.56	1910	-0.85	
30.54	1911	-0.85	
30.53	1912	-0.85	
30.51	1912	-0.85	
30.50	1913	-0.85	
30.48	1914	-0.85	
30.47	1915	-0.85	
30.46	1915	-0.85	
30.44	1916	-0.85	
30.43	1917	-0.85	
30.42	1917	-0.85	
30.40	1918	-0.85	
30.39	1919	-0.85	
30.37	1919	-0.85	
30.36	1920	-0.85	
30.34	1921	-0.85	
30.33	1922	-0.85	
30.32	1922	-0.85	
30.30	1923	-0.85	
30.29	1924	-0.86	
30.27	1924	-0.86	
30.26	1925	-0.86	
30.24	1926	-0.86	
30.23	1926	-0.86	
30.22	1927	-0.86	
30.20	1928	-0.86	
30.19	1929	-0.85	
30.17	1929	-0.85	
30.16	1930	-0.85	
30.14	1931	-0.85	
30.13	1931	-0.85	
30.12	1932	-0.85	
30.10	1933	-0.85	
30.09	1933	-0.85	
30.07	1934	-0.86	
30.06	1935	-0.86	
30.04	1936	-0.86	
30.03	1936	-0.86	
30.02	1937	-0.86	
30.00	1938	-0.86	
29.99	1938	-0.86	
29.97	1939	-0.86	
29.96	1940	-0.86	
29.94	1940	-0.86	
29.93	1941	-0.86	
29.91	1942	-0.86	
29.90	1943	-0.86	
29.89	1943	-0.86	
29.87	1944	-0.86	
29.86	1945	-0.86	
29.84	1945	-0.86	
29.83	1946	-0.86	
29.81	1947	-0.86	
29.80	1947	-0.86	
29.79	1948	-0.86	
29.77	1949	-0.86	
29.76	1950	-0.86	
29.74	1950	-0.86	
29.73	1951	-0.86	
29.71	1952	-0.86	
29.70	1952	-0.86	
29.69	1953	-0.86	
29.67	1954	-0.86	
29.66	1954	-0.86	
29.64	1955	-0.86	
29.63	1956	-0.86	
29.62	1957	-0.86	
29.60	1957	-0.86	
29.59	1958	-0.86	
29.57	1959	-0.86	
29.56	1959	-0.86	
29.54	1960	-0.86	
29.53	1961	-0.86	
29.52	1961	-0.86	
29.50	1962	-0.86	
29.49	1963	-0.86	
29.47	1964	-0.86	
29.46	1964	-0.86	
29.45	1965	-0.86	
29.43	1966	-0.86	
29.42	1966	-0.86	
29.40	1967	-0.86	
29.39	1968	-0.86	
29.38	1968	-0.86	
29.36	1969	-0.86	
29.35	1970	-0.86	
29.33	1971	-0.86	
29.32	1971	-0.86	
29.30	1972	-0.86	
29.29	1973	-0.86	
29.28	1973	-0.86	
29.26	1974	-0.86	
29.25	1975	-0.86	
29.23	1975	-0.86	
29.22	1976	-0.86	
29.20	1977	-0.86	
29.19	1978	-0.86	
29.18	1978	-0.86	
29.16	1979	-0.86	
29.15	1980	-0.86	
29.13	1980	-0.86	
29.12	1981	-0.86	
29.11	1982	-0.86	
29.09	1982	-0.86	
29.08	1983	-0.86	
29.06	1984	-0.86	
29.05	1985	-0.86	
29.03	1985	-0.86	
29.02	1986	-0.86	
29.01	1987	-0.86	
28.99	1987	-0.86	
28.98	1988	-0.86	
28.96	1989	-0.86	
28.95	1989	-0.86	
28.94	1990	-0.86	
28.92	1991	-0.86	
28.91	1992	-0.86	
28.89	1992	-0.86	
28.88	1993	-0.86	
28.86	1994	-0.86	
28.85	1994	-0.86	
28.84	1995	-0.86	
28.82	1996	-0.86	
28.81	1996	-0.86	
28.79	1997	-0.86	
28.78	1998	-0.86	
28.77	1999	-0.86	
28.75	1999	-0.86	
28.74	2000	-0.86	
28.72	2001	-0.86	
28.71	2001	-0.86	
28.70	2002	-0.86	
28.68	2003	-0.86	
28.67	2003	-0.86	
28.65	2004	-0.86	
28.64	2005	-0.86	
28.63	2006	-0.86	
28.61	2006	-0.86	
28.60	2007	-0.87	
28.58	2008	-0.87	
28.57	2008	-0.87	
28.55	2009	-0.87	
28.54	2010	-0.87	
28.53	2010	-0.87	
28.51	2011	-0.87	
28.50	2012	-0.87	
28.48	2013	-0.87	
28.47	2013	-0.87	
28.46	2014	-0.87	
28.44	2015	-0.87	
28.43	2015	-0.87	
28.41	2016	-0.87	
28.40	2017	-0.87	
28.38	2017	-0.86	
28.37	2018	-0.86	
28.36	2019	-0.87	
28.34	2020	-0.87	
28.33	2020	-0.87	
28.31	2021	-0.87	
28.30	2022	-0.87	
28.29	2022	-0.87	
28.27	2023	-0.87	
28.26	2024	-0.87	
28.24	2024	-0.87	
28.23	2025	-0.87	
28.22	2026	-0.87	
28.20	2027	-0.87	
28.19	2027	-0.87	
28.17	2028	-0.87	
28.16	2029	-0.87	
28.15	2029	-0.87	
28.13	2030	-0.87	
28.12	2031	-0.87	
28.10	2031	-0.87	
28.09	2032	-0.87	
28.08	2033	-0.87	
28.06	2034	-0.87	
28.05	2034	-0.87	
28.03	2035	-0.87	
28.02	2036	-0.87	
28.01	2036	-0.87	
27.99	2037	-0.87	
27.98	2038	-0.87	
27.96	2038	-0.87	
27.95	2039	-0.87	
27.93	2040	-0.87	
27.92	2041	-0.87	
27.91	2041	-0.87	
27.89	2042	-0.87	
27.88	2043	-0.87	
27.86	2043	-0.87	
27.85	2044	-0.87	
27.83	2045	-0.87	
27.82	2045	-0.87	
27.81	2046	-0.87	
27.79	2047	-0.87	
27.78	2048	-0.87	
27.76	2048	-0.87	
27.75	2049	-0.87	
27.74	2050	-0.87	
27.72	2050	-0.87	
27.71	2051	-0.87	
27.69	2052	-0.87	
27.68	2052	-0.87	
27.67	2053	-0.87	
27.65	2054	-0.87	
27.64	2055	-0.87	
27.62	2055	-0.87	
27.61	2056	-0.87	
27.60	2057	-0.87	
27.58	2057	-0.87	
27.57	2058	-0.87	
27.55	2059	-0.87	
27.54	2059	-0.87	
27.52	2060	-0.87	
27.51	2061	-0.87	
27.50	2062	-0.87	
27.48	2062	-0.87	
27.47	2063	-0.87	
27.45	2064	-0.87	
27.44	2064	-0.87	
27.43	2065	-0.87	
27.41	2066	-0.87	
27.40	2066	-0.87	
27.38	2067	-0.87	
27.37	2068	-0.87	
27.35	2069	-0.87	
27.34	2069	-0.87	
27.33	2070	-0.87	
27.31	2071	-0.87	
27.30	2071	-0.87	
27.28	2072	-0.87	
27.27	2073	-0.87	
27.25	2073	-0.87	
27.24	2074	-0.87	
27.23	2075	-0.87	
27.21	2076	-0.87	
27.20	2076	-0.87	
27.18	2077	-0.87	
27.17	2078	-0.87	
27.16	2078	-0.87	
27.14	2079	-0.87	
27.13	2080	-0.87	
27.11	2080	-0.87	
27.10	2081	-0.87	
27.09	2082	-0.87	
27.07	2083	-0.87	
27.06	2083	-0.87	
27.04	2084	-0.87	
27.03	2085	-0.87	
27.01	2085	-0.87	
27.00	2086	-0.87	
26.99	2087	-0.87	
26.97	2087	-0.87	
26.96	2088	-0.87	
26.94	2089	-0.87	
26.93	2090	-0.87	
26.92	2090	-0.87	
26.90	2091	-0.87	
26.89	2092	-0.87	
26.87	2092	-0.87	
26.86	2093	-0.87	
26.85	2094	-0.87	
26.83	2094	-0.87	
26.82	2095	-0.87	
26.80	2096	-0.87	
26.79	2097	-0.87	
26.78	2097	-0.87	
26.76	2098	-0.87	
26.75	2099	-0.87	
26.73	2099	-0.87	
26.72	2100	-0.87	
26.70	2101	-0.87	
26.69	2101	-0.87	
26.67	2102	-0.87	
26.66	2103	-0.87	
26.65	2104	-0.87	
26.63	2104	-0.87	
26.62	2105	-0.87	
26.60	2106	-0.87	
26.59	2106	-0.87	
26.57	2107	-0.87	
26.56	2108	-0.87	
26.55	2108	-0.87	
26.53	2109	-0.88	
26.52	2110	-0.88	
26.50	2111	-0.88	
26.49	2111	-0.88	
26.48	2112	-0.88	
26.46	2113	-0.88	
26.45	2113	-0.88	
26.43	2114	-0.88	
26.42	2115	-0.88	
26.40	2115	-0.88	
26.39	2116	-0.88	
26.38	2117	-0.88	
26.36	2118	-0.88	
26.35	2118	-0.88	
26.33	2119	-0.88	
26.32	2120	-0.88	
26.31	2120	-0.88	
26.29	2121	-0.88	
26.28	2122	-0.88	
26.26	2122	-0.88	
26.25	2123	-0.88	
26.24	2124	-0.88	
26.22	2125	-0.88	
26.21	2125	-0.88	
26.19	2126	-0.88	
26.18	2127	-0.88	
26.17	2127	-0.88	
26.15	2128	-0.88	
26.14	2129	-0.88	
26.12	2129	-0.88	
26.11	2130	-0.88	
26.09	2131	-0.88	
26.08	2132	-0.88	
26.07	2132	-0.88	
26.05	2133	-0.88	
26.04	2134	-0.88	
26.02	2134	-0.88	
26.01	2135	-0.88	
25.99	2136	-0.88	
25.98	2136	-0.88	
25.97	2137	-0.88	
25.95	2138	-0.88	
25.94	2139	-0.88	
25.92	2139	-0.88	
25.91	2140	-0.88	
25.90	2141	-0.88	
25.88	2141	-0.88	
25.87	2142	-0.88	
25.85	2143	-0.88	
25.84	2143	-0.88	
25.83	2144	-0.88	
25.81	2145	-0.88	
25.80	2146	-0.88	
25.78	2146	-0.88	
25.77	2147	-0.88	
25.75	2148	-0.88	
25.74	2148	-0.88	
25.73	2149	-0.88	
25.71	2150	-0.88	
25.70	2150	-0.88	
25.68	2151	-0.88	
25.67	2152	-0.88	
25.66	2153	-0.88	
25.64	2153	-0.88	
25.63	2154	-0.88	
25.61	2155	-0.88	
25.60	2155	-0.89	
25.59	2156	-0.89	
25.57	2157	-0.89	
25.56	2157	-0.89	
25.54	2158	-0.89	
25.53	2159	-0.89	
25.51	2160	-0.89	
25.50	2160	-0.89	
25.49	2161	-0.89	
25.47	2162	-0.89	
25.46	2162	-0.89	
25.44	2163	-0.89	
25.43	2164	-0.89	
25.42	2164	-0.89	
25.40	2165	-0.89	
25.39	2166	-0.89	
25.37	2167	-0.89	
25.36	2167	-0.89	
25.35	2168	-0.89	
25.33	2169	-0.89	
25.32	2169	-0.89	
25.30	2170	-0.89	
25.29	2171	-0.89	
25.28	2171	-0.89	
25.26	2172	-0.89	
25.25	2173	-0.89	
25.23	2174	-0.89	
25.22	2174	-0.89	
25.20	2175	-0.89	
25.19	2176	-0.89	
25.18	2176	-0.89	
25.16	2177	-0.89	
25.15	2178	-0.89	
25.13	2178	-0.89	
25.12	2179	-0.89	
25.11	2180	-0.89	
25.09	2181	-0.89	
25.08	2181	-0.89	
25.06	2182	-0.89	
25.05	2183	-0.89	
25.03	2183	-0.89	
25.02	2184	-0.89	
25.01	2185	-0.89	
24.99	2185	-0.89	
24.98	2186	-0.89	
24.96	2187	-0.89	
24.95	2188	-0.89	
24.94	2188	-0.89	
24.92	2189	-0.89	
24.91	2190	-0.89	
24.89	2190	-0.89	
24.88	2191	-0.89	
24.86	2192	-0.89	
24.85	2192	-0.89	
24.84	2193	-0.89	
24.82	2194	-0.89	
24.81	2195	-0.89	
24.79	2195	-0.89	
24.78	2196	-0.89	
24.77	2197	-0.89	
24.75	2197	-0.89	
24.74	2198	-0.89	
24.72	2199	-0.89	
24.71	2199	-0.89	
24.69	2200	-0.89	
24.68	2201	-0.89	
24.67	2202	-0.89	
24.65	2202	-0.89	
24.64	2203	-0.89	
24.62	2204	-0.89	
24.61	2204	-0.89	
24.60	2205	-0.89	
24.58	2206	-0.89	
24.57	2206	-0.89	
24.55	2207	-0.89	
24.54	2208	-0.90	
24.52	2209	-0.90	
24.51	2209	-0.90	
24.50	2210	-0.90	
24.48	2211	-0.90	
24.47	2211	-0.89	
24.45	2212	-0.89	
24.44	2213	-0.89	
24.43	2213	-0.89	
24.41	2214	-0.89	
24.40	2215	-0.89	
24.38	2216	-0.90	
24.37	2216	-0.90	
24.36	2217	-0.90	
24.34	2218	-0.90	
24.33	2218	-0.90	
24.31	2219	-0.90	
24.30	2220	-0.90	
24.29	2220	-0.90	
24.27	2221	-0.90	
24.26	2222	-0.90	
24.24	2223	-0.90	
24.23	2223	-0.90	
24.21	2224	-0.90	
24.20	2225	-0.90	
24.19	2225	-0.90	
24.17	2226	-0.90	
24.16	2227	-0.90	
24.14	2227	-0.90	
24.13	2228	-0.90	
24.12	2229	-0.90	
24.10	2230	-0.90	
24.09	2230	-0.90	
24.07	2231	-0.90	
24.06	2232	-0.90	
24.04	2232	-0.90	
24.03	2233	-0.90	
24.02	2234	-0.90	
24.00	2234	-0.90	
23.99	2235	-0.90	
23.97	2236	-0.90	
23.96	2237	-0.90	
23.95	2237	-0.90	
23.93	2238	-0.90	
23.92	2239	-0.90	
23.90	2239	-0.90	
23.89	2240	-0.90	
23.88	2241	-0.90	
23.86	2241	-0.90	
23.85	2242	-0.90	
23.83	2243	-0.90	
23.82	2244	-0.90	
23.80	2244	-0.90	
23.79	2245	-0.90	
23.78	2246	-0.90	
23.76	2246	-0.90	
23.75	2247	-0.90	
23.73	2248	-0.90	
23.72	2248	-0.90	
23.71	2249	-0.90	
23.69	2250	-0.90	
23.68	2251	-0.90	
23.66	2251	-0.90	
23.65	2252	-0.90	
23.63	2253	-0.90	
23.62	2253	-0.90	
23.61	2254	-0.90	
23.59	2255	-0.90	
23.58	2255	-0.90	
23.56	2256	-0.90	
23.55	2257	-0.90	
23.54	2258	-0.90	
23.52	2258	-0.90	
23.51	2259	-0.90	
23.49	2260	-0.90	
23.48	2260	-0.90	
23.46	2261	-0.90	
23.45	2262	-0.90	
23.44	2262	-0.90	
23.42	2263	-0.90	
23.41	2264	-0.90	
23.39	2265	-0.90	
23.38	2265	-0.90	
23.37	2266	-0.90	
23.35	2267	-0.90	
23.34	2267	-0.90	
23.32	2268	-0.90	
23.31	2269	-0.90	
23.30	2269	-0.90	
23.28	2270	-0.90	
23.27	2271	-0.90	
23.25	2272	-0.90	
23.24	2272	-0.90	
23.22	2273	-0.90	
23.21	2274	-0.90	
23.19	2274	-0.90	
23.18	2275	-0.90	
23.17	2276	-0.90	
23.15	2276	-0.90	
23.14	2277	-0.90	
23.12	2278	-0.90	
23.11	2279	-0.90	
23.10	2279	-0.90	
23.08	2280	-0.90	
23.07	2281	-0.90	
23.05	2281	-0.90	
23.04	2282	-0.90	
23.03	2283	-0.90	
23.01	2283	-0.90	
23.00	2284	-0.90	
22.98	2285	-0.90	
22.97	2286	-0.90	
22.96	2286	-0.90	
22.94	2287	-0.90	
22.93	2288	-0.90	
22.91	2288	-0.90	
22.90	2289	-0.91	
22.89	2290	-0.91	
22.87	2290	-0.91	
22.86	2291	-0.90	
22.84	2292	-0.90	
22.83	2293	-0.90	
22.81	2293	-0.90	
22.80	2294	-0.90	
22.79	2295	-0.90	
22.77	2295	-0.90	
22.76	2296	-0.90	
22.74	2297	-0.90	
22.73	2297	-0.90	
22.72	2298	-0.90	
22.70	2299	-0.90	
22.69	2300	-0.90	
22.67	2300	-0.90	
22.66	2301	-0.90	
22.65	2302	-0.90	
22.63	2302	-0.90	
22.62	2303	-0.91	
22.60	2304	-0.91	
22.59	2304	-0.91	
22.57	2305	-0.91	
22.56	2306	-0.91	
22.55	2307	-0.91	
22.53	2307	-0.91	
22.52	2308	-0.91	
22.50	2309	-0.91	
22.49	2309	-0.91	
22.48	2310	-0.91	
22.46	2311	-0.91	
22.45	2311	-0.91	
22.43	2312	-0.91	
22.42	2313	-0.91	
22.40	2314	-0.91	
22.39	2314	-0.91	
22.38	2315	-0.91	
22.36	2316	-0.91	
22.35	2316	-0.91	
22.33	2317	-0.91	
22.32	2318	-0.91	
22.31	2318	-0.91	
22.29	2319	-0.91	
22.28	2320	-0.91	
22.26	2321	-0.91	
22.25	2321	-0.91	
22.24	2322	-0.91	
22.22	2323	-0.91	
22.21	2323	-0.91	
22.19	2324	-0.91	
22.18	2325	-0.91	
22.16	2325	-0.91	
22.15	2326	-0.91	
22.14	2327	-0.91	
22.12	2328	-0.91	
22.11	2328	-0.91	
22.09	2329	-0.91	
22.08	2330	-0.91	
22.07	2330	-0.91	
22.05	2331	-0.91	
22.04	2332	-0.91	
22.02	2332	-0.91	
22.01	2333	-0.91	
21.99	2334	-0.91	
21.98	2335	-0.91	
21.97	2335	-0.91	
21.95	2336	-0.91	
21.94	2337	-0.91	
21.92	2337	-0.91	
21.91	2338	-0.91	
21.90	2339	-0.91	
21.88	2339	-0.91	
21.87	2340	-0.91	
21.85	2341	-0.91	
21.84	2342	-0.91	
21.82	2342	-0.91	
21.81	2343	-0.91	
21.80	2344	-0.91	
21.78	2344	-0.91	
21.77	2345	-0.91	
21.75	2346	-0.91	
21.74	2346	-0.91	
21.73	2347	-0.91	
21.71	2348	-0.91	
21.70	2349	-0.91	
21.68	2349	-0.91	
21.67	2350	-0.91	
21.66	2351	-0.91	
21.64	2351	-0.91	
21.63	2352	-0.91	
21.61	2353	-0.91	
21.60	2353	-0.91	
21.58	2354	-0.91	
21.57	2355	-0.91	
21.56	2356	-0.91	
21.54	2356	-0.91	
21.53	2357	-0.91	
21.51	2358	-0.91	
21.50	2358	-0.91	
21.49	2359	-0.91	
21.47	2360	-0.91	
21.46	2360	-0.91	
21.44	2361	-0.91	
21.43	2362	-0.91	
21.42	2363	-0.91	
21.40	2363	-0.91	
21.39	2364	-0.91	
21.37	2365	-0.91	
21.36	2365	-0.91	
21.35	2366	-0.91	
21.33	2367	-0.91	
21.32	2367	-0.91	
21.30	2368	-0.91	
21.29	2369	-0.91	
21.27	2370	-0.91	
21.26	2370	-0.91	
21.25	2371	-0.91	
21.23	2372	-0.91	
21.22	2372	-0.91	
21.20	2373	-0.91	
21.19	2374	-0.91	
21.18	2374	-0.91	
21.16	2375	-0.91	
21.15	2376	-0.91	
21.13	2377	-0.91	
21.12	2377	-0.91	
21.10	2378	-0.91	
21.09	2379	-0.91	
21.08	2379	-0.91	
21.06	2380	-0.91	
21.05	2381	-0.91	
21.03	2381	-0.91	
21.02	2382	-0.91	
21.01	2383	-0.91	
20.99	2384	-0.92	
20.98	2384	-0.92	
20.96	2385	-0.92	
20.95	2386	-0.92	
20.94	2386	-0.92	
20.92	2387	-0.92	
20.91	2388	-0.92	
20.89	2388	-0.92	
20.88	2389	-0.92	
20.86	2390	-0.92	
20.85	2391	-0.92	
20.84	2391	-0.92	
20.82	2392	-0.92	
20.81	2393	-0.92	
20.79	2393	-0.92	
20.78	2394	-0.92	
20.77	2395	-0.92	
20.75	2395	-0.92	
20.74	2396	-0.92	
20.72	2397	-0.92	
20.71	2398	-0.92	
20.69	2398	-0.92	
20.68	2399	-0.92	
20.67	2400	-0.92	
20.65	2400	-0.92	
20.64	2401	-0.92	
20.62	2402	-0.92	
20.61	2402	-0.92	
20.60	2403	-0.92	
20.58	2404	-0.92	
20.57	2405	-0.92	
20.55	2405	-0.92	
20.54	2406	-0.92	
20.53	2407	-0.92	
20.51	2407	-0.92	
20.50	2408	-0.92	
20.48	2409	-0.92	
20.47	2409	-0.92	
20.46	2410	-0.92	
20.44	2411	-0.92	
20.43	2412	-0.92	
20.41	2412	-0.92	
20.40	2413	-0.92	
20.38	2414	-0.92	
20.37	2414	-0.92	
20.36	2415	-0.92	
20.34	2416	-0.92	
20.33	2416	-0.92	
20.31	2417	-0.92	
20.30	2418	-0.92	
20.29	2419	-0.92	
20.27	2419	-0.92	
20.26	2420	-0.92	
20.24	2421	-0.92	
20.23	2421	-0.92	
20.21	2422	-0.92	
20.20	2423	-0.92	
20.19	2423	-0.92	
20.17	2424	-0.92	
20.16	2425	-0.92	
20.14	2426	-0.92	
20.13	2426	-0.92	
20.12	2427	-0.92	
20.10	2428	-0.92	
20.09	2428	-0.92	
20.07	2429	-0.92	
20.06	2430	-0.92	
20.05	2430	-0.92	
20.03	2431	-0.92	
20.02	2432	-0.92	
20.00	2433	-0.92	
19.99	2433	-0.92	
19.98	2434	-0.92	
19.96	2435	-0.92	
19.95	2435	-0.92	
19.93	2436	-0.92	
19.92	2437	-0.92	
19.90	2437	-0.92	
19.89	2438	-0.92	
19.88	2439	-0.92	
19.86	2440	-0.92	
19.85	2440	-0.92	
19.83	2441	-0.92	
19.82	2442	-0.92	
19.80	2442	-0.92	
19.79	2443	-0.92	
19.78	2444	-0.92	
19.76	2444	-0.92	
19.75	2445	-0.92	
19.73	2446	-0.92	
19.72	2447	-0.92	
19.71	2447	-0.92	
19.69	2448	-0.92	
19.68	2449	-0.92	
19.66	2449	-0.92	
19.65	2450	-0.92	
19.64	2451	-0.92	
19.62	2451	-0.92	
19.61	2452	-0.92	
19.59	2453	-0.92	
19.58	2454	-0.92	
19.56	2454	-0.92	
19.55	2455	-0.92	
19.54	2456	-0.92	
19.52	2456	-0.92	
19.51	2457	-0.92	
19.49	2458	-0.92	
19.48	2458	-0.92	
19.46	2459	-0.92	
19.45	2460	-0.92	
19.44	2461	-0.92	
19.42	2461	-0.92	
19.41	2462	-0.92	
19.39	2463	-0.93	
19.38	2463	-0.93	
19.37	2464	-0.93	
19.35	2465	-0.93	
19.34	2465	-0.93	
19.32	2466	-0.92	
19.31	2467	-0.92	
19.30	2468	-0.92	
19.28	2468	-0.92	
19.27	2469	-0.92	
19.25	2470	-0.92	
19.24	2470	-0.92	
19.23	2471	-0.92	
19.21	2472	-0.92	
19.20	2472	-0.92	
19.18	2473	-0.92	
19.17	2474	-0.92	
19.16	2475	-0.92	
19.14	2475	-0.93	
19.13	2476	-0.93	
19.11	2477	-0.93	
19.10	2477	-0.93	
19.08	2478	-0.93	
19.07	2479	-0.93	
19.06	2479	-0.93	
19.04	2480	-0.93	
19.03	2481	-0.93	
19.01	2482	-0.93	
19.00	2482	-0.93	
18.99	2483	-0.93	
18.97	2484	-0.93	
18.96	2484	-0.93	
18.94	2485	-0.93	
18.93	2486	-0.93	
18.91	2486	-0.93	
18.90	2487	-0.93	
18.89	2488	-0.93	
18.87	2489	-0.93	
18.86	2489	-0.93	
18.84	2490	-0.93	
18.83	2491	-0.93	
18.82	2491	-0.93	
18.80	2492	-0.93	
18.79	2493	-0.93	
18.77	2493	-0.93	
18.76	2494	-0.93	
18.74	2495	-0.93	
18.73	2496	-0.93	
18.72	2496	-0.93	
18.70	2497	-0.93	
18.69	2498	-0.93	
18.67	2498	-0.93	
18.66	2499	-0.93	
18.65	2500	-0.93	
18.63	2500	-0.93	
18.62	2501	-0.93	
18.60	2502	-0.93	
18.59	2503	-0.93	
18.57	2503	-0.93	
18.56	2504	-0.93	
18.55	2505	-0.93	
18.53	2505	-0.93	
18.52	2506	-0.93	
18.50	2507	-0.93	
18.49	2507	-0.93	
18.48	2508	-0.93	
18.46	2509	-0.93	
18.45	2510	-0.93	
18.43	2510	-0.93	
18.42	2511	-0.93	
18.41	2512	-0.93	
18.39	2512	-0.93	
18.38	2513	-0.93	
18.36	2514	-0.93	
18.35	2514	-0.93	
18.34	2515	-0.93	
18.32	2516	-0.93	
18.31	2517	-0.93	
18.29	2517	-0.93	
18.28	2518	-0.93	
18.26	2519	-0.93	
18.25	2519	-0.93	
18.24	2520	-0.93	
18.22	2521	-0.93	
18.21	2521	-0.93	
18.19	2522	-0.93	
18.18	2523	-0.93	
18.17	2524	-0.93	
18.15	2524	-0.93	
18.14	2525	-0.93	
18.12	2526	-0.93	
18.11	2526	-0.93	
18.10	2527	-0.93	
18.08	2528	-0.93	
18.07	2528	-0.93	
18.05	2529	-0.93	
18.04	2530	-0.93	
18.03	2531	-0.93	
18.01	2531	-0.93	
18.00	2532	-0.93	
17.98	2533	-0.93	
17.97	2533	-0.93	
17.95	2534	-0.93	
17.94	2535	-0.93	
17.93	2535	-0.93	
17.91	2536	-0.93	
17.90	2537	-0.93	
17.88	2538	-0.93	
17.87	2538	-0.93	
17.86	2539	-0.93	
17.84	2540	-0.93	
17.83	2540	-0.93	
17.81	2541	-0.93	
17.80	2542	-0.93	
17.78	2542	-0.93	
17.77	2543	-0.93	
17.76	2544	-0.93	
17.74	2545	-0.93	
17.73	2545	-0.93	
17.71	2546	-0.93	
17.70	2547	-0.93	
17.69	2547	-0.93	
17.67	2548	-0.93	
17.66	2549	-0.93	
17.64	2549	-0.93	
17.63	2550	-0.93	
17.62	2551	-0.93	
17.60	2552	-0.93	
17.59	2552	-0.93	
17.57	2553	-0.93	
17.56	2554	-0.93	
17.54	2554	-0.93	
17.53	2555	-0.93	
17.52	2556	-0.93	
17.50	2556	-0.93	
17.49	2557	-0.93	
17.47	2558	-0.93	
17.46	2559	-0.93	
17.44	2559	-0.94	
17.43	2560	-0.94	
17.42	2561	-0.94	
17.40	2561	-0.94	
17.39	2562	-0.94	
17.37	2563	-0.94	
17.36	2563	-0.94	
17.35	2564	-0.93	
17.33	2565	-0.93	
17.32	2566	-0.93	
17.30	2566	-0.93	
17.29	2567	-0.93	
17.28	2568	-0.94	
17.26	2568	-0.94	
17.25	2569	-0.94	
17.23	2570	-0.94	
17.22	2570	-0.94	
17.21	2571	-0.94	
17.19	2572	-0.94	
17.18	2573	-0.94	
17.16	2573	-0.94	
17.15	2574	-0.94	
17.13	2575	-0.94	
17.12	2575	-0.94	
17.11	2576	-0.94	
17.09	2577	-0.94	
17.08	2577	-0.93	
17.06	2578	-0.93	
17.05	2579	-0.94	
17.04	2580	-0.94	
17.02	2580	-0.94	
17.01	2581	-0.94	
16.99	2582	-0.94	
16.98	2582	-0.94	
16.97	2583	-0.94	
16.95	2584	-0.94	
16.94	2584	-0.94	
16.92	2585	-0.94	
16.91	2586	-0.94	
16.89	2587	-0.94	
16.88	2587	-0.94	
16.87	2588	-0.94	
16.85	2589	-0.94	
16.84	2589	-0.94	
16.82	2590	-0.94	
16.81	2591	-0.94	
16.80	2591	-0.94	
16.78	2592	-0.94	
16.77	2593	-0.94	
16.75	2594	-0.94	
16.74	2594	-0.94	
16.73	2595	-0.94	
16.71	2596	-0.94	
16.70	2596	-0.94	
16.68	2597	-0.94	
16.67	2598	-0.94	
16.66	2598	-0.94	
16.64	2599	-0.94	
16.63	2600	-0.94	
16.61	2601	-0.94	
16.60	2601	-0.94	
16.59	2602	-0.94	
16.57	2603	-0.94	
16.56	2603	-0.94	
16.54	2604	-0.94	
16.53	2605	-0.94	
16.52	2605	-0.94	
16.50	2606	-0.94	
16.49	2607	-0.94	
16.47	2608	-0.94	
16.46	2608	-0.94	
16.44	2609	-0.94	
16.43	2610	-0.94	
16.42	2610	-0.94	
16.40	2611	-0.94	
16.39	2612	-0.94	
16.37	2612	-0.94	
16.36	2613	-0.94	
16.35	2614	-0.94	
16.33	2615	-0.94	
16.32	2615	-0.94	
16.30	2616	-0.94	
16.29	2617	-0.94	
16.28	2617	-0.94	
16.26	2618	-0.94	
16.25	2619	-0.94	
16.23	2619	-0.94	
16.22	2620	-0.94	
16.21	2621	-0.94	
16.19	2622	-0.94	
16.18	2622	-0.94	
16.16	2623	-0.94	
16.15	2624	-0.94	
16.13	2624	-0.94	
16.12	2625	-0.94	
16.11	2626	-0.94	
16.09	2626	-0.94	
16.08	2627	-0.94	
16.06	2628	-0.94	
16.05	2629	-0.94	
16.04	2629	-0.94	
16.02	2630	-0.94	
16.01	2631	-0.94	
15.99	2631	-0.94	
15.98	2632	-0.94	
15.96	2633	-0.94	
15.95	2633	-0.94	
15.94	2634	-0.94	
15.92	2635	-0.94	
15.91	2636	-0.94	
15.89	2636	-0.94	
15.88	2637	-0.94	
15.87	2638	-0.94	
15.85	2638	-0.94	
15.84	2639	-0.94	
15.82	2640	-0.94	
15.81	2640	-0.94	
15.80	2641	-0.94	
15.78	2642	-0.94	
15.77	2643	-0.94	
15.75	2643	-0.95	
15.74	2644	-0.95	
15.73	2645	-0.94	
15.71	2645	-0.94	
15.70	2646	-0.94	
15.68	2647	-0.94	
15.67	2647	-0.94	
15.66	2648	-0.94	
15.64	2649	-0.94	
15.63	2650	-0.94	
15.61	2650	-0.94	
15.60	2651	-0.94	
15.58	2652	-0.94	
15.57	2652	-0.94	
15.56	2653	-0.94	
15.54	2654	-0.94	
15.53	2654	-0.94	
15.51	2655	-0.94	
15.50	2656	-0.94	
15.49	2657	-0.94	
15.47	2657	-0.94	
15.46	2658	-0.94	
15.44	2659	-0.94	
15.43	2659	-0.94	
15.42	2660	-0.94	
15.40	2661	-0.94	
15.39	2661	-0.94	
15.37	2662	-0.94	
15.36	2663	-0.94	
15.35	2664	-0.94	
15.33	2664	-0.94	
15.32	2665	-0.94	
15.30	2666	-0.94	
15.29	2666	-0.95	
15.28	2667	-0.95	
15.26	2668	-0.95	
15.25	2668	-0.95	
15.23	2669	-0.95	
15.22	2670	-0.95	
15.20	2671	-0.95	
15.19	2671	-0.95	
15.18	2672	-0.95	
15.16	2673	-0.95	
15.15	2673	-0.95	
15.13	2674	-0.95	
15.12	2675	-0.95	
15.11	2675	-0.95	
15.09	2676	-0.95	
15.08	2677	-0.95	
15.06	2678	-0.95	
15.05	2678	-0.95	
15.04	2679	-0.95	
15.02	2680	-0.95	
15.01	2680	-0.95	
14.99	2681	-0.95	
14.98	2682	-0.95	
14.97	2682	-0.95	
14.95	2683	-0.95	
14.94	2684	-0.95	
14.92	2685	-0.95	
14.91	2685	-0.95	
14.90	2686	-0.95	
14.88	2687	-0.95	
14.87	2687	-0.95	
14.85	2688	-0.95	
14.84	2689	-0.95	
14.82	2689	-0.95	
14.81	2690	-0.95	
14.80	2691	-0.95	
14.78	2692	-0.95	
14.77	2692	-0.95	
14.75	2693	-0.95	
14.74	2694	-0.95	
14.73	2694	-0.95	
14.71	2695	-0.95	
14.70	2696	-0.95	
14.68	2696	-0.95	
14.67	2697	-0.95	
14.66	2698	-0.95	
14.64	2699	-0.95	
14.63	2699	-0.95	
14.61	2700	-0.95	
14.60	2701	-0.95	
14.59	2701	-0.95	
14.57	2702	-0.95	
14.56	2703	-0.95	
14.54	2703	-0.95	
14.53	2704	-0.95	
14.52	2705	-0.95	
14.50	2706	-0.95	
14.49	2706	-0.95	
14.47	2707	-0.95	
14.46	2708	-0.95	
14.45	2708	-0.95	
14.43	2709	-0.95	
14.42	2710	-0.95	
14.40	2710	-0.95	
14.39	2711	-0.95	
14.37	2712	-0.95	
14.36	2713	-0.95	
14.35	2713	-0.95	
14.33	2714	-0.95	
14.32	2715	-0.95	
14.30	2715	-0.95	
14.29	2716	-0.95	
14.28	2717	-0.95	
14.26	2717	-0.95	
14.25	2718	-0.95	
14.23	2719	-0.95	
14.22	2720	-0.95	
14.21	2720	-0.95	
14.19	2721	-0.95	
14.18	2722	-0.95	
14.16	2722	-0.95	
14.15	2723	-0.95	
14.13	2724	-0.95	
14.12	2724	-0.95	
14.11	2725	-0.95	
14.09	2726	-0.95	
14.08	2727	-0.95	
14.06	2727	-0.95	
14.05	2728	-0.95	
14.04	2729	-0.95	
14.02	2729	-0.95	
14.01	2730	-0.95	
13.99	2731	-0.95	
13.98	2731	-0.95	
13.97	2732	-0.95	
13.95	2733	-0.95	
13.94	2734	-0.95	
13.92	2734	-0.95	
13.91	2735	-0.95	
13.90	2736	-0.95	
13.88	2736	-0.95	
13.87	2737	-0.95	
13.85	2738	-0.95	
13.84	2738	-0.95	
13.82	2739	-0.95	
13.81	2740	-0.95	
13.80	2741	-0.95	
13.78	2741	-0.95	
13.77	2742	-0.95	
13.75	2743	-0.95	
13.74	2743	-0.95	
13.73	2744	-0.95	
13.71	2745	-0.95	
13.70	2745	-0.95	
13.68	2746	-0.96	
13.67	2747	-0.96	
13.66	2748	-0.96	
13.64	2748	-0.96	
13.63	2749	-0.96	
13.62	2750	-0.96	
13.60	2750	-0.95	
13.59	2751	-0.95	
13.57	2752	-0.95	
13.56	2752	-0.95	
13.54	2753	-0.95	
13.53	2754	-0.96	
13.52	2755	-0.95	
13.50	2755	-0.95	
13.49	2756	-0.95	
13.47	2757	-0.95	
13.46	2757	-0.95	
13.45	2758	-0.95	
13.43	2759	-0.95	
13.42	2759	-0.95	
13.40	2760	-0.95	
13.39	2761	-0.95	
13.38	2762	-0.95	
13.36	2762	-0.95	
13.35	2763	-0.95	
13.33	2764	-0.95	
13.32	2764	-0.95	
13.31	2765	-0.95	
13.29	2766	-0.95	
13.28	2766	-0.95	
13.26	2767	-0.96	
13.25	2768	-0.96	
13.24	2769	-0.96	
13.22	2769	-0.96	
13.21	2770	-0.96	
13.19	2771	-0.96	
13.18	2771	-0.96	
13.16	2772	-0.96	
13.15	2773	-0.96	
13.14	2773	-0.96	
13.12	2774	-0.96	
13.11	2775	-0.96	
13.09	2776	-0.96	
13.08	2776	-0.96	
13.07	2777	-0.96	
13.05	2778	-0.96	
13.04	2778	-0.96	
13.02	2779	-0.96	
13.01	2780	-0.96	
13.00	2780	-0.96	
12.98	2781	-0.96	
12.97	2782	-0.96	
12.95	2783	-0.96	
12.94	2783	-0.96	
12.93	2784	-0.96	
12.91	2785	-0.96	
12.90	2785	-0.96	
12.88	2786	-0.96	
12.87	2787	-0.96	
12.86	2787	-0.96	
12.84	2788	-0.96	
12.83	2789	-0.96	
12.81	2790	-0.96	
12.80	2790	-0.96	
12.79	2791	-0.96	
12.77	2792	-0.96	
12.76	2792	-0.96	
12.74	2793	-0.96	
12.73	2794	-0.96	
12.72	2794	-0.96	
12.70	2795	-0.96	
12.69	2796	-0.96	
12.67	2797	-0.96	
12.66	2797	-0.96	
12.65	2798	-0.96	
12.63	2799	-0.96	
12.62	2799	-0.96	
12.60	2800	-0.96	
12.59	2801	-0.96	
12.57	2801	-0.96	
12.56	2802	-0.96	
12.55	2803	-0.96	
12.53	2804	-0.96	
12.52	2804	-0.96	
12.51	2805	-0.96	
12.49	2806	-0.96	
12.48	2806	-0.96	
12.46	2807	-0.96	
12.45	2808	-0.96	
12.44	2808	-0.96	
12.42	2809	-0.96	
12.41	2810	-0.96	
12.39	2811	-0.96	
12.38	2811	-0.96	
12.37	2812	-0.96	
12.35	2813	-0.96	
12.34	2813	-0.96	
12.32	2814	-0.96	
12.31	2815	-0.96	
12.30	2815	-0.96	
12.28	2816	-0.96	
12.27	2817	-0.96	
12.25	2818	-0.96	
12.24	2818	-0.96	
12.22	2819	-0.96	
12.21	2820	-0.96	
12.20	2820	-0.96	
12.18	2821	-0.96	
12.17	2822	-0.96	
12.15	2822	-0.96	
12.14	2823	-0.96	
12.13	2824	-0.96	
12.11	2825	-0.96	
12.10	2825	-0.96	
12.09	2826	-0.96	
12.07	2827	-0.96	
12.06	2827	-0.96	
12.04	2828	-0.96	
12.03	2829	-0.96	
12.02	2829	-0.96	
12.00	2830	-0.96	
11.99	2831	-0.96	
11.97	2832	-0.96	
11.96	2832	-0.96	
11.95	2833	-0.96	
11.93	2834	-0.96	
11.92	2834	-0.96	
11.90	2835	-0.96	
11.89	2836	-0.96	
11.88	2836	-0.96	
11.86	2837	-0.96	
11.85	2838	-0.96	
11.83	2839	-0.96	
11.82	2839	-0.96	
11.81	2840	-0.96	
11.79	2841	-0.96	
11.78	2841	-0.96	
11.76	2842	-0.96	
11.75	2843	-0.96	
11.74	2843	-0.96	
11.72	2844	-0.96	
11.71	2845	-0.96	
11.69	2846	-0.96	
11.68	2846	-0.96	
11.67	2847	-0.96	
11.65	2848	-0.96	
11.64	2848	-0.96	
11.62	2849	-0.96	
11.61	2850	-0.96	
11.60	2850	-0.96	
11.58	2851	-0.96	
11.57	2852	-0.96	
11.55	2853	-0.96	
11.54	2853	-0.96	
11.53	2854	-0.96	
11.51	2855	-0.96	
11.50	2855	-0.96	
11.48	2856	-0.96	
11.47	2857	-0.96	
11.46	2857	-0.96	
11.44	2858	-0.96	
11.43	2859	-0.96	
11.42	2860	-0.96	
11.40	2860	-0.96	
11.39	2861	-0.96	
11.37	2862	-0.96	
11.36	2862	-0.96	
11.35	2863	-0.96	
11.33	2864	-0.96	
11.32	2864	-0.96	
11.30	2865	-0.96	
11.29	2866	-0.96	
11.27	2867	-0.96	
11.26	2867	-0.96	
11.25	2868	-0.96	
11.23	2869	-0.96	
11.22	2869	-0.96	
11.20	2870	-0.96	
11.19	2871	-0.96	
11.18	2871	-0.96	
11.16	2872	-0.96	
11.15	2873	-0.96	
11.13	2874	-0.96	
11.12	2874	-0.96	
11.11	2875	-0.96	
11.09	2876	-0.96	
11.08	2876	-0.96	
11.06	2877	-0.96	
11.05	2878	-0.96	
11.04	2878	-0.96	
11.02	2879	-0.96	
11.01	2880	-0.96	
11.00	2881	-0.96	
10.98	2881	-0.96	
10.97	2882	-0.96	
10.95	2883	-0.96	
10.94	2883	-0.96	
10.93	2884	-0.96	
10.91	2885	-0.96	
10.90	2885	-0.96	
10.88	2886	-0.95	
10.87	2887	-0.95	
10.86	2888	-0.95	
10.84	2888	-0.95	
10.83	2889	-0.96	
10.82	2890	-0.95	
10.80	2890	-0.95	
10.79	2891	-0.95	
10.77	2892	-0.95	
10.76	2892	-0.95	
10.75	2893	-0.95	
10.73	2894	-0.95	
10.72	2895	-0.95	
10.70	2895	-0.95	
10.69	2896	-0.95	
10.68	2897	-0.95	
10.66	2897	-0.95	
10.65	2898	-0.95	
10.63	2899	-0.95	
10.62	2899	-0.95	
10.61	2900	-0.95	
10.59	2901	-0.95	
10.58	2902	-0.95	
10.57	2902	-0.95	
10.55	2903	-0.95	
10.54	2904	-0.95	
10.52	2904	-0.95	
10.51	2905	-0.95	
10.49	2906	-0.95	
10.48	2906	-0.95	
10.47	2907	-0.95	
10.45	2908	-0.95	
10.44	2909	-0.95	
10.43	2909	-0.95	
10.41	2910	-0.95	
10.40	2911	-0.95	
10.38	2911	-0.95	
10.37	2912	-0.95	
10.36	2913	-0.95	
10.34	2913	-0.95	
10.33	2914	-0.95	
10.31	2915	-0.95	
10.30	2916	-0.95	
10.29	2916	-0.95	
10.27	2917	-0.95	
10.26	2918	-0.95	
10.25	2918	-0.95	
10.23	2919	-0.95	
10.22	2920	-0.95	
10.20	2920	-0.95	
10.19	2921	-0.95	
10.18	2922	-0.95	
10.16	2923	-0.95	
10.15	2923	-0.95	
10.13	2924	-0.95	
10.12	2925	-0.95	
10.11	2925	-0.95	
10.09	2926	-0.95	
10.08	2927	-0.95	
10.06	2927	-0.95	
10.05	2928	-0.95	
10.04	2929	-0.94	
10.02	2930	-0.94	
10.01	2930	-0.94	
10.00	2931	-0.94	
9.98	2932	-0.94	
9.97	2932	-0.94	
9.95	2933	-0.94	
9.94	2934	-0.95	
9.93	2934	-0.94	
9.91	2935	-0.94	
9.90	2936	-0.94	
9.88	2937	-0.94	
9.87	2937	-0.94	
9.86	2938	-0.94	
9.84	2939	-0.94	
9.83	2939	-0.94	
9.82	2940	-0.94	
9.80	2941	-0.94	
9.79	2941	-0.94	
9.77	2942	-0.94	
9.76	2943	-0.94	
9.75	2944	-0.94	
9.73	2944	-0.94	
9.72	2945	-0.94	
9.70	2946	-0.94	
9.69	2946	-0.94	
9.68	2947	-0.94	
9.66	2948	-0.94	
9.65	2948	-0.94	
9.64	2949	-0.94	
9.62	2950	-0.94	
9.61	2951	-0.94	
9.59	2951	-0.94	
9.58	2952	-0.94	
9.57	2953	-0.93	
9.55	2953	-0.93	
9.54	2954	-0.93	
9.53	2955	-0.93	
9.51	2955	-0.93	
9.50	2956	-0.93	
9.48	2957	-0.93	
9.47	2958	-0.93	
9.46	2958	-0.93	
9.44	2959	-0.93	
9.43	2960	-0.93	
9.42	2960	-0.93	
9.40	2961	-0.93	
9.39	2962	-0.93	
9.37	2962	-0.93	
9.36	2963	-0.93	
9.35	2964	-0.93	
9.33	2965	-0.93	
9.32	2965	-0.93	
9.30	2966	-0.93	
9.29	2967	-0.93	
9.28	2967	-0.93	
9.26	2968	-0.93	
9.25	2969	-0.93	
9.24	2969	-0.93	
9.22	2970	-0.93	
9.21	2971	-0.93	
9.19	2972	-0.93	
9.18	2972	-0.92	
9.17	2973	-0.92	
9.15	2974	-0.92	
9.14	2974	-0.92	
9.13	2975	-0.92	
9.11	2976	-0.92	
9.10	2976	-0.92	
9.09	2977	-0.92	
9.07	2978	-0.92	
9.06	2979	-0.92	
9.05	2979	-0.92	
9.03	2980	-0.92	
9.02	2981	-0.92	
9.00	2981	-0.92	
8.99	2982	-0.92	
8.98	2983	-0.92	
8.96	2983	-0.92	
8.95	2984	-0.92	
8.94	2985	-0.92	
8.92	2986	-0.92	
8.91	2986	-0.92	
8.89	2987	-0.92	
8.88	2988	-0.92	
8.87	2988	-0.92	
8.85	2989	-0.91	
8.84	2990	-0.91	
8.83	2990	-0.91	
8.81	2991	-0.91	
8.80	2992	-0.91	
8.78	2993	-0.91	
8.77	2993	-0.91	
8.76	2994	-0.91	
8.74	2995	-0.91	
8.73	2995	-0.91	
8.72	2996	-0.91	
8.70	2997	-0.91	
8.69	2997	-0.91	
8.67	2998	-0.91	
8.66	2999	-0.91	
8.65	3000	-0.91	
