empty
Furnace temperature 	Time	HeatFlow	
/°C	/s	/mW	
64.80	0	0.23	
64.80	1	0.23	
64.84	1	0.23	
64.93	2	0.23	
65.04	3	0.23	
65.16	4	0.23	
65.28	4	0.23	
65.42	5	0.22	
65.57	6	0.22	
65.74	6	0.22	
65.92	7	0.22	
66.09	8	0.22	
66.28	8	0.22	
66.45	9	0.22	
66.63	10	0.21	
66.79	11	0.21	
66.95	11	0.21	
67.10	12	0.20	
67.23	13	0.20	
67.35	13	0.19	
67.46	14	0.19	
67.56	15	0.18	
67.64	15	0.17	
67.71	16	0.17	
67.76	17	0.16	
67.81	18	0.15	
67.84	18	0.14	
67.87	19	0.14	
67.89	20	0.13	
67.90	20	0.12	
67.90	21	0.11	
67.90	22	0.10	
67.90	22	0.10	
67.90	23	0.09	
67.89	24	0.08	
67.89	25	0.07	
67.88	25	0.07	
67.87	26	0.06	
67.87	27	0.05	
67.86	27	0.05	
67.86	28	0.04	
67.86	29	0.03	
67.85	29	0.03	
67.85	30	0.02	
67.85	31	0.02	
67.85	32	0.01	
67.85	32	0.00	
67.85	33	-0.00	
67.85	34	-0.01	
67.86	34	-0.01	
67.86	35	-0.02	
67.86	36	-0.02	
67.86	36	-0.03	
67.86	37	-0.03	
67.86	38	-0.03	
67.86	39	-0.04	
67.86	39	-0.04	
67.86	40	-0.05	
67.86	41	-0.05	
67.85	41	-0.05	
67.85	42	-0.06	
67.84	43	-0.06	
67.84	43	-0.06	
67.83	44	-0.07	
67.82	45	-0.07	
67.82	46	-0.07	
67.81	46	-0.08	
67.80	47	-0.08	
67.80	48	-0.08	
67.79	48	-0.08	
67.78	49	-0.09	
67.77	50	-0.09	
67.77	50	-0.09	
67.76	51	-0.09	
67.75	52	-0.09	
67.75	53	-0.09	
67.74	53	-0.10	
67.73	54	-0.10	
67.72	55	-0.10	
67.72	55	-0.10	
67.71	56	-0.10	
67.70	57	-0.10	
67.69	57	-0.10	
67.68	58	-0.10	
67.68	59	-0.10	
67.67	60	-0.10	
67.66	60	-0.10	
67.65	61	-0.11	
67.64	62	-0.11	
67.63	62	-0.11	
67.62	63	-0.11	
67.61	64	-0.11	
67.60	64	-0.11	
67.59	65	-0.11	
67.59	66	-0.11	
67.58	67	-0.11	
67.57	67	-0.11	
67.56	68	-0.11	
67.55	69	-0.11	
67.54	69	-0.11	
67.53	70	-0.10	
67.52	71	-0.10	
67.51	71	-0.10	
67.50	72	-0.10	
67.49	73	-0.10	
67.48	74	-0.10	
67.47	74	-0.10	
67.46	75	-0.10	
67.45	76	-0.10	
67.44	76	-0.10	
67.43	77	-0.10	
67.42	78	-0.10	
67.41	78	-0.10	
67.39	79	-0.10	
67.38	80	-0.10	
67.37	81	-0.10	
67.36	81	-0.10	
67.35	82	-0.10	
67.34	83	-0.10	
67.33	83	-0.10	
67.32	84	-0.10	
67.30	85	-0.10	
67.29	85	-0.10	
67.28	86	-0.10	
67.27	87	-0.10	
67.26	88	-0.09	
67.25	88	-0.09	
67.24	89	-0.09	
67.22	90	-0.09	
67.21	90	-0.09	
67.20	91	-0.09	
67.19	92	-0.09	
67.18	92	-0.09	
67.17	93	-0.09	
67.16	94	-0.09	
67.14	95	-0.09	
67.13	95	-0.09	
67.12	96	-0.09	
67.11	97	-0.09	
67.10	97	-0.09	
67.08	98	-0.09	
67.07	99	-0.09	
67.06	99	-0.09	
67.05	100	-0.09	
67.04	101	-0.09	
67.02	102	-0.09	
67.01	102	-0.09	
67.00	103	-0.09	
66.99	104	-0.09	
66.97	104	-0.09	
66.96	105	-0.09	
66.95	106	-0.09	
66.94	106	-0.09	
66.93	107	-0.09	
66.91	108	-0.09	
66.90	109	-0.09	
66.89	109	-0.09	
66.88	110	-0.09	
66.86	111	-0.09	
66.85	111	-0.09	
66.84	112	-0.09	
66.83	113	-0.09	
66.81	113	-0.09	
66.80	114	-0.09	
66.79	115	-0.09	
66.78	116	-0.09	
66.76	116	-0.09	
66.75	117	-0.09	
66.74	118	-0.09	
66.73	118	-0.09	
66.71	119	-0.09	
66.70	120	-0.09	
66.69	120	-0.09	
66.67	121	-0.09	
66.66	122	-0.10	
66.65	123	-0.10	
66.64	123	-0.10	
66.62	124	-0.10	
66.61	125	-0.10	
66.60	125	-0.10	
66.58	126	-0.10	
66.57	127	-0.10	
66.56	127	-0.10	
66.55	128	-0.10	
66.53	129	-0.10	
66.52	130	-0.10	
66.51	130	-0.11	
66.49	131	-0.11	
66.48	132	-0.11	
66.47	132	-0.11	
66.45	133	-0.11	
66.44	134	-0.11	
66.43	134	-0.11	
66.41	135	-0.11	
66.40	136	-0.12	
66.39	137	-0.12	
66.37	137	-0.12	
66.36	138	-0.12	
66.35	139	-0.12	
66.33	139	-0.12	
66.32	140	-0.12	
66.31	141	-0.13	
66.29	141	-0.13	
66.28	142	-0.13	
66.27	143	-0.13	
66.25	144	-0.13	
66.24	144	-0.13	
66.23	145	-0.13	
66.21	146	-0.14	
66.20	146	-0.14	
66.19	147	-0.14	
66.17	148	-0.14	
66.16	148	-0.14	
66.15	149	-0.14	
66.13	150	-0.15	
66.12	151	-0.15	
66.11	151	-0.15	
66.09	152	-0.15	
66.08	153	-0.15	
66.07	153	-0.15	
66.05	154	-0.15	
66.04	155	-0.16	
66.03	155	-0.16	
66.01	156	-0.16	
66.00	157	-0.16	
65.99	158	-0.16	
65.97	158	-0.17	
65.96	159	-0.17	
65.95	160	-0.17	
65.93	160	-0.17	
65.92	161	-0.17	
65.90	162	-0.17	
65.89	162	-0.18	
65.90	163	-0.18	
65.90	164	-0.18	
65.90	165	-0.18	
65.91	165	-0.19	
65.91	166	-0.19	
65.91	167	-0.19	
65.91	167	-0.19	
65.90	168	-0.19	
65.90	169	-0.20	
65.89	169	-0.20	
65.88	170	-0.20	
65.87	171	-0.20	
65.86	172	-0.20	
65.84	172	-0.21	
65.83	173	-0.21	
65.81	174	-0.21	
65.80	174	-0.21	
65.78	175	-0.21	
65.76	176	-0.22	
65.74	176	-0.22	
65.73	177	-0.22	
65.71	178	-0.22	
65.69	179	-0.22	
65.68	179	-0.23	
65.66	180	-0.23	
65.64	181	-0.23	
65.63	181	-0.23	
65.62	182	-0.23	
65.60	183	-0.24	
65.59	183	-0.24	
65.58	184	-0.24	
65.57	185	-0.24	
65.56	186	-0.25	
65.55	186	-0.25	
65.54	187	-0.25	
65.53	188	-0.25	
65.51	188	-0.26	
65.50	189	-0.26	
65.49	190	-0.26	
65.48	190	-0.26	
65.47	191	-0.26	
65.46	192	-0.26	
65.45	193	-0.27	
65.43	193	-0.27	
65.42	194	-0.27	
65.41	195	-0.27	
65.39	195	-0.28	
65.38	196	-0.28	
65.36	197	-0.28	
65.35	197	-0.28	
65.34	198	-0.29	
65.32	199	-0.29	
65.31	200	-0.29	
65.29	200	-0.29	
65.28	201	-0.30	
65.26	202	-0.30	
65.25	202	-0.30	
65.24	203	-0.30	
65.22	204	-0.30	
65.21	204	-0.30	
65.19	205	-0.30	
65.18	206	-0.31	
65.17	207	-0.31	
65.15	207	-0.31	
65.14	208	-0.31	
65.13	209	-0.32	
65.11	209	-0.32	
65.10	210	-0.32	
65.09	211	-0.32	
65.07	211	-0.32	
65.06	212	-0.32	
65.05	213	-0.33	
65.03	214	-0.33	
65.02	214	-0.33	
65.00	215	-0.33	
64.99	216	-0.33	
64.98	216	-0.34	
64.96	217	-0.34	
64.95	218	-0.34	
64.93	218	-0.34	
64.92	219	-0.34	
64.91	220	-0.34	
64.89	221	-0.35	
64.88	221	-0.35	
64.86	222	-0.35	
64.85	223	-0.35	
64.84	223	-0.35	
64.82	224	-0.36	
64.81	225	-0.36	
64.79	225	-0.36	
64.78	226	-0.36	
64.77	227	-0.36	
64.75	228	-0.37	
64.74	228	-0.37	
64.72	229	-0.37	
64.71	230	-0.37	
64.69	230	-0.37	
64.68	231	-0.38	
64.67	232	-0.38	
64.65	232	-0.38	
64.64	233	-0.38	
64.62	234	-0.39	
64.61	235	-0.39	
64.59	235	-0.39	
64.58	236	-0.39	
64.56	237	-0.39	
64.55	237	-0.39	
64.54	238	-0.39	
64.52	239	-0.40	
64.51	239	-0.40	
64.49	240	-0.40	
64.48	241	-0.40	
64.46	242	-0.40	
64.45	242	-0.41	
64.44	243	-0.41	
64.42	244	-0.41	
64.41	244	-0.41	
64.39	245	-0.41	
64.38	246	-0.42	
64.37	246	-0.42	
64.35	247	-0.42	
64.34	248	-0.42	
64.32	249	-0.42	
64.31	249	-0.42	
64.29	250	-0.42	
64.28	251	-0.43	
64.26	251	-0.43	
64.25	252	-0.43	
64.24	253	-0.43	
64.22	253	-0.43	
64.21	254	-0.44	
64.19	255	-0.44	
64.18	256	-0.44	
64.16	256	-0.44	
64.15	257	-0.44	
64.13	258	-0.45	
64.12	258	-0.45	
64.10	259	-0.45	
64.09	260	-0.45	
64.07	260	-0.45	
64.06	261	-0.45	
64.05	262	-0.45	
64.03	263	-0.45	
64.02	263	-0.46	
64.00	264	-0.46	
63.99	265	-0.46	
63.97	265	-0.46	
63.96	266	-0.46	
63.95	267	-0.46	
63.93	267	-0.47	
63.92	268	-0.47	
63.90	269	-0.47	
63.89	270	-0.47	
63.87	270	-0.47	
63.86	271	-0.47	
63.84	272	-0.48	
63.83	272	-0.48	
63.81	273	-0.48	
63.80	274	-0.48	
63.78	274	-0.48	
63.77	275	-0.48	
63.75	276	-0.49	
63.74	277	-0.49	
63.72	277	-0.49	
63.71	278	-0.49	
63.70	279	-0.49	
63.68	279	-0.49	
63.67	280	-0.49	
63.65	281	-0.50	
63.64	281	-0.50	
63.62	282	-0.50	
63.61	283	-0.50	
63.59	284	-0.50	
63.58	284	-0.50	
63.56	285	-0.50	
63.55	286	-0.51	
63.54	286	-0.51	
63.52	287	-0.51	
63.51	288	-0.51	
63.49	288	-0.52	
63.48	289	-0.52	
63.46	290	-0.52	
63.45	291	-0.52	
63.44	291	-0.52	
63.42	292	-0.52	
63.41	293	-0.52	
63.39	293	-0.52	
63.38	294	-0.52	
63.36	295	-0.52	
63.35	295	-0.53	
63.33	296	-0.53	
63.32	297	-0.53	
63.30	298	-0.53	
63.29	298	-0.53	
63.28	299	-0.54	
63.26	300	-0.54	
63.25	300	-0.54	
63.23	301	-0.54	
63.22	302	-0.54	
63.20	302	-0.54	
63.19	303	-0.54	
63.17	304	-0.55	
63.16	305	-0.55	
63.14	305	-0.55	
63.13	306	-0.55	
63.11	307	-0.55	
63.10	307	-0.55	
63.09	308	-0.55	
63.07	309	-0.55	
63.06	309	-0.55	
63.04	310	-0.55	
63.03	311	-0.55	
63.01	312	-0.56	
63.00	312	-0.56	
62.98	313	-0.56	
62.97	314	-0.56	
62.96	314	-0.56	
62.94	315	-0.56	
62.93	316	-0.57	
62.91	316	-0.57	
62.90	317	-0.57	
62.88	318	-0.57	
62.87	319	-0.57	
62.85	319	-0.57	
62.84	320	-0.57	
62.83	321	-0.57	
62.81	321	-0.58	
62.80	322	-0.58	
62.78	323	-0.58	
62.77	323	-0.58	
62.75	324	-0.58	
62.74	325	-0.58	
62.72	326	-0.58	
62.71	326	-0.58	
62.69	327	-0.58	
62.68	328	-0.58	
62.67	328	-0.59	
62.65	329	-0.59	
62.64	330	-0.59	
62.62	330	-0.59	
62.61	331	-0.59	
62.59	332	-0.59	
62.58	333	-0.59	
62.56	333	-0.59	
62.55	334	-0.59	
62.53	335	-0.59	
62.52	335	-0.59	
62.51	336	-0.59	
62.49	337	-0.60	
62.48	337	-0.60	
62.46	338	-0.60	
62.45	339	-0.60	
62.43	340	-0.60	
62.42	340	-0.60	
62.40	341	-0.60	
62.39	342	-0.60	
62.37	342	-0.61	
62.36	343	-0.61	
62.34	344	-0.61	
62.33	344	-0.61	
62.32	345	-0.61	
62.30	346	-0.61	
62.29	347	-0.61	
62.27	347	-0.61	
62.26	348	-0.61	
62.24	349	-0.61	
62.23	349	-0.61	
62.21	350	-0.61	
62.20	351	-0.62	
62.19	351	-0.62	
62.17	352	-0.62	
62.16	353	-0.62	
62.14	354	-0.62	
62.13	354	-0.62	
62.11	355	-0.62	
62.10	356	-0.62	
62.08	356	-0.62	
62.07	357	-0.62	
62.06	358	-0.63	
62.04	358	-0.63	
62.03	359	-0.63	
62.01	360	-0.63	
62.00	361	-0.63	
61.98	361	-0.63	
61.97	362	-0.63	
61.95	363	-0.63	
61.94	363	-0.63	
61.92	364	-0.63	
61.91	365	-0.63	
61.90	365	-0.63	
61.88	366	-0.63	
61.87	367	-0.63	
61.85	368	-0.63	
61.84	368	-0.63	
61.82	369	-0.63	
61.81	370	-0.63	
61.79	370	-0.64	
61.78	371	-0.64	
61.76	372	-0.64	
61.75	372	-0.64	
61.73	373	-0.64	
61.72	374	-0.64	
61.71	375	-0.64	
61.69	375	-0.64	
61.68	376	-0.64	
61.66	377	-0.65	
61.65	377	-0.65	
61.63	378	-0.65	
61.62	379	-0.65	
61.61	379	-0.65	
61.59	380	-0.65	
61.58	381	-0.65	
61.56	382	-0.65	
61.55	382	-0.65	
61.53	383	-0.65	
61.52	384	-0.65	
61.50	384	-0.65	
61.49	385	-0.65	
61.48	386	-0.65	
61.46	386	-0.65	
61.45	387	-0.65	
61.43	388	-0.65	
61.42	389	-0.65	
61.40	389	-0.66	
61.39	390	-0.66	
61.37	391	-0.66	
61.36	391	-0.66	
61.34	392	-0.66	
61.33	393	-0.66	
61.32	393	-0.66	
61.30	394	-0.66	
61.29	395	-0.66	
61.27	396	-0.66	
61.26	396	-0.66	
61.24	397	-0.66	
61.23	398	-0.66	
61.21	398	-0.66	
61.20	399	-0.66	
61.19	400	-0.66	
61.17	400	-0.66	
61.16	401	-0.66	
61.14	402	-0.67	
61.13	403	-0.67	
61.11	403	-0.67	
61.10	404	-0.67	
61.09	405	-0.67	
61.07	405	-0.67	
61.06	406	-0.67	
61.04	407	-0.67	
61.03	407	-0.67	
61.01	408	-0.67	
61.00	409	-0.67	
60.98	410	-0.67	
60.97	410	-0.67	
60.96	411	-0.67	
60.94	412	-0.67	
60.93	412	-0.67	
60.91	413	-0.67	
60.90	414	-0.67	
60.88	414	-0.67	
60.87	415	-0.67	
60.85	416	-0.67	
60.84	417	-0.67	
60.82	417	-0.67	
60.81	418	-0.67	
60.80	419	-0.67	
60.78	419	-0.67	
60.77	420	-0.67	
60.75	421	-0.67	
60.74	421	-0.67	
60.72	422	-0.67	
60.71	423	-0.67	
60.70	424	-0.67	
60.68	424	-0.67	
60.67	425	-0.68	
60.65	426	-0.68	
60.64	426	-0.68	
60.62	427	-0.68	
60.61	428	-0.68	
60.60	428	-0.68	
60.58	429	-0.68	
60.57	430	-0.68	
60.55	431	-0.68	
60.54	431	-0.68	
60.52	432	-0.68	
60.51	433	-0.68	
60.49	433	-0.68	
60.48	434	-0.68	
60.47	435	-0.68	
60.45	435	-0.68	
60.44	436	-0.68	
60.42	437	-0.68	
60.41	438	-0.68	
60.39	438	-0.68	
60.38	439	-0.68	
60.36	440	-0.68	
60.35	440	-0.68	
60.33	441	-0.68	
60.32	442	-0.68	
60.31	442	-0.68	
60.29	443	-0.68	
60.28	444	-0.68	
60.26	445	-0.68	
60.25	445	-0.68	
60.24	446	-0.68	
60.22	447	-0.68	
60.21	447	-0.68	
60.19	448	-0.68	
60.18	449	-0.68	
60.16	449	-0.68	
60.15	450	-0.68	
60.14	451	-0.68	
60.12	452	-0.68	
60.11	452	-0.68	
60.09	453	-0.68	
60.08	454	-0.68	
60.06	454	-0.68	
60.05	455	-0.68	
60.03	456	-0.68	
60.02	456	-0.68	
60.00	457	-0.68	
59.99	458	-0.69	
59.98	459	-0.69	
59.96	459	-0.69	
59.95	460	-0.69	
59.93	461	-0.69	
59.92	461	-0.69	
59.90	462	-0.69	
59.89	463	-0.69	
59.88	463	-0.69	
59.86	464	-0.69	
59.85	465	-0.69	
59.83	466	-0.69	
59.82	466	-0.69	
59.80	467	-0.69	
59.79	468	-0.69	
59.78	468	-0.69	
59.76	469	-0.69	
59.75	470	-0.69	
59.73	470	-0.69	
59.72	471	-0.69	
59.70	472	-0.69	
59.69	473	-0.69	
59.68	473	-0.69	
59.66	474	-0.69	
59.65	475	-0.69	
59.63	475	-0.69	
59.62	476	-0.69	
59.60	477	-0.69	
59.59	477	-0.69	
59.57	478	-0.69	
59.56	479	-0.69	
59.55	480	-0.69	
59.53	480	-0.69	
59.52	481	-0.69	
59.50	482	-0.69	
59.49	482	-0.69	
59.47	483	-0.69	
59.46	484	-0.69	
59.45	484	-0.69	
59.43	485	-0.69	
59.42	486	-0.69	
59.40	487	-0.69	
59.39	487	-0.69	
59.37	488	-0.69	
59.36	489	-0.69	
59.35	489	-0.69	
59.33	490	-0.69	
59.32	491	-0.70	
59.30	491	-0.70	
59.29	492	-0.69	
59.27	493	-0.69	
59.26	494	-0.69	
59.25	494	-0.69	
59.23	495	-0.69	
59.22	496	-0.69	
59.20	496	-0.69	
59.19	497	-0.69	
59.17	498	-0.69	
59.16	498	-0.69	
59.15	499	-0.69	
59.13	500	-0.69	
59.12	501	-0.69	
59.10	501	-0.69	
59.09	502	-0.69	
59.07	503	-0.69	
59.06	503	-0.69	
59.05	504	-0.69	
59.03	505	-0.69	
59.02	505	-0.69	
59.00	506	-0.69	
58.99	507	-0.69	
58.97	508	-0.69	
58.96	508	-0.69	
58.94	509	-0.69	
58.93	510	-0.69	
58.92	510	-0.69	
58.90	511	-0.69	
58.89	512	-0.69	
58.87	512	-0.69	
58.86	513	-0.69	
58.85	514	-0.70	
58.83	515	-0.70	
58.82	515	-0.70	
58.80	516	-0.70	
58.79	517	-0.70	
58.77	517	-0.70	
58.76	518	-0.70	
58.75	519	-0.70	
58.73	519	-0.70	
58.72	520	-0.69	
58.70	521	-0.69	
58.69	522	-0.69	
58.67	522	-0.69	
58.66	523	-0.69	
58.64	524	-0.69	
58.63	524	-0.69	
58.62	525	-0.69	
58.60	526	-0.69	
58.59	526	-0.69	
58.57	527	-0.70	
58.56	528	-0.70	
58.54	529	-0.70	
58.53	529	-0.70	
58.52	530	-0.70	
58.50	531	-0.70	
58.49	531	-0.70	
58.47	532	-0.70	
58.46	533	-0.70	
58.45	533	-0.70	
58.43	534	-0.70	
58.42	535	-0.70	
58.40	536	-0.70	
58.39	536	-0.70	
58.37	537	-0.70	
58.36	538	-0.70	
58.35	538	-0.70	
58.33	539	-0.70	
58.32	540	-0.70	
58.30	540	-0.69	
58.29	541	-0.69	
58.27	542	-0.69	
58.26	543	-0.70	
58.24	543	-0.70	
58.23	544	-0.70	
58.22	545	-0.70	
58.20	545	-0.70	
58.19	546	-0.70	
58.17	547	-0.69	
58.16	547	-0.69	
58.14	548	-0.69	
58.13	549	-0.69	
58.12	550	-0.69	
58.10	550	-0.69	
58.09	551	-0.69	
58.07	552	-0.69	
58.06	552	-0.69	
58.04	553	-0.69	
58.03	554	-0.70	
58.02	554	-0.70	
58.00	555	-0.70	
57.99	556	-0.70	
57.97	557	-0.70	
57.96	557	-0.70	
57.95	558	-0.70	
57.93	559	-0.70	
57.92	559	-0.70	
57.90	560	-0.69	
57.89	561	-0.70	
57.87	561	-0.70	
57.86	562	-0.70	
57.84	563	-0.70	
57.83	564	-0.69	
57.82	564	-0.69	
57.80	565	-0.69	
57.79	566	-0.69	
57.77	566	-0.70	
57.76	567	-0.70	
57.74	568	-0.70	
57.73	568	-0.69	
57.72	569	-0.69	
57.70	570	-0.69	
57.69	571	-0.69	
57.67	571	-0.69	
57.66	572	-0.69	
57.64	573	-0.69	
57.63	573	-0.69	
57.62	574	-0.69	
57.60	575	-0.69	
57.59	575	-0.69	
57.57	576	-0.69	
57.56	577	-0.69	
57.54	578	-0.69	
57.53	578	-0.69	
57.52	579	-0.69	
57.50	580	-0.69	
57.49	580	-0.69	
57.47	581	-0.69	
57.46	582	-0.69	
57.45	582	-0.69	
57.43	583	-0.69	
57.42	584	-0.69	
57.40	585	-0.69	
57.39	585	-0.70	
57.38	586	-0.70	
57.36	587	-0.70	
57.35	587	-0.69	
57.33	588	-0.69	
57.32	589	-0.69	
57.30	589	-0.69	
57.29	590	-0.69	
57.27	591	-0.69	
57.26	592	-0.70	
57.25	592	-0.70	
57.23	593	-0.70	
57.22	594	-0.70	
57.20	594	-0.70	
57.19	595	-0.70	
57.17	596	-0.70	
57.16	596	-0.70	
57.15	597	-0.70	
57.13	598	-0.70	
57.12	599	-0.70	
57.10	599	-0.70	
57.09	600	-0.70	
57.08	601	-0.70	
57.06	601	-0.70	
57.05	602	-0.70	
57.03	603	-0.70	
57.02	603	-0.70	
57.01	604	-0.70	
56.99	605	-0.70	
56.98	606	-0.70	
56.96	606	-0.70	
56.95	607	-0.70	
56.93	608	-0.70	
56.92	608	-0.70	
56.90	609	-0.70	
56.89	610	-0.70	
56.88	610	-0.70	
56.86	611	-0.70	
56.85	612	-0.70	
56.83	613	-0.70	
56.82	613	-0.70	
56.80	614	-0.70	
56.79	615	-0.70	
56.78	615	-0.70	
56.76	616	-0.70	
56.75	617	-0.70	
56.73	617	-0.70	
56.72	618	-0.70	
56.70	619	-0.70	
56.69	620	-0.70	
56.68	620	-0.70	
56.66	621	-0.70	
56.65	622	-0.70	
56.63	622	-0.70	
56.62	623	-0.70	
56.61	624	-0.70	
56.59	624	-0.70	
56.58	625	-0.70	
56.56	626	-0.70	
56.55	627	-0.70	
56.53	627	-0.70	
56.52	628	-0.70	
56.51	629	-0.70	
56.49	629	-0.70	
56.48	630	-0.70	
56.46	631	-0.70	
56.45	631	-0.70	
56.43	632	-0.70	
56.42	633	-0.70	
56.41	634	-0.70	
56.39	634	-0.70	
56.38	635	-0.70	
56.36	636	-0.70	
56.35	636	-0.70	
56.34	637	-0.70	
56.32	638	-0.70	
56.31	638	-0.70	
56.29	639	-0.70	
56.28	640	-0.70	
56.26	641	-0.70	
56.25	641	-0.70	
56.24	642	-0.70	
56.22	643	-0.70	
56.21	643	-0.70	
56.19	644	-0.70	
56.18	645	-0.70	
56.16	645	-0.70	
56.15	646	-0.70	
56.14	647	-0.70	
56.12	648	-0.70	
56.11	648	-0.70	
56.09	649	-0.70	
56.08	650	-0.70	
56.07	650	-0.70	
56.05	651	-0.70	
56.04	652	-0.70	
56.02	652	-0.70	
56.01	653	-0.70	
55.99	654	-0.70	
55.98	655	-0.70	
55.97	655	-0.70	
55.95	656	-0.70	
55.94	657	-0.70	
55.92	657	-0.70	
55.91	658	-0.70	
55.89	659	-0.70	
55.88	659	-0.70	
55.87	660	-0.70	
55.85	661	-0.70	
55.84	662	-0.70	
55.82	662	-0.70	
55.81	663	-0.70	
55.80	664	-0.70	
55.78	664	-0.70	
55.77	665	-0.70	
55.75	666	-0.70	
55.74	666	-0.70	
55.72	667	-0.70	
55.71	668	-0.70	
55.70	669	-0.70	
55.68	669	-0.70	
55.67	670	-0.70	
55.65	671	-0.70	
55.64	671	-0.70	
55.62	672	-0.70	
55.61	673	-0.70	
55.60	673	-0.70	
55.58	674	-0.70	
55.57	675	-0.70	
55.55	676	-0.70	
55.54	676	-0.70	
55.52	677	-0.70	
55.51	678	-0.70	
55.50	678	-0.70	
55.48	679	-0.70	
55.47	680	-0.70	
55.45	680	-0.70	
55.44	681	-0.70	
55.43	682	-0.70	
55.41	683	-0.70	
55.40	683	-0.70	
55.38	684	-0.70	
55.37	685	-0.70	
55.35	685	-0.70	
55.34	686	-0.70	
55.33	687	-0.70	
55.31	687	-0.70	
55.30	688	-0.70	
55.28	689	-0.70	
55.27	690	-0.70	
55.26	690	-0.70	
55.24	691	-0.70	
55.23	692	-0.70	
55.21	692	-0.70	
55.20	693	-0.70	
55.19	694	-0.70	
55.17	694	-0.70	
55.16	695	-0.70	
55.14	696	-0.70	
55.13	697	-0.70	
55.11	697	-0.70	
55.10	698	-0.70	
55.08	699	-0.70	
55.07	699	-0.70	
55.06	700	-0.70	
55.04	701	-0.70	
55.03	701	-0.70	
55.01	702	-0.70	
55.00	703	-0.70	
54.98	704	-0.70	
54.97	704	-0.70	
54.96	705	-0.70	
54.94	706	-0.70	
54.93	706	-0.70	
54.91	707	-0.70	
54.90	708	-0.70	
54.89	708	-0.70	
54.87	709	-0.70	
54.86	710	-0.70	
54.84	711	-0.70	
54.83	711	-0.70	
54.82	712	-0.70	
54.80	713	-0.70	
54.79	713	-0.70	
54.77	714	-0.70	
54.76	715	-0.70	
54.74	715	-0.70	
54.73	716	-0.70	
54.72	717	-0.70	
54.70	718	-0.70	
54.69	718	-0.70	
54.67	719	-0.70	
54.66	720	-0.70	
54.64	720	-0.70	
54.63	721	-0.70	
54.61	722	-0.70	
54.60	722	-0.70	
54.59	723	-0.70	
54.57	724	-0.70	
54.56	725	-0.70	
54.54	725	-0.70	
54.53	726	-0.70	
54.52	727	-0.70	
54.50	727	-0.70	
54.49	728	-0.70	
54.47	729	-0.70	
54.46	729	-0.70	
54.45	730	-0.70	
54.43	731	-0.70	
54.42	732	-0.70	
54.40	732	-0.70	
54.39	733	-0.70	
54.37	734	-0.70	
54.36	734	-0.70	
54.35	735	-0.70	
54.33	736	-0.70	
54.32	736	-0.70	
54.30	737	-0.70	
54.29	738	-0.70	
54.28	739	-0.70	
54.26	739	-0.70	
54.25	740	-0.70	
54.23	741	-0.70	
54.22	741	-0.70	
54.20	742	-0.70	
54.19	743	-0.70	
54.17	743	-0.70	
54.16	744	-0.70	
54.15	745	-0.70	
54.13	746	-0.70	
54.12	746	-0.70	
54.10	747	-0.70	
54.09	748	-0.70	
54.08	748	-0.70	
54.06	749	-0.70	
54.05	750	-0.70	
54.03	750	-0.70	
54.02	751	-0.70	
54.01	752	-0.70	
53.99	753	-0.70	
53.98	753	-0.70	
53.96	754	-0.70	
53.95	755	-0.70	
53.94	755	-0.70	
53.92	756	-0.70	
53.91	757	-0.70	
53.89	757	-0.70	
53.88	758	-0.70	
53.86	759	-0.70	
53.85	760	-0.70	
53.83	760	-0.70	
53.82	761	-0.70	
53.81	762	-0.70	
53.79	762	-0.70	
53.78	763	-0.70	
53.76	764	-0.70	
53.75	764	-0.70	
53.73	765	-0.70	
53.72	766	-0.70	
53.71	767	-0.70	
53.69	767	-0.70	
53.68	768	-0.70	
53.66	769	-0.70	
53.65	769	-0.70	
53.64	770	-0.70	
53.62	771	-0.70	
53.61	771	-0.70	
53.59	772	-0.70	
53.58	773	-0.70	
53.57	774	-0.70	
53.55	774	-0.70	
53.54	775	-0.70	
53.52	776	-0.70	
53.51	776	-0.70	
53.49	777	-0.70	
53.48	778	-0.70	
53.47	778	-0.70	
53.45	779	-0.70	
53.44	780	-0.70	
53.42	781	-0.70	
53.41	781	-0.71	
53.40	782	-0.71	
53.38	783	-0.71	
53.37	783	-0.71	
53.35	784	-0.71	
53.34	785	-0.71	
53.32	785	-0.71	
53.31	786	-0.71	
53.30	787	-0.71	
53.28	788	-0.71	
53.27	788	-0.71	
53.25	789	-0.71	
53.24	790	-0.71	
53.22	790	-0.71	
53.21	791	-0.71	
53.20	792	-0.71	
53.18	792	-0.71	
53.17	793	-0.71	
53.15	794	-0.71	
53.14	795	-0.71	
53.13	795	-0.71	
53.11	796	-0.71	
53.10	797	-0.71	
53.08	797	-0.71	
53.07	798	-0.71	
53.05	799	-0.71	
53.04	799	-0.71	
53.03	800	-0.71	
53.01	801	-0.71	
53.00	802	-0.71	
52.98	802	-0.71	
52.97	803	-0.71	
52.96	804	-0.71	
52.94	804	-0.71	
52.93	805	-0.71	
52.91	806	-0.71	
52.90	806	-0.71	
52.89	807	-0.71	
52.87	808	-0.71	
52.86	809	-0.71	
52.84	809	-0.71	
52.83	810	-0.71	
52.81	811	-0.71	
52.80	811	-0.71	
52.78	812	-0.71	
52.77	813	-0.71	
52.76	813	-0.71	
52.74	814	-0.71	
52.73	815	-0.71	
52.71	816	-0.71	
52.70	816	-0.71	
52.69	817	-0.71	
52.67	818	-0.71	
52.66	818	-0.71	
52.64	819	-0.71	
52.63	820	-0.71	
52.62	820	-0.71	
52.60	821	-0.71	
52.59	822	-0.71	
52.57	823	-0.71	
52.56	823	-0.71	
52.55	824	-0.71	
52.53	825	-0.71	
52.52	825	-0.71	
52.50	826	-0.71	
52.49	827	-0.71	
52.47	827	-0.71	
52.46	828	-0.71	
52.44	829	-0.71	
52.43	830	-0.71	
52.42	830	-0.71	
52.40	831	-0.71	
52.39	832	-0.71	
52.37	832	-0.71	
52.36	833	-0.71	
52.35	834	-0.71	
52.33	834	-0.71	
52.32	835	-0.71	
52.30	836	-0.71	
52.29	837	-0.71	
52.27	837	-0.71	
52.26	838	-0.71	
52.25	839	-0.71	
52.23	839	-0.71	
52.22	840	-0.70	
52.20	841	-0.71	
52.19	841	-0.71	
52.18	842	-0.71	
52.16	843	-0.71	
52.15	844	-0.71	
52.13	844	-0.71	
52.12	845	-0.71	
52.11	846	-0.71	
52.09	846	-0.71	
52.08	847	-0.71	
52.06	848	-0.71	
52.05	848	-0.71	
52.04	849	-0.71	
52.02	850	-0.71	
52.01	851	-0.71	
51.99	851	-0.71	
51.98	852	-0.71	
51.96	853	-0.71	
51.95	853	-0.71	
51.93	854	-0.71	
51.92	855	-0.71	
51.91	855	-0.71	
51.89	856	-0.71	
51.88	857	-0.71	
51.86	858	-0.71	
51.85	858	-0.71	
51.83	859	-0.71	
51.82	860	-0.71	
51.81	860	-0.71	
51.79	861	-0.71	
51.78	862	-0.71	
51.76	862	-0.71	
51.75	863	-0.71	
51.74	864	-0.71	
51.72	865	-0.71	
51.71	865	-0.71	
51.69	866	-0.71	
51.68	867	-0.71	
51.67	867	-0.71	
51.65	868	-0.71	
51.64	869	-0.71	
51.62	869	-0.71	
51.61	870	-0.71	
51.59	871	-0.71	
51.58	872	-0.71	
51.57	872	-0.71	
51.55	873	-0.71	
51.54	874	-0.71	
51.52	874	-0.71	
51.51	875	-0.71	
51.50	876	-0.71	
51.48	876	-0.71	
51.47	877	-0.71	
51.45	878	-0.71	
51.44	879	-0.71	
51.42	879	-0.71	
51.41	880	-0.71	
51.40	881	-0.71	
51.38	881	-0.71	
51.37	882	-0.71	
51.35	883	-0.71	
51.34	883	-0.71	
51.32	884	-0.71	
51.31	885	-0.71	
51.30	886	-0.71	
51.28	886	-0.71	
51.27	887	-0.71	
51.25	888	-0.71	
51.24	888	-0.71	
51.23	889	-0.71	
51.21	890	-0.71	
51.20	890	-0.71	
51.18	891	-0.71	
51.17	892	-0.71	
51.15	893	-0.71	
51.14	893	-0.71	
51.13	894	-0.71	
51.11	895	-0.71	
51.10	895	-0.71	
51.08	896	-0.71	
51.07	897	-0.71	
51.06	897	-0.71	
51.04	898	-0.71	
51.03	899	-0.71	
51.01	900	-0.71	
51.00	900	-0.72	
50.98	901	-0.72	
50.97	902	-0.72	
50.96	902	-0.72	
50.94	903	-0.72	
50.93	904	-0.72	
50.91	904	-0.71	
50.90	905	-0.71	
50.88	906	-0.71	
50.87	907	-0.71	
50.86	907	-0.71	
50.84	908	-0.71	
50.83	909	-0.71	
50.81	909	-0.71	
50.80	910	-0.71	
50.79	911	-0.72	
50.77	911	-0.72	
50.76	912	-0.72	
50.74	913	-0.72	
50.73	914	-0.72	
50.71	914	-0.72	
50.70	915	-0.72	
50.69	916	-0.72	
50.67	916	-0.72	
50.66	917	-0.72	
50.64	918	-0.72	
50.63	918	-0.72	
50.62	919	-0.72	
50.60	920	-0.72	
50.59	921	-0.72	
50.57	921	-0.72	
50.56	922	-0.72	
50.54	923	-0.71	
50.53	923	-0.71	
50.52	924	-0.71	
50.50	925	-0.71	
50.49	925	-0.72	
50.47	926	-0.72	
50.46	927	-0.72	
50.44	928	-0.72	
50.43	928	-0.72	
50.42	929	-0.72	
50.40	930	-0.72	
50.39	930	-0.72	
50.37	931	-0.72	
50.36	932	-0.72	
50.35	932	-0.72	
50.33	933	-0.72	
50.32	934	-0.72	
50.30	935	-0.72	
50.29	935	-0.72	
50.27	936	-0.72	
50.26	937	-0.72	
50.25	937	-0.72	
50.23	938	-0.72	
50.22	939	-0.72	
50.20	939	-0.72	
50.19	940	-0.72	
50.17	941	-0.72	
50.16	942	-0.72	
50.15	942	-0.72	
50.13	943	-0.72	
50.12	944	-0.72	
50.10	944	-0.72	
50.09	945	-0.72	
50.08	946	-0.72	
50.06	946	-0.72	
50.05	947	-0.72	
50.03	948	-0.72	
50.02	949	-0.72	
50.01	949	-0.72	
49.99	950	-0.72	
49.98	951	-0.72	
49.96	951	-0.72	
49.95	952	-0.72	
49.94	953	-0.72	
49.92	953	-0.72	
49.91	954	-0.72	
49.89	955	-0.72	
49.88	956	-0.72	
49.86	956	-0.72	
49.85	957	-0.72	
49.84	958	-0.72	
49.82	958	-0.72	
49.81	959	-0.72	
49.79	960	-0.72	
49.78	960	-0.72	
49.76	961	-0.72	
49.75	962	-0.72	
49.74	963	-0.72	
49.72	963	-0.72	
49.71	964	-0.72	
49.69	965	-0.72	
49.68	965	-0.72	
49.67	966	-0.72	
49.65	967	-0.72	
49.64	967	-0.72	
49.62	968	-0.72	
49.61	969	-0.72	
49.59	970	-0.72	
49.58	970	-0.72	
49.57	971	-0.72	
49.55	972	-0.72	
49.54	972	-0.72	
49.52	973	-0.73	
49.51	974	-0.72	
49.50	974	-0.72	
49.48	975	-0.72	
49.47	976	-0.72	
49.45	977	-0.72	
49.44	977	-0.72	
49.43	978	-0.72	
49.41	979	-0.72	
49.40	979	-0.72	
49.38	980	-0.72	
49.37	981	-0.72	
49.35	981	-0.72	
49.34	982	-0.72	
49.33	983	-0.72	
49.31	984	-0.72	
49.30	984	-0.72	
49.28	985	-0.72	
49.27	986	-0.72	
49.25	986	-0.73	
49.24	987	-0.73	
49.23	988	-0.73	
49.21	988	-0.73	
49.20	989	-0.73	
49.18	990	-0.73	
49.17	991	-0.73	
49.15	991	-0.73	
49.14	992	-0.72	
49.13	993	-0.72	
49.11	993	-0.72	
49.10	994	-0.72	
49.08	995	-0.72	
49.07	995	-0.73	
49.06	996	-0.73	
49.04	997	-0.73	
49.03	998	-0.73	
49.01	998	-0.73	
49.00	999	-0.73	
48.99	1000	-0.73	
48.97	1000	-0.73	
48.96	1001	-0.72	
48.94	1002	-0.72	
48.93	1002	-0.72	
48.91	1003	-0.72	
48.90	1004	-0.72	
48.89	1005	-0.73	
48.87	1005	-0.73	
48.86	1006	-0.73	
48.84	1007	-0.73	
48.83	1007	-0.73	
48.81	1008	-0.73	
48.80	1009	-0.73	
48.79	1009	-0.72	
48.77	1010	-0.72	
48.76	1011	-0.72	
48.74	1012	-0.72	
48.73	1012	-0.72	
48.71	1013	-0.72	
48.70	1014	-0.72	
48.69	1014	-0.72	
48.67	1015	-0.72	
48.66	1016	-0.73	
48.64	1016	-0.73	
48.63	1017	-0.73	
48.62	1018	-0.73	
48.60	1019	-0.73	
48.59	1019	-0.73	
48.57	1020	-0.73	
48.56	1021	-0.73	
48.55	1021	-0.73	
48.53	1022	-0.73	
48.52	1023	-0.73	
48.50	1023	-0.73	
48.49	1024	-0.73	
48.47	1025	-0.73	
48.46	1026	-0.73	
48.45	1026	-0.73	
48.43	1027	-0.73	
48.42	1028	-0.73	
48.40	1028	-0.73	
48.39	1029	-0.73	
48.37	1030	-0.73	
48.36	1030	-0.73	
48.35	1031	-0.73	
48.33	1032	-0.73	
48.32	1033	-0.73	
48.30	1033	-0.73	
48.29	1034	-0.73	
48.27	1035	-0.73	
48.26	1035	-0.73	
48.25	1036	-0.73	
48.23	1037	-0.73	
48.22	1037	-0.73	
48.20	1038	-0.73	
48.19	1039	-0.73	
48.18	1040	-0.73	
48.16	1040	-0.73	
48.15	1041	-0.73	
48.13	1042	-0.73	
48.12	1042	-0.73	
48.11	1043	-0.73	
48.09	1044	-0.73	
48.08	1044	-0.73	
48.06	1045	-0.73	
48.05	1046	-0.73	
48.03	1047	-0.73	
48.02	1047	-0.73	
48.01	1048	-0.73	
47.99	1049	-0.73	
47.98	1049	-0.73	
47.96	1050	-0.73	
47.95	1051	-0.73	
47.94	1051	-0.73	
47.92	1052	-0.73	
47.91	1053	-0.73	
47.89	1054	-0.73	
47.88	1054	-0.73	
47.86	1055	-0.73	
47.85	1056	-0.73	
47.84	1056	-0.73	
47.82	1057	-0.73	
47.81	1058	-0.73	
47.79	1058	-0.73	
47.78	1059	-0.73	
47.77	1060	-0.73	
47.75	1061	-0.73	
47.74	1061	-0.73	
47.72	1062	-0.73	
47.71	1063	-0.73	
47.69	1063	-0.73	
47.68	1064	-0.73	
47.67	1065	-0.74	
47.65	1065	-0.74	
47.64	1066	-0.74	
47.62	1067	-0.74	
47.61	1068	-0.74	
47.60	1068	-0.74	
47.58	1069	-0.74	
47.57	1070	-0.74	
47.55	1070	-0.74	
47.54	1071	-0.74	
47.52	1072	-0.74	
47.51	1072	-0.74	
47.50	1073	-0.74	
47.48	1074	-0.74	
47.47	1075	-0.74	
47.45	1075	-0.74	
47.44	1076	-0.74	
47.43	1077	-0.74	
47.41	1077	-0.74	
47.40	1078	-0.74	
47.38	1079	-0.74	
47.37	1079	-0.74	
47.35	1080	-0.74	
47.34	1081	-0.74	
47.33	1082	-0.74	
47.31	1082	-0.74	
47.30	1083	-0.74	
47.28	1084	-0.74	
47.27	1084	-0.74	
47.26	1085	-0.74	
47.24	1086	-0.74	
47.23	1086	-0.74	
47.21	1087	-0.74	
47.20	1088	-0.74	
47.19	1089	-0.74	
47.17	1089	-0.74	
47.16	1090	-0.74	
47.14	1091	-0.74	
47.13	1091	-0.74	
47.11	1092	-0.74	
47.10	1093	-0.74	
47.09	1093	-0.74	
47.07	1094	-0.74	
47.06	1095	-0.74	
47.04	1096	-0.74	
47.03	1096	-0.74	
47.02	1097	-0.74	
47.00	1098	-0.74	
46.99	1098	-0.74	
46.97	1099	-0.74	
46.96	1100	-0.74	
46.94	1100	-0.74	
46.93	1101	-0.74	
46.92	1102	-0.74	
46.90	1103	-0.74	
46.89	1103	-0.74	
46.87	1104	-0.74	
46.86	1105	-0.74	
46.85	1105	-0.74	
46.83	1106	-0.74	
46.82	1107	-0.74	
46.80	1107	-0.74	
46.79	1108	-0.74	
46.78	1109	-0.74	
46.76	1110	-0.74	
46.75	1110	-0.74	
46.73	1111	-0.74	
46.72	1112	-0.74	
46.71	1112	-0.74	
46.69	1113	-0.74	
46.68	1114	-0.74	
46.66	1114	-0.74	
46.65	1115	-0.74	
46.63	1116	-0.74	
46.62	1117	-0.74	
46.61	1117	-0.74	
46.59	1118	-0.74	
46.58	1119	-0.74	
46.56	1119	-0.74	
46.55	1120	-0.74	
46.54	1121	-0.74	
46.52	1121	-0.74	
46.51	1122	-0.74	
46.49	1123	-0.74	
46.48	1124	-0.74	
46.46	1124	-0.74	
46.45	1125	-0.74	
46.44	1126	-0.74	
46.42	1126	-0.74	
46.41	1127	-0.74	
46.39	1128	-0.74	
46.38	1128	-0.74	
46.37	1129	-0.74	
46.35	1130	-0.74	
46.34	1131	-0.74	
46.32	1131	-0.74	
46.31	1132	-0.74	
46.29	1133	-0.74	
46.28	1133	-0.74	
46.27	1134	-0.74	
46.25	1135	-0.74	
46.24	1135	-0.74	
46.22	1136	-0.74	
46.21	1137	-0.74	
46.20	1138	-0.74	
46.18	1138	-0.74	
46.17	1139	-0.74	
46.15	1140	-0.75	
46.14	1140	-0.75	
46.12	1141	-0.75	
46.11	1142	-0.75	
46.09	1142	-0.74	
46.08	1143	-0.74	
46.07	1144	-0.74	
46.05	1145	-0.75	
46.04	1145	-0.75	
46.02	1146	-0.75	
46.01	1147	-0.75	
46.00	1147	-0.75	
45.98	1148	-0.75	
45.97	1149	-0.75	
45.95	1149	-0.75	
45.94	1150	-0.75	
45.92	1151	-0.75	
45.91	1152	-0.75	
45.90	1152	-0.75	
45.88	1153	-0.75	
45.87	1154	-0.75	
45.85	1154	-0.75	
45.84	1155	-0.75	
45.83	1156	-0.75	
45.81	1156	-0.75	
45.80	1157	-0.75	
45.78	1158	-0.75	
45.77	1159	-0.75	
45.76	1159	-0.75	
45.74	1160	-0.75	
45.73	1161	-0.75	
45.71	1161	-0.75	
45.70	1162	-0.75	
45.68	1163	-0.75	
45.67	1163	-0.75	
45.66	1164	-0.75	
45.64	1165	-0.75	
45.63	1166	-0.75	
45.61	1166	-0.75	
45.60	1167	-0.75	
45.58	1168	-0.75	
45.57	1168	-0.75	
45.56	1169	-0.75	
45.54	1170	-0.75	
45.53	1170	-0.75	
45.52	1171	-0.75	
45.50	1172	-0.75	
45.49	1173	-0.75	
45.47	1173	-0.75	
45.46	1174	-0.75	
45.44	1175	-0.75	
45.43	1175	-0.75	
45.42	1176	-0.75	
45.40	1177	-0.75	
45.39	1177	-0.75	
45.37	1178	-0.75	
45.36	1179	-0.75	
45.35	1180	-0.75	
45.33	1180	-0.75	
45.32	1181	-0.75	
45.30	1182	-0.75	
45.29	1182	-0.75	
45.27	1183	-0.75	
45.26	1184	-0.75	
45.25	1184	-0.75	
45.23	1185	-0.75	
45.22	1186	-0.75	
45.20	1187	-0.75	
45.19	1187	-0.75	
45.17	1188	-0.75	
45.16	1189	-0.75	
45.15	1189	-0.75	
45.13	1190	-0.75	
45.12	1191	-0.75	
45.10	1191	-0.75	
45.09	1192	-0.75	
45.08	1193	-0.75	
45.06	1194	-0.75	
45.05	1194	-0.75	
45.03	1195	-0.75	
45.02	1196	-0.75	
45.00	1196	-0.75	
44.99	1197	-0.75	
44.98	1198	-0.75	
44.96	1198	-0.75	
44.95	1199	-0.75	
44.93	1200	-0.75	
44.92	1201	-0.75	
44.91	1201	-0.75	
44.89	1202	-0.75	
44.88	1203	-0.75	
44.86	1203	-0.75	
44.85	1204	-0.75	
44.83	1205	-0.75	
44.82	1205	-0.75	
44.80	1206	-0.75	
44.79	1207	-0.75	
44.78	1208	-0.75	
44.76	1208	-0.75	
44.75	1209	-0.76	
44.73	1210	-0.76	
44.72	1210	-0.76	
44.71	1211	-0.76	
44.69	1212	-0.76	
44.68	1212	-0.76	
44.66	1213	-0.76	
44.65	1214	-0.76	
44.64	1215	-0.76	
44.62	1215	-0.75	
44.61	1216	-0.75	
44.59	1217	-0.75	
44.58	1217	-0.75	
44.57	1218	-0.75	
44.55	1219	-0.75	
44.54	1219	-0.75	
44.52	1220	-0.76	
44.51	1221	-0.76	
44.50	1222	-0.76	
44.48	1222	-0.76	
44.47	1223	-0.76	
44.45	1224	-0.76	
44.44	1224	-0.76	
44.42	1225	-0.76	
44.41	1226	-0.76	
44.40	1226	-0.76	
44.38	1227	-0.76	
44.37	1228	-0.76	
44.35	1229	-0.76	
44.34	1229	-0.76	
44.32	1230	-0.76	
44.31	1231	-0.76	
44.29	1231	-0.76	
44.28	1232	-0.76	
44.27	1233	-0.76	
44.25	1233	-0.76	
44.24	1234	-0.76	
44.22	1235	-0.76	
44.21	1236	-0.76	
44.20	1236	-0.76	
44.18	1237	-0.76	
44.17	1238	-0.76	
44.15	1238	-0.76	
44.14	1239	-0.76	
44.13	1240	-0.76	
44.11	1240	-0.76	
44.10	1241	-0.76	
44.08	1242	-0.76	
44.07	1243	-0.76	
44.05	1243	-0.76	
44.04	1244	-0.76	
44.03	1245	-0.76	
44.01	1245	-0.76	
44.00	1246	-0.76	
43.98	1247	-0.76	
43.97	1247	-0.76	
43.95	1248	-0.76	
43.94	1249	-0.76	
43.93	1250	-0.76	
43.91	1250	-0.76	
43.90	1251	-0.76	
43.88	1252	-0.76	
43.87	1252	-0.76	
43.86	1253	-0.76	
43.84	1254	-0.76	
43.83	1254	-0.76	
43.81	1255	-0.76	
43.80	1256	-0.76	
43.79	1257	-0.76	
43.77	1257	-0.76	
43.76	1258	-0.76	
43.74	1259	-0.76	
43.73	1259	-0.76	
43.71	1260	-0.76	
43.70	1261	-0.76	
43.69	1261	-0.76	
43.67	1262	-0.76	
43.66	1263	-0.76	
43.64	1264	-0.76	
43.63	1264	-0.76	
43.62	1265	-0.76	
43.60	1266	-0.76	
43.59	1266	-0.76	
43.57	1267	-0.76	
43.56	1268	-0.76	
43.54	1268	-0.76	
43.53	1269	-0.76	
43.52	1270	-0.77	
43.50	1271	-0.77	
43.49	1271	-0.77	
43.47	1272	-0.77	
43.46	1273	-0.77	
43.44	1273	-0.77	
43.43	1274	-0.77	
43.42	1275	-0.77	
43.40	1275	-0.76	
43.39	1276	-0.76	
43.37	1277	-0.76	
43.36	1278	-0.76	
43.35	1278	-0.76	
43.33	1279	-0.76	
43.32	1280	-0.76	
43.30	1280	-0.76	
43.29	1281	-0.76	
43.27	1282	-0.76	
43.26	1282	-0.77	
43.25	1283	-0.77	
43.23	1284	-0.77	
43.22	1285	-0.77	
43.20	1285	-0.77	
43.19	1286	-0.77	
43.18	1287	-0.77	
43.16	1287	-0.77	
43.15	1288	-0.77	
43.13	1289	-0.77	
43.12	1289	-0.77	
43.10	1290	-0.77	
43.09	1291	-0.77	
43.08	1292	-0.77	
43.06	1292	-0.77	
43.05	1293	-0.77	
43.03	1294	-0.77	
43.02	1294	-0.77	
43.00	1295	-0.77	
42.99	1296	-0.77	
42.98	1296	-0.77	
42.96	1297	-0.77	
42.95	1298	-0.77	
42.93	1299	-0.77	
42.92	1299	-0.77	
42.91	1300	-0.77	
42.89	1301	-0.77	
42.88	1301	-0.77	
42.86	1302	-0.77	
42.85	1303	-0.77	
42.84	1303	-0.77	
42.82	1304	-0.77	
42.81	1305	-0.77	
42.79	1306	-0.77	
42.78	1306	-0.77	
42.77	1307	-0.77	
42.75	1308	-0.77	
42.74	1308	-0.77	
42.72	1309	-0.77	
42.71	1310	-0.77	
42.69	1310	-0.77	
42.68	1311	-0.77	
42.67	1312	-0.77	
42.65	1313	-0.77	
42.64	1313	-0.77	
42.62	1314	-0.77	
42.61	1315	-0.77	
42.59	1315	-0.77	
42.58	1316	-0.77	
42.57	1317	-0.77	
42.55	1317	-0.77	
42.54	1318	-0.77	
42.52	1319	-0.77	
42.51	1320	-0.77	
42.49	1320	-0.77	
42.48	1321	-0.77	
42.47	1322	-0.77	
42.45	1322	-0.77	
42.44	1323	-0.77	
42.42	1324	-0.77	
42.41	1324	-0.77	
42.40	1325	-0.77	
42.38	1326	-0.77	
42.37	1327	-0.77	
42.35	1327	-0.77	
42.34	1328	-0.78	
42.33	1329	-0.78	
42.31	1329	-0.78	
42.30	1330	-0.78	
42.28	1331	-0.78	
42.27	1331	-0.78	
42.25	1332	-0.78	
42.24	1333	-0.78	
42.23	1334	-0.78	
42.21	1334	-0.78	
42.20	1335	-0.78	
42.18	1336	-0.78	
42.17	1336	-0.78	
42.16	1337	-0.78	
42.14	1338	-0.78	
42.13	1338	-0.78	
42.11	1339	-0.78	
42.10	1340	-0.78	
42.08	1341	-0.78	
42.07	1341	-0.78	
42.06	1342	-0.78	
42.04	1343	-0.78	
42.03	1343	-0.78	
42.01	1344	-0.78	
42.00	1345	-0.78	
41.99	1345	-0.78	
41.97	1346	-0.78	
41.96	1347	-0.78	
41.94	1348	-0.78	
41.93	1348	-0.78	
41.91	1349	-0.78	
41.90	1350	-0.78	
41.89	1350	-0.78	
41.87	1351	-0.78	
41.86	1352	-0.78	
41.84	1352	-0.78	
41.83	1353	-0.78	
41.82	1354	-0.78	
41.80	1355	-0.78	
41.79	1355	-0.78	
41.77	1356	-0.77	
41.76	1357	-0.77	
41.74	1357	-0.77	
41.73	1358	-0.77	
41.72	1359	-0.77	
41.70	1359	-0.77	
41.69	1360	-0.78	
41.67	1361	-0.78	
41.66	1362	-0.78	
41.64	1362	-0.78	
41.63	1363	-0.78	
41.62	1364	-0.78	
41.60	1364	-0.78	
41.59	1365	-0.78	
41.57	1366	-0.78	
41.56	1366	-0.78	
41.55	1367	-0.78	
41.53	1368	-0.78	
41.52	1369	-0.78	
41.50	1369	-0.78	
41.49	1370	-0.78	
41.48	1371	-0.78	
41.46	1371	-0.78	
41.45	1372	-0.78	
41.43	1373	-0.78	
41.42	1373	-0.78	
41.40	1374	-0.78	
41.39	1375	-0.78	
41.38	1376	-0.78	
41.36	1376	-0.78	
41.35	1377	-0.78	
41.33	1378	-0.78	
41.32	1378	-0.78	
41.31	1379	-0.78	
41.29	1380	-0.78	
41.28	1380	-0.78	
41.26	1381	-0.78	
41.25	1382	-0.78	
41.23	1383	-0.78	
41.22	1383	-0.78	
41.21	1384	-0.78	
41.19	1385	-0.78	
41.18	1385	-0.78	
41.16	1386	-0.78	
41.15	1387	-0.78	
41.13	1387	-0.78	
41.12	1388	-0.78	
41.11	1389	-0.78	
41.09	1390	-0.78	
41.08	1390	-0.78	
41.06	1391	-0.78	
41.05	1392	-0.78	
41.04	1392	-0.78	
41.02	1393	-0.78	
41.01	1394	-0.78	
40.99	1394	-0.78	
40.98	1395	-0.78	
40.96	1396	-0.78	
40.95	1397	-0.78	
40.94	1397	-0.78	
40.92	1398	-0.78	
40.91	1399	-0.78	
40.89	1399	-0.78	
40.88	1400	-0.78	
40.87	1401	-0.78	
40.85	1401	-0.78	
40.84	1402	-0.78	
40.82	1403	-0.79	
40.81	1404	-0.79	
40.79	1404	-0.79	
40.78	1405	-0.79	
40.77	1406	-0.79	
40.75	1406	-0.79	
40.74	1407	-0.79	
40.72	1408	-0.79	
40.71	1408	-0.79	
40.69	1409	-0.79	
40.68	1410	-0.79	
40.67	1411	-0.79	
40.65	1411	-0.79	
40.64	1412	-0.79	
40.62	1413	-0.78	
40.61	1413	-0.78	
40.60	1414	-0.78	
40.58	1415	-0.78	
40.57	1415	-0.78	
40.55	1416	-0.78	
40.54	1417	-0.78	
40.52	1418	-0.78	
40.51	1418	-0.78	
40.50	1419	-0.79	
40.48	1420	-0.79	
40.47	1420	-0.79	
40.46	1421	-0.79	
40.44	1422	-0.79	
40.43	1422	-0.79	
40.41	1423	-0.79	
40.40	1424	-0.79	
40.38	1425	-0.79	
40.37	1425	-0.79	
40.36	1426	-0.79	
40.34	1427	-0.79	
40.33	1427	-0.79	
40.31	1428	-0.79	
40.30	1429	-0.79	
40.28	1429	-0.79	
40.27	1430	-0.79	
40.26	1431	-0.79	
40.24	1432	-0.79	
40.23	1432	-0.79	
40.21	1433	-0.79	
40.20	1434	-0.79	
40.19	1434	-0.79	
40.17	1435	-0.79	
40.16	1436	-0.79	
40.14	1436	-0.79	
40.13	1437	-0.79	
40.11	1438	-0.79	
40.10	1439	-0.79	
40.09	1439	-0.79	
40.07	1440	-0.79	
40.06	1441	-0.79	
40.04	1441	-0.79	
40.03	1442	-0.79	
40.02	1443	-0.79	
40.00	1443	-0.79	
39.99	1444	-0.79	
39.97	1445	-0.79	
39.96	1446	-0.79	
39.94	1446	-0.79	
39.93	1447	-0.79	
39.92	1448	-0.79	
39.90	1448	-0.79	
39.89	1449	-0.79	
39.87	1450	-0.79	
39.86	1450	-0.79	
39.84	1451	-0.79	
39.83	1452	-0.79	
39.82	1453	-0.79	
39.80	1453	-0.79	
39.79	1454	-0.79	
39.77	1455	-0.79	
39.76	1455	-0.79	
39.75	1456	-0.79	
39.73	1457	-0.79	
39.72	1457	-0.79	
39.70	1458	-0.79	
39.69	1459	-0.79	
39.68	1460	-0.79	
39.66	1460	-0.79	
39.65	1461	-0.79	
39.63	1462	-0.79	
39.62	1462	-0.79	
39.60	1463	-0.79	
39.59	1464	-0.79	
39.58	1464	-0.79	
39.56	1465	-0.79	
39.55	1466	-0.79	
39.53	1467	-0.79	
39.52	1467	-0.80	
39.50	1468	-0.79	
39.49	1469	-0.79	
39.48	1469	-0.80	
39.46	1470	-0.80	
39.45	1471	-0.80	
39.43	1471	-0.80	
39.42	1472	-0.80	
39.41	1473	-0.79	
39.39	1474	-0.79	
39.38	1474	-0.79	
39.36	1475	-0.79	
39.35	1476	-0.79	
39.33	1476	-0.79	
39.32	1477	-0.79	
39.31	1478	-0.79	
39.29	1478	-0.79	
39.28	1479	-0.79	
39.26	1480	-0.79	
39.25	1481	-0.80	
39.24	1481	-0.80	
39.22	1482	-0.80	
39.21	1483	-0.80	
39.19	1483	-0.80	
39.18	1484	-0.80	
39.17	1485	-0.80	
39.15	1485	-0.80	
39.14	1486	-0.80	
39.12	1487	-0.80	
39.11	1488	-0.80	
39.10	1488	-0.80	
39.08	1489	-0.80	
39.07	1490	-0.80	
39.05	1490	-0.80	
39.04	1491	-0.80	
39.02	1492	-0.80	
39.01	1492	-0.80	
38.99	1493	-0.80	
38.98	1494	-0.80	
38.97	1495	-0.80	
38.95	1495	-0.80	
38.94	1496	-0.80	
38.92	1497	-0.80	
38.91	1497	-0.80	
38.90	1498	-0.80	
38.88	1499	-0.80	
38.87	1499	-0.80	
38.85	1500	-0.80	
38.84	1501	-0.80	
38.82	1502	-0.80	
38.81	1502	-0.80	
38.80	1503	-0.80	
38.78	1504	-0.80	
38.77	1504	-0.80	
38.75	1505	-0.80	
38.74	1506	-0.80	
38.73	1506	-0.80	
38.71	1507	-0.80	
38.70	1508	-0.80	
38.68	1509	-0.80	
38.67	1509	-0.80	
38.66	1510	-0.80	
38.64	1511	-0.80	
38.63	1511	-0.80	
38.61	1512	-0.80	
38.60	1513	-0.80	
38.59	1513	-0.80	
38.57	1514	-0.80	
38.56	1515	-0.80	
38.54	1516	-0.80	
38.53	1516	-0.80	
38.51	1517	-0.80	
38.50	1518	-0.80	
38.49	1518	-0.80	
38.47	1519	-0.80	
38.46	1520	-0.80	
38.44	1520	-0.80	
38.43	1521	-0.80	
38.41	1522	-0.80	
38.40	1523	-0.80	
38.39	1523	-0.80	
38.37	1524	-0.80	
38.36	1525	-0.80	
38.34	1525	-0.80	
38.33	1526	-0.80	
38.31	1527	-0.80	
38.30	1527	-0.80	
38.29	1528	-0.80	
38.27	1529	-0.80	
38.26	1530	-0.80	
38.24	1530	-0.80	
38.23	1531	-0.80	
38.22	1532	-0.80	
38.20	1532	-0.80	
38.19	1533	-0.80	
38.17	1534	-0.80	
38.16	1534	-0.80	
38.14	1535	-0.80	
38.13	1536	-0.80	
38.12	1537	-0.80	
38.10	1537	-0.80	
38.09	1538	-0.80	
38.07	1539	-0.80	
38.06	1539	-0.80	
38.05	1540	-0.80	
38.03	1541	-0.80	
38.02	1541	-0.80	
38.00	1542	-0.80	
37.99	1543	-0.81	
37.98	1544	-0.81	
37.96	1544	-0.81	
37.95	1545	-0.81	
37.93	1546	-0.81	
37.92	1546	-0.81	
37.90	1547	-0.81	
37.89	1548	-0.81	
37.88	1548	-0.81	
37.86	1549	-0.81	
37.85	1550	-0.81	
37.83	1551	-0.81	
37.82	1551	-0.81	
37.81	1552	-0.81	
37.79	1553	-0.81	
37.78	1553	-0.81	
37.76	1554	-0.81	
37.75	1555	-0.81	
37.73	1555	-0.81	
37.72	1556	-0.81	
37.71	1557	-0.81	
37.69	1558	-0.81	
37.68	1558	-0.81	
37.66	1559	-0.81	
37.65	1560	-0.81	
37.63	1560	-0.81	
37.62	1561	-0.81	
37.61	1562	-0.81	
37.59	1562	-0.81	
37.58	1563	-0.81	
37.56	1564	-0.81	
37.55	1565	-0.81	
37.54	1565	-0.81	
37.52	1566	-0.81	
37.51	1567	-0.81	
37.49	1567	-0.81	
37.48	1568	-0.81	
37.46	1569	-0.81	
37.45	1569	-0.81	
37.44	1570	-0.81	
37.42	1571	-0.81	
37.41	1572	-0.81	
37.39	1572	-0.81	
37.38	1573	-0.81	
37.36	1574	-0.81	
37.35	1574	-0.81	
37.34	1575	-0.81	
37.32	1576	-0.81	
37.31	1576	-0.81	
37.29	1577	-0.81	
37.28	1578	-0.81	
37.27	1579	-0.81	
37.25	1579	-0.81	
37.24	1580	-0.81	
37.22	1581	-0.81	
37.21	1581	-0.81	
37.20	1582	-0.81	
37.18	1583	-0.81	
37.17	1583	-0.81	
37.15	1584	-0.81	
37.14	1585	-0.81	
37.12	1586	-0.81	
37.11	1586	-0.81	
37.10	1587	-0.81	
37.08	1588	-0.81	
37.07	1588	-0.81	
37.05	1589	-0.81	
37.04	1590	-0.81	
37.03	1590	-0.81	
37.01	1591	-0.81	
37.00	1592	-0.81	
36.98	1593	-0.81	
36.97	1593	-0.81	
36.95	1594	-0.81	
36.94	1595	-0.81	
36.93	1595	-0.81	
36.91	1596	-0.81	
36.90	1597	-0.81	
36.88	1597	-0.81	
36.87	1598	-0.81	
36.86	1599	-0.81	
36.84	1600	-0.81	
36.83	1600	-0.81	
36.81	1601	-0.81	
36.80	1602	-0.82	
36.79	1602	-0.82	
36.77	1603	-0.82	
36.76	1604	-0.82	
36.74	1604	-0.82	
36.73	1605	-0.82	
36.72	1606	-0.82	
36.70	1607	-0.81	
36.69	1607	-0.81	
36.67	1608	-0.82	
36.66	1609	-0.82	
36.64	1609	-0.82	
36.63	1610	-0.82	
36.62	1611	-0.82	
36.60	1611	-0.82	
36.59	1612	-0.82	
36.57	1613	-0.82	
36.56	1614	-0.82	
36.54	1614	-0.82	
36.53	1615	-0.82	
36.52	1616	-0.82	
36.50	1616	-0.82	
36.49	1617	-0.82	
36.47	1618	-0.82	
36.46	1618	-0.82	
36.45	1619	-0.82	
36.43	1620	-0.82	
36.42	1621	-0.82	
36.40	1621	-0.82	
36.39	1622	-0.82	
36.38	1623	-0.82	
36.36	1623	-0.82	
36.35	1624	-0.82	
36.33	1625	-0.82	
36.32	1625	-0.82	
36.30	1626	-0.82	
36.29	1627	-0.82	
36.28	1628	-0.82	
36.26	1628	-0.82	
36.25	1629	-0.82	
36.23	1630	-0.82	
36.22	1630	-0.82	
36.20	1631	-0.82	
36.19	1632	-0.82	
36.18	1632	-0.82	
36.16	1633	-0.82	
36.15	1634	-0.82	
36.13	1635	-0.82	
36.12	1635	-0.82	
36.10	1636	-0.82	
36.09	1637	-0.82	
36.08	1637	-0.82	
36.06	1638	-0.82	
36.05	1639	-0.82	
36.03	1639	-0.82	
36.02	1640	-0.82	
36.01	1641	-0.82	
35.99	1642	-0.83	
35.98	1642	-0.83	
35.96	1643	-0.83	
35.95	1644	-0.83	
35.94	1644	-0.83	
35.92	1645	-0.83	
35.91	1646	-0.83	
35.89	1646	-0.83	
35.88	1647	-0.83	
35.87	1648	-0.83	
35.85	1649	-0.83	
35.84	1649	-0.83	
35.82	1650	-0.83	
35.81	1651	-0.83	
35.79	1651	-0.83	
35.78	1652	-0.83	
35.77	1653	-0.83	
35.75	1653	-0.83	
35.74	1654	-0.83	
35.72	1655	-0.83	
35.71	1656	-0.83	
35.70	1656	-0.83	
35.68	1657	-0.83	
35.67	1658	-0.83	
35.65	1658	-0.83	
35.64	1659	-0.83	
35.62	1660	-0.83	
35.61	1660	-0.83	
35.60	1661	-0.83	
35.58	1662	-0.83	
35.57	1663	-0.83	
35.55	1663	-0.83	
35.54	1664	-0.83	
35.53	1665	-0.83	
35.51	1665	-0.83	
35.50	1666	-0.83	
35.48	1667	-0.83	
35.47	1667	-0.83	
35.45	1668	-0.83	
35.44	1669	-0.83	
35.43	1670	-0.83	
35.41	1670	-0.83	
35.40	1671	-0.83	
35.38	1672	-0.83	
35.37	1672	-0.83	
35.35	1673	-0.83	
35.34	1674	-0.83	
35.33	1674	-0.83	
35.31	1675	-0.83	
35.30	1676	-0.83	
35.28	1677	-0.83	
35.27	1677	-0.83	
35.26	1678	-0.83	
35.24	1679	-0.83	
35.23	1679	-0.83	
35.21	1680	-0.83	
35.20	1681	-0.83	
35.19	1681	-0.83	
35.17	1682	-0.83	
35.16	1683	-0.83	
35.14	1684	-0.83	
35.13	1684	-0.83	
35.12	1685	-0.83	
35.10	1686	-0.83	
35.09	1686	-0.83	
35.07	1687	-0.83	
35.06	1688	-0.83	
35.05	1688	-0.83	
35.03	1689	-0.83	
35.02	1690	-0.83	
35.00	1691	-0.83	
34.99	1691	-0.83	
34.97	1692	-0.83	
34.96	1693	-0.83	
34.95	1693	-0.83	
34.93	1694	-0.83	
34.92	1695	-0.83	
34.90	1695	-0.83	
34.89	1696	-0.83	
34.87	1697	-0.83	
34.86	1698	-0.83	
34.85	1698	-0.83	
34.83	1699	-0.83	
34.82	1700	-0.83	
34.80	1700	-0.83	
34.79	1701	-0.83	
34.78	1702	-0.83	
34.76	1702	-0.83	
34.75	1703	-0.83	
34.73	1704	-0.83	
34.72	1705	-0.83	
34.70	1705	-0.83	
34.69	1706	-0.83	
34.68	1707	-0.83	
34.66	1707	-0.83	
34.65	1708	-0.83	
34.63	1709	-0.83	
34.62	1709	-0.83	
34.61	1710	-0.83	
34.59	1711	-0.83	
34.58	1712	-0.83	
34.56	1712	-0.83	
34.55	1713	-0.83	
34.53	1714	-0.83	
34.52	1714	-0.83	
34.50	1715	-0.83	
34.49	1716	-0.83	
34.48	1716	-0.83	
34.46	1717	-0.83	
34.45	1718	-0.83	
34.43	1719	-0.83	
34.42	1719	-0.83	
34.41	1720	-0.83	
34.39	1721	-0.83	
34.38	1721	-0.83	
34.36	1722	-0.83	
34.35	1723	-0.83	
34.34	1723	-0.83	
34.32	1724	-0.83	
34.31	1725	-0.83	
34.29	1726	-0.83	
34.28	1726	-0.83	
34.27	1727	-0.83	
34.25	1728	-0.83	
34.24	1728	-0.83	
34.22	1729	-0.83	
34.21	1730	-0.83	
34.19	1730	-0.83	
34.18	1731	-0.83	
34.17	1732	-0.83	
34.15	1733	-0.83	
34.14	1733	-0.84	
34.12	1734	-0.84	
34.11	1735	-0.84	
34.10	1735	-0.84	
34.08	1736	-0.84	
34.07	1737	-0.83	
34.05	1737	-0.83	
34.04	1738	-0.83	
34.02	1739	-0.83	
34.01	1740	-0.83	
34.00	1740	-0.83	
33.98	1741	-0.83	
33.97	1742	-0.83	
33.95	1742	-0.83	
33.94	1743	-0.83	
33.93	1744	-0.83	
33.91	1744	-0.84	
33.90	1745	-0.84	
33.88	1746	-0.84	
33.87	1747	-0.84	
33.86	1747	-0.84	
33.84	1748	-0.84	
33.83	1749	-0.84	
33.81	1749	-0.84	
33.80	1750	-0.84	
33.78	1751	-0.84	
33.77	1751	-0.84	
33.76	1752	-0.84	
33.74	1753	-0.84	
33.73	1754	-0.84	
33.71	1754	-0.84	
33.70	1755	-0.84	
33.68	1756	-0.84	
33.67	1756	-0.84	
33.66	1757	-0.84	
33.64	1758	-0.84	
33.63	1758	-0.84	
33.61	1759	-0.84	
33.60	1760	-0.84	
33.59	1761	-0.84	
33.57	1761	-0.84	
33.56	1762	-0.84	
33.54	1763	-0.84	
33.53	1763	-0.84	
33.52	1764	-0.84	
33.50	1765	-0.84	
33.49	1765	-0.84	
33.47	1766	-0.84	
33.46	1767	-0.84	
33.44	1768	-0.84	
33.43	1768	-0.84	
33.42	1769	-0.84	
33.40	1770	-0.84	
33.39	1770	-0.84	
33.37	1771	-0.84	
33.36	1772	-0.84	
33.35	1772	-0.84	
33.33	1773	-0.84	
33.32	1774	-0.84	
33.30	1775	-0.84	
33.29	1775	-0.84	
33.28	1776	-0.84	
33.26	1777	-0.84	
33.25	1777	-0.84	
33.23	1778	-0.84	
33.22	1779	-0.84	
33.20	1779	-0.84	
33.19	1780	-0.84	
33.18	1781	-0.84	
33.16	1782	-0.84	
33.15	1782	-0.84	
33.13	1783	-0.84	
33.12	1784	-0.84	
33.10	1784	-0.84	
33.09	1785	-0.84	
33.08	1786	-0.84	
33.06	1786	-0.84	
33.05	1787	-0.84	
33.03	1788	-0.84	
33.02	1789	-0.84	
33.00	1789	-0.84	
32.99	1790	-0.84	
32.97	1791	-0.84	
32.96	1791	-0.84	
32.94	1792	-0.84	
32.93	1793	-0.84	
32.91	1793	-0.84	
32.90	1794	-0.84	
32.88	1795	-0.84	
32.87	1796	-0.84	
32.85	1796	-0.84	
32.84	1797	-0.84	
32.82	1798	-0.84	
32.81	1798	-0.84	
32.80	1799	-0.84	
32.78	1800	-0.84	
32.77	1800	-0.84	
32.75	1801	-0.84	
32.74	1802	-0.84	
32.72	1803	-0.85	
32.71	1803	-0.85	
32.69	1804	-0.85	
32.68	1805	-0.85	
32.67	1805	-0.85	
32.65	1806	-0.85	
32.64	1807	-0.85	
32.62	1807	-0.85	
32.61	1808	-0.85	
32.60	1809	-0.85	
32.58	1810	-0.85	
32.57	1810	-0.85	
32.55	1811	-0.85	
32.54	1812	-0.85	
32.53	1812	-0.85	
32.51	1813	-0.85	
32.50	1814	-0.85	
32.48	1814	-0.84	
32.47	1815	-0.84	
32.46	1816	-0.84	
32.44	1817	-0.85	
32.43	1817	-0.85	
32.41	1818	-0.85	
32.40	1819	-0.85	
32.38	1819	-0.85	
32.37	1820	-0.85	
32.36	1821	-0.85	
32.34	1821	-0.85	
32.33	1822	-0.85	
32.31	1823	-0.85	
32.30	1824	-0.85	
32.28	1824	-0.85	
32.27	1825	-0.85	
32.26	1826	-0.85	
32.24	1826	-0.85	
32.23	1827	-0.85	
32.21	1828	-0.85	
32.20	1828	-0.85	
32.19	1829	-0.85	
32.17	1830	-0.85	
32.16	1831	-0.85	
32.14	1831	-0.85	
32.13	1832	-0.85	
32.11	1833	-0.85	
32.10	1833	-0.85	
32.09	1834	-0.85	
32.07	1835	-0.85	
32.06	1835	-0.85	
32.04	1836	-0.85	
32.03	1837	-0.85	
32.01	1838	-0.85	
32.00	1838	-0.85	
31.99	1839	-0.85	
31.97	1840	-0.85	
31.96	1840	-0.85	
31.94	1841	-0.85	
31.93	1842	-0.85	
31.92	1842	-0.85	
31.90	1843	-0.85	
31.89	1844	-0.85	
31.87	1845	-0.85	
31.86	1845	-0.85	
31.84	1846	-0.85	
31.83	1847	-0.85	
31.82	1847	-0.85	
31.80	1848	-0.85	
31.79	1849	-0.85	
31.77	1849	-0.85	
31.76	1850	-0.85	
31.75	1851	-0.85	
31.73	1852	-0.85	
31.72	1852	-0.85	
31.70	1853	-0.85	
31.69	1854	-0.85	
31.67	1854	-0.85	
31.66	1855	-0.85	
31.65	1856	-0.85	
31.63	1856	-0.85	
31.62	1857	-0.85	
31.60	1858	-0.85	
31.59	1859	-0.85	
31.58	1859	-0.85	
31.56	1860	-0.85	
31.55	1861	-0.85	
31.53	1861	-0.85	
31.52	1862	-0.85	
31.51	1863	-0.85	
31.49	1863	-0.85	
31.48	1864	-0.85	
31.46	1865	-0.85	
31.45	1866	-0.85	
31.44	1866	-0.85	
31.42	1867	-0.85	
31.41	1868	-0.85	
31.39	1868	-0.85	
31.38	1869	-0.85	
31.37	1870	-0.85	
31.35	1870	-0.85	
31.34	1871	-0.85	
31.32	1872	-0.85	
31.31	1873	-0.85	
31.29	1873	-0.85	
31.28	1874	-0.85	
31.27	1875	-0.85	
31.25	1875	-0.85	
31.24	1876	-0.85	
31.22	1877	-0.85	
31.21	1877	-0.85	
31.20	1878	-0.86	
31.18	1879	-0.86	
31.17	1880	-0.86	
31.15	1880	-0.86	
31.14	1881	-0.86	
31.13	1882	-0.85	
31.11	1882	-0.85	
31.10	1883	-0.85	
31.08	1884	-0.85	
31.07	1884	-0.85	
31.06	1885	-0.85	
31.04	1886	-0.85	
31.03	1887	-0.85	
31.01	1887	-0.86	
31.00	1888	-0.86	
30.98	1889	-0.86	
30.97	1889	-0.86	
30.96	1890	-0.86	
30.94	1891	-0.86	
30.93	1891	-0.86	
30.92	1892	-0.86	
30.90	1893	-0.86	
30.89	1894	-0.86	
30.87	1894	-0.86	
30.86	1895	-0.86	
30.84	1896	-0.86	
30.83	1896	-0.86	
30.82	1897	-0.86	
30.80	1898	-0.86	
30.79	1898	-0.86	
30.77	1899	-0.86	
30.76	1900	-0.86	
30.75	1901	-0.86	
30.73	1901	-0.86	
30.72	1902	-0.86	
30.70	1903	-0.86	
30.69	1903	-0.86	
30.68	1904	-0.86	
30.66	1905	-0.85	
30.65	1905	-0.85	
30.63	1906	-0.85	
30.62	1907	-0.85	
30.60	1908	-0.85	
30.59	1908	-0.85	
30.58	1909	-0.85	
30.56	1910	-0.85	
30.55	1910	-0.85	
30.53	1911	-0.85	
30.52	1912	-0.85	
30.51	1912	-0.85	
30.49	1913	-0.85	
30.48	1914	-0.86	
30.46	1915	-0.86	
30.45	1915	-0.86	
30.43	1916	-0.86	
30.42	1917	-0.86	
30.41	1917	-0.86	
30.39	1918	-0.86	
30.38	1919	-0.86	
30.36	1919	-0.86	
30.35	1920	-0.86	
30.33	1921	-0.86	
30.32	1922	-0.85	
30.31	1922	-0.85	
30.29	1923	-0.86	
30.28	1924	-0.86	
30.26	1924	-0.86	
30.25	1925	-0.86	
30.23	1926	-0.86	
30.22	1926	-0.86	
30.21	1927	-0.86	
30.19	1928	-0.86	
30.18	1929	-0.86	
30.16	1929	-0.86	
30.15	1930	-0.86	
30.14	1931	-0.86	
30.12	1931	-0.86	
30.11	1932	-0.86	
30.09	1933	-0.86	
30.08	1933	-0.86	
30.06	1934	-0.86	
30.05	1935	-0.86	
30.04	1936	-0.86	
30.02	1936	-0.86	
30.01	1937	-0.86	
29.99	1938	-0.86	
29.98	1938	-0.86	
29.97	1939	-0.86	
29.95	1940	-0.86	
29.94	1940	-0.86	
29.92	1941	-0.86	
29.91	1942	-0.86	
29.90	1943	-0.86	
29.88	1943	-0.86	
29.87	1944	-0.86	
29.85	1945	-0.86	
29.84	1945	-0.86	
29.83	1946	-0.86	
29.81	1947	-0.86	
29.80	1947	-0.86	
29.78	1948	-0.86	
29.77	1949	-0.86	
29.75	1950	-0.86	
29.74	1950	-0.86	
29.73	1951	-0.86	
29.71	1952	-0.86	
29.70	1952	-0.86	
29.68	1953	-0.86	
29.67	1954	-0.86	
29.66	1954	-0.86	
29.64	1955	-0.86	
29.63	1956	-0.86	
29.61	1957	-0.86	
29.60	1957	-0.86	
29.58	1958	-0.86	
29.57	1959	-0.86	
29.56	1959	-0.86	
29.54	1960	-0.86	
29.53	1961	-0.86	
29.51	1961	-0.86	
29.50	1962	-0.86	
29.49	1963	-0.87	
29.47	1964	-0.86	
29.46	1964	-0.86	
29.44	1965	-0.86	
29.43	1966	-0.86	
29.42	1966	-0.86	
29.40	1967	-0.86	
29.39	1968	-0.86	
29.37	1968	-0.86	
29.36	1969	-0.86	
29.35	1970	-0.86	
29.33	1971	-0.86	
29.32	1971	-0.86	
29.30	1972	-0.86	
29.29	1973	-0.87	
29.27	1973	-0.87	
29.26	1974	-0.87	
29.25	1975	-0.87	
29.23	1975	-0.87	
29.22	1976	-0.87	
29.20	1977	-0.87	
29.19	1978	-0.87	
29.18	1978	-0.87	
29.16	1979	-0.87	
29.15	1980	-0.87	
29.13	1980	-0.87	
29.12	1981	-0.87	
29.11	1982	-0.87	
29.09	1982	-0.87	
29.08	1983	-0.87	
29.06	1984	-0.87	
29.05	1985	-0.87	
29.03	1985	-0.87	
29.02	1986	-0.87	
29.01	1987	-0.87	
28.99	1987	-0.87	
28.98	1988	-0.87	
28.96	1989	-0.87	
28.95	1989	-0.87	
28.94	1990	-0.87	
28.92	1991	-0.87	
28.91	1992	-0.87	
28.89	1992	-0.87	
28.88	1993	-0.87	
28.87	1994	-0.87	
28.85	1994	-0.87	
28.84	1995	-0.87	
28.82	1996	-0.87	
28.81	1996	-0.87	
28.79	1997	-0.87	
28.78	1998	-0.87	
28.77	1999	-0.87	
28.75	1999	-0.87	
28.74	2000	-0.87	
28.72	2001	-0.87	
28.71	2001	-0.87	
28.70	2002	-0.87	
28.68	2003	-0.87	
28.67	2003	-0.87	
28.65	2004	-0.87	
28.64	2005	-0.87	
28.63	2006	-0.87	
28.61	2006	-0.87	
28.60	2007	-0.87	
28.58	2008	-0.87	
28.57	2008	-0.87	
28.56	2009	-0.87	
28.54	2010	-0.87	
28.53	2010	-0.87	
28.51	2011	-0.87	
28.50	2012	-0.87	
28.48	2013	-0.87	
28.47	2013	-0.87	
28.46	2014	-0.87	
28.44	2015	-0.87	
28.43	2015	-0.87	
28.41	2016	-0.87	
28.40	2017	-0.87	
28.39	2017	-0.88	
28.37	2018	-0.87	
28.36	2019	-0.88	
28.34	2020	-0.88	
28.33	2020	-0.88	
28.31	2021	-0.88	
28.30	2022	-0.88	
28.29	2022	-0.88	
28.27	2023	-0.88	
28.26	2024	-0.88	
28.24	2024	-0.88	
28.23	2025	-0.88	
28.22	2026	-0.88	
28.20	2027	-0.88	
28.19	2027	-0.88	
28.17	2028	-0.88	
28.16	2029	-0.88	
28.14	2029	-0.88	
28.13	2030	-0.88	
28.12	2031	-0.88	
28.10	2031	-0.88	
28.09	2032	-0.88	
28.07	2033	-0.88	
28.06	2034	-0.88	
28.04	2034	-0.88	
28.03	2035	-0.88	
28.02	2036	-0.88	
28.00	2036	-0.88	
27.99	2037	-0.88	
27.97	2038	-0.88	
27.96	2038	-0.88	
27.95	2039	-0.88	
27.93	2040	-0.88	
27.92	2041	-0.88	
27.90	2041	-0.88	
27.89	2042	-0.88	
27.88	2043	-0.88	
27.86	2043	-0.88	
27.85	2044	-0.88	
27.83	2045	-0.88	
27.82	2045	-0.88	
27.81	2046	-0.88	
27.79	2047	-0.88	
27.78	2048	-0.88	
27.76	2048	-0.88	
27.75	2049	-0.88	
27.74	2050	-0.88	
27.72	2050	-0.88	
27.71	2051	-0.88	
27.69	2052	-0.88	
27.68	2052	-0.88	
27.66	2053	-0.88	
27.65	2054	-0.88	
27.64	2055	-0.88	
27.62	2055	-0.88	
27.61	2056	-0.88	
27.59	2057	-0.88	
27.58	2057	-0.88	
27.57	2058	-0.88	
27.55	2059	-0.88	
27.54	2059	-0.88	
27.52	2060	-0.88	
27.51	2061	-0.88	
27.49	2062	-0.88	
27.48	2062	-0.88	
27.47	2063	-0.88	
27.45	2064	-0.88	
27.44	2064	-0.88	
27.42	2065	-0.88	
27.41	2066	-0.88	
27.40	2066	-0.88	
27.38	2067	-0.88	
27.37	2068	-0.88	
27.35	2069	-0.88	
27.34	2069	-0.88	
27.33	2070	-0.88	
27.31	2071	-0.88	
27.30	2071	-0.88	
27.28	2072	-0.88	
27.27	2073	-0.88	
27.25	2073	-0.88	
27.24	2074	-0.88	
27.23	2075	-0.88	
27.21	2076	-0.88	
27.20	2076	-0.88	
27.18	2077	-0.88	
27.17	2078	-0.88	
27.16	2078	-0.88	
27.14	2079	-0.88	
27.13	2080	-0.88	
27.11	2080	-0.88	
27.10	2081	-0.88	
27.08	2082	-0.88	
27.07	2083	-0.88	
27.06	2083	-0.88	
27.04	2084	-0.88	
27.03	2085	-0.88	
27.01	2085	-0.88	
27.00	2086	-0.88	
26.99	2087	-0.88	
26.97	2087	-0.88	
26.96	2088	-0.88	
26.94	2089	-0.88	
26.93	2090	-0.88	
26.92	2090	-0.88	
26.90	2091	-0.88	
26.89	2092	-0.88	
26.87	2092	-0.88	
26.86	2093	-0.88	
26.84	2094	-0.88	
26.83	2094	-0.88	
26.82	2095	-0.88	
26.80	2096	-0.88	
26.79	2097	-0.88	
26.77	2097	-0.88	
26.76	2098	-0.88	
26.75	2099	-0.88	
26.73	2099	-0.88	
26.72	2100	-0.88	
26.70	2101	-0.88	
26.69	2101	-0.88	
26.68	2102	-0.88	
26.66	2103	-0.88	
26.65	2104	-0.89	
26.63	2104	-0.89	
26.62	2105	-0.89	
26.60	2106	-0.89	
26.59	2106	-0.89	
26.58	2107	-0.89	
26.56	2108	-0.88	
26.55	2108	-0.88	
26.53	2109	-0.88	
26.52	2110	-0.89	
26.51	2111	-0.88	
26.49	2111	-0.89	
26.48	2112	-0.89	
26.46	2113	-0.89	
26.45	2113	-0.89	
26.43	2114	-0.89	
26.42	2115	-0.89	
26.41	2115	-0.89	
26.39	2116	-0.89	
26.38	2117	-0.89	
26.36	2118	-0.89	
26.35	2118	-0.89	
26.34	2119	-0.89	
26.32	2120	-0.89	
26.31	2120	-0.89	
26.29	2121	-0.89	
26.28	2122	-0.89	
26.26	2122	-0.89	
26.25	2123	-0.89	
26.24	2124	-0.89	
26.22	2125	-0.89	
26.21	2125	-0.89	
26.19	2126	-0.89	
26.18	2127	-0.89	
26.17	2127	-0.89	
26.15	2128	-0.89	
26.14	2129	-0.89	
26.12	2129	-0.89	
26.11	2130	-0.89	
26.09	2131	-0.89	
26.08	2132	-0.89	
26.07	2132	-0.89	
26.05	2133	-0.89	
26.04	2134	-0.89	
26.02	2134	-0.89	
26.01	2135	-0.89	
26.00	2136	-0.89	
25.98	2136	-0.89	
25.97	2137	-0.89	
25.95	2138	-0.89	
25.94	2139	-0.89	
25.93	2139	-0.89	
25.91	2140	-0.89	
25.90	2141	-0.89	
25.88	2141	-0.89	
25.87	2142	-0.89	
25.85	2143	-0.89	
25.84	2143	-0.89	
25.83	2144	-0.89	
25.81	2145	-0.89	
25.80	2146	-0.89	
25.78	2146	-0.89	
25.77	2147	-0.89	
25.75	2148	-0.89	
25.74	2148	-0.89	
25.73	2149	-0.89	
25.71	2150	-0.89	
25.70	2150	-0.89	
25.68	2151	-0.89	
25.67	2152	-0.89	
25.66	2153	-0.89	
25.64	2153	-0.89	
25.63	2154	-0.89	
25.61	2155	-0.89	
25.60	2155	-0.89	
25.59	2156	-0.89	
25.57	2157	-0.89	
25.56	2157	-0.89	
25.54	2158	-0.89	
25.53	2159	-0.89	
25.52	2160	-0.89	
25.50	2160	-0.89	
25.49	2161	-0.89	
25.47	2162	-0.89	
25.46	2162	-0.89	
25.44	2163	-0.89	
25.43	2164	-0.89	
25.42	2164	-0.89	
25.40	2165	-0.89	
25.39	2166	-0.89	
25.37	2167	-0.89	
25.36	2167	-0.90	
25.35	2168	-0.90	
25.33	2169	-0.90	
25.32	2169	-0.90	
25.30	2170	-0.90	
25.29	2171	-0.90	
25.27	2171	-0.90	
25.26	2172	-0.90	
25.25	2173	-0.90	
25.23	2174	-0.90	
25.22	2174	-0.90	
25.20	2175	-0.90	
25.19	2176	-0.90	
25.18	2176	-0.90	
25.16	2177	-0.90	
25.15	2178	-0.90	
25.13	2178	-0.90	
25.12	2179	-0.90	
25.10	2180	-0.90	
25.09	2181	-0.90	
25.08	2181	-0.90	
25.06	2182	-0.90	
25.05	2183	-0.90	
25.03	2183	-0.90	
25.02	2184	-0.90	
25.00	2185	-0.90	
24.99	2185	-0.90	
24.98	2186	-0.90	
24.96	2187	-0.90	
24.95	2188	-0.90	
24.93	2188	-0.90	
24.92	2189	-0.90	
24.91	2190	-0.90	
24.89	2190	-0.90	
24.88	2191	-0.90	
24.86	2192	-0.90	
24.85	2192	-0.90	
24.84	2193	-0.90	
24.82	2194	-0.90	
24.81	2195	-0.90	
24.79	2195	-0.90	
24.78	2196	-0.90	
24.76	2197	-0.90	
24.75	2197	-0.90	
24.74	2198	-0.90	
24.72	2199	-0.90	
24.71	2199	-0.90	
24.69	2200	-0.90	
24.68	2201	-0.90	
24.67	2202	-0.90	
24.65	2202	-0.90	
24.64	2203	-0.90	
24.62	2204	-0.90	
24.61	2204	-0.90	
24.59	2205	-0.90	
24.58	2206	-0.90	
24.57	2206	-0.90	
24.55	2207	-0.90	
24.54	2208	-0.90	
24.52	2209	-0.90	
24.51	2209	-0.90	
24.50	2210	-0.90	
24.48	2211	-0.90	
24.47	2211	-0.90	
24.45	2212	-0.90	
24.44	2213	-0.90	
24.43	2213	-0.90	
24.41	2214	-0.90	
24.40	2215	-0.90	
24.38	2216	-0.90	
24.37	2216	-0.90	
24.35	2217	-0.90	
24.34	2218	-0.90	
24.33	2218	-0.90	
24.31	2219	-0.90	
24.30	2220	-0.90	
24.28	2220	-0.90	
24.27	2221	-0.90	
24.26	2222	-0.90	
24.24	2223	-0.90	
24.23	2223	-0.90	
24.21	2224	-0.90	
24.20	2225	-0.90	
24.18	2225	-0.90	
24.17	2226	-0.90	
24.16	2227	-0.90	
24.14	2227	-0.90	
24.13	2228	-0.90	
24.11	2229	-0.90	
24.10	2230	-0.90	
24.09	2230	-0.90	
24.07	2231	-0.90	
24.06	2232	-0.90	
24.04	2232	-0.90	
24.03	2233	-0.90	
24.02	2234	-0.90	
24.00	2234	-0.90	
23.99	2235	-0.90	
23.97	2236	-0.90	
23.96	2237	-0.90	
23.95	2237	-0.91	
23.93	2238	-0.91	
23.92	2239	-0.91	
23.90	2239	-0.90	
23.89	2240	-0.90	
23.87	2241	-0.90	
23.86	2241	-0.90	
23.85	2242	-0.90	
23.83	2243	-0.90	
23.82	2244	-0.90	
23.80	2244	-0.90	
23.79	2245	-0.91	
23.77	2246	-0.91	
23.76	2246	-0.90	
23.75	2247	-0.90	
23.73	2248	-0.90	
23.72	2248	-0.90	
23.70	2249	-0.90	
23.69	2250	-0.90	
23.68	2251	-0.90	
23.66	2251	-0.90	
23.65	2252	-0.91	
23.63	2253	-0.91	
23.62	2253	-0.91	
23.61	2254	-0.91	
23.59	2255	-0.91	
23.58	2255	-0.91	
23.56	2256	-0.91	
23.55	2257	-0.91	
23.53	2258	-0.91	
23.52	2258	-0.91	
23.51	2259	-0.91	
23.49	2260	-0.91	
23.48	2260	-0.91	
23.46	2261	-0.91	
23.45	2262	-0.91	
23.44	2262	-0.91	
23.42	2263	-0.91	
23.41	2264	-0.91	
23.39	2265	-0.91	
23.38	2265	-0.91	
23.36	2266	-0.91	
23.35	2267	-0.91	
23.34	2267	-0.91	
23.32	2268	-0.91	
23.31	2269	-0.91	
23.30	2269	-0.91	
23.28	2270	-0.91	
23.27	2271	-0.91	
23.25	2272	-0.91	
23.24	2272	-0.91	
23.22	2273	-0.91	
23.21	2274	-0.91	
23.20	2274	-0.91	
23.18	2275	-0.91	
23.17	2276	-0.91	
23.15	2276	-0.91	
23.14	2277	-0.91	
23.13	2278	-0.91	
23.11	2279	-0.91	
23.10	2279	-0.91	
23.08	2280	-0.91	
23.07	2281	-0.91	
23.06	2281	-0.91	
23.04	2282	-0.91	
23.03	2283	-0.91	
23.01	2283	-0.91	
23.00	2284	-0.91	
22.98	2285	-0.91	
22.97	2286	-0.91	
22.96	2286	-0.91	
22.94	2287	-0.91	
22.93	2288	-0.91	
22.91	2288	-0.91	
22.90	2289	-0.91	
22.89	2290	-0.91	
22.87	2290	-0.91	
22.86	2291	-0.91	
22.84	2292	-0.91	
22.83	2293	-0.91	
22.81	2293	-0.91	
22.80	2294	-0.92	
22.79	2295	-0.91	
22.77	2295	-0.91	
22.76	2296	-0.91	
22.74	2297	-0.91	
22.73	2297	-0.91	
22.72	2298	-0.91	
22.70	2299	-0.91	
22.69	2300	-0.91	
22.67	2300	-0.91	
22.66	2301	-0.91	
22.65	2302	-0.91	
22.63	2302	-0.91	
22.62	2303	-0.91	
22.60	2304	-0.91	
22.59	2304	-0.91	
22.58	2305	-0.91	
22.56	2306	-0.91	
22.55	2307	-0.91	
22.53	2307	-0.91	
22.52	2308	-0.91	
22.51	2309	-0.91	
22.49	2309	-0.91	
22.48	2310	-0.91	
22.46	2311	-0.91	
22.45	2311	-0.91	
22.43	2312	-0.91	
22.42	2313	-0.91	
22.41	2314	-0.91	
22.39	2314	-0.91	
22.38	2315	-0.91	
22.36	2316	-0.91	
22.35	2316	-0.91	
22.33	2317	-0.91	
22.32	2318	-0.91	
22.31	2318	-0.91	
22.29	2319	-0.91	
22.28	2320	-0.92	
22.26	2321	-0.92	
22.25	2321	-0.92	
22.23	2322	-0.92	
22.22	2323	-0.92	
22.21	2323	-0.91	
22.19	2324	-0.91	
22.18	2325	-0.91	
22.16	2325	-0.91	
22.15	2326	-0.91	
22.14	2327	-0.91	
22.12	2328	-0.91	
22.11	2328	-0.91	
22.09	2329	-0.91	
22.08	2330	-0.91	
22.07	2330	-0.91	
22.05	2331	-0.91	
22.04	2332	-0.91	
22.02	2332	-0.91	
22.01	2333	-0.91	
21.99	2334	-0.91	
21.98	2335	-0.91	
21.97	2335	-0.91	
21.95	2336	-0.91	
21.94	2337	-0.91	
21.92	2337	-0.91	
21.91	2338	-0.91	
21.89	2339	-0.92	
21.88	2339	-0.92	
21.87	2340	-0.92	
21.85	2341	-0.92	
21.84	2342	-0.92	
21.82	2342	-0.92	
21.81	2343	-0.92	
21.80	2344	-0.92	
21.78	2344	-0.92	
21.77	2345	-0.92	
21.75	2346	-0.92	
21.74	2346	-0.92	
21.73	2347	-0.92	
21.71	2348	-0.92	
21.70	2349	-0.92	
21.68	2349	-0.92	
21.67	2350	-0.91	
21.66	2351	-0.91	
21.64	2351	-0.91	
21.63	2352	-0.91	
21.61	2353	-0.91	
21.60	2353	-0.91	
21.58	2354	-0.91	
21.57	2355	-0.91	
21.56	2356	-0.91	
21.54	2356	-0.91	
21.53	2357	-0.92	
21.51	2358	-0.92	
21.50	2358	-0.92	
21.48	2359	-0.92	
21.47	2360	-0.92	
21.46	2360	-0.92	
21.44	2361	-0.92	
21.43	2362	-0.92	
21.41	2363	-0.92	
21.40	2363	-0.92	
21.38	2364	-0.92	
21.37	2365	-0.92	
21.36	2365	-0.92	
21.34	2366	-0.92	
21.33	2367	-0.92	
21.31	2367	-0.92	
21.30	2368	-0.92	
21.29	2369	-0.92	
21.27	2370	-0.92	
21.26	2370	-0.92	
21.24	2371	-0.92	
21.23	2372	-0.92	
21.22	2372	-0.92	
21.20	2373	-0.92	
21.19	2374	-0.92	
21.17	2374	-0.92	
21.16	2375	-0.92	
21.15	2376	-0.92	
21.13	2377	-0.92	
21.12	2377	-0.92	
21.10	2378	-0.92	
21.09	2379	-0.92	
21.07	2379	-0.92	
21.06	2380	-0.92	
21.05	2381	-0.92	
21.03	2381	-0.92	
21.02	2382	-0.92	
21.00	2383	-0.92	
20.99	2384	-0.92	
20.98	2384	-0.92	
20.96	2385	-0.92	
20.95	2386	-0.92	
20.93	2386	-0.92	
20.92	2387	-0.92	
20.90	2388	-0.92	
20.89	2388	-0.92	
20.88	2389	-0.92	
20.86	2390	-0.92	
20.85	2391	-0.92	
20.83	2391	-0.92	
20.82	2392	-0.92	
20.81	2393	-0.92	
20.79	2393	-0.92	
20.78	2394	-0.92	
20.76	2395	-0.92	
20.75	2395	-0.92	
20.74	2396	-0.92	
20.72	2397	-0.92	
20.71	2398	-0.92	
20.69	2398	-0.92	
20.68	2399	-0.92	
20.67	2400	-0.92	
20.65	2400	-0.92	
20.64	2401	-0.92	
20.62	2402	-0.92	
20.61	2402	-0.92	
20.59	2403	-0.92	
20.58	2404	-0.92	
20.57	2405	-0.92	
20.55	2405	-0.92	
20.54	2406	-0.92	
20.52	2407	-0.92	
20.51	2407	-0.92	
20.50	2408	-0.92	
20.48	2409	-0.92	
20.47	2409	-0.92	
20.45	2410	-0.92	
20.44	2411	-0.92	
20.42	2412	-0.92	
20.41	2412	-0.92	
20.40	2413	-0.92	
20.38	2414	-0.92	
20.37	2414	-0.92	
20.35	2415	-0.92	
20.34	2416	-0.92	
20.33	2416	-0.92	
20.31	2417	-0.92	
20.30	2418	-0.92	
20.28	2419	-0.92	
20.27	2419	-0.92	
20.26	2420	-0.92	
20.24	2421	-0.92	
20.23	2421	-0.92	
20.21	2422	-0.92	
20.20	2423	-0.92	
20.18	2423	-0.92	
20.17	2424	-0.92	
20.16	2425	-0.93	
20.14	2426	-0.93	
20.13	2426	-0.93	
20.11	2427	-0.93	
20.10	2428	-0.93	
20.09	2428	-0.93	
20.07	2429	-0.93	
20.06	2430	-0.93	
20.04	2430	-0.93	
20.03	2431	-0.93	
20.01	2432	-0.93	
20.00	2433	-0.93	
19.99	2433	-0.93	
19.97	2434	-0.93	
19.96	2435	-0.92	
19.94	2435	-0.92	
19.93	2436	-0.92	
19.92	2437	-0.92	
19.90	2437	-0.93	
19.89	2438	-0.93	
19.87	2439	-0.93	
19.86	2440	-0.93	
19.85	2440	-0.93	
19.83	2441	-0.93	
19.82	2442	-0.93	
19.80	2442	-0.93	
19.79	2443	-0.93	
19.77	2444	-0.93	
19.76	2444	-0.93	
19.75	2445	-0.93	
19.73	2446	-0.93	
19.72	2447	-0.93	
19.70	2447	-0.93	
19.69	2448	-0.93	
19.68	2449	-0.93	
19.66	2449	-0.93	
19.65	2450	-0.93	
19.63	2451	-0.93	
19.62	2451	-0.93	
19.60	2452	-0.93	
19.59	2453	-0.93	
19.58	2454	-0.93	
19.56	2454	-0.93	
19.55	2455	-0.93	
19.54	2456	-0.93	
19.52	2456	-0.93	
19.51	2457	-0.93	
19.49	2458	-0.93	
19.48	2458	-0.93	
19.46	2459	-0.93	
19.45	2460	-0.93	
19.43	2461	-0.93	
19.42	2461	-0.93	
19.41	2462	-0.93	
19.39	2463	-0.93	
19.38	2463	-0.93	
19.36	2464	-0.93	
19.35	2465	-0.93	
19.34	2465	-0.93	
19.32	2466	-0.93	
19.31	2467	-0.93	
19.29	2468	-0.93	
19.28	2468	-0.93	
19.26	2469	-0.93	
19.25	2470	-0.93	
19.24	2470	-0.93	
19.22	2471	-0.93	
19.21	2472	-0.93	
19.19	2472	-0.93	
19.18	2473	-0.93	
19.17	2474	-0.93	
19.15	2475	-0.93	
19.14	2475	-0.93	
19.12	2476	-0.93	
19.11	2477	-0.93	
19.10	2477	-0.93	
19.08	2478	-0.93	
19.07	2479	-0.93	
19.05	2479	-0.93	
19.04	2480	-0.93	
19.02	2481	-0.93	
19.01	2482	-0.93	
19.00	2482	-0.93	
18.98	2483	-0.93	
18.97	2484	-0.93	
18.95	2484	-0.93	
18.94	2485	-0.93	
18.93	2486	-0.93	
18.91	2486	-0.93	
18.90	2487	-0.93	
18.88	2488	-0.93	
18.87	2489	-0.93	
18.86	2489	-0.93	
18.84	2490	-0.93	
18.83	2491	-0.93	
18.81	2491	-0.93	
18.80	2492	-0.93	
18.79	2493	-0.93	
18.77	2493	-0.93	
18.76	2494	-0.93	
18.74	2495	-0.93	
18.73	2496	-0.93	
18.71	2496	-0.93	
18.70	2497	-0.93	
18.69	2498	-0.93	
18.67	2498	-0.93	
18.66	2499	-0.93	
18.64	2500	-0.93	
18.63	2500	-0.93	
18.62	2501	-0.93	
18.60	2502	-0.93	
18.59	2503	-0.93	
18.57	2503	-0.93	
18.56	2504	-0.93	
18.55	2505	-0.93	
18.53	2505	-0.93	
18.52	2506	-0.93	
18.50	2507	-0.93	
18.49	2507	-0.93	
18.48	2508	-0.93	
18.46	2509	-0.93	
18.45	2510	-0.93	
18.43	2510	-0.93	
18.42	2511	-0.94	
18.40	2512	-0.94	
18.39	2512	-0.94	
18.38	2513	-0.93	
18.36	2514	-0.94	
18.35	2514	-0.94	
18.33	2515	-0.94	
18.32	2516	-0.94	
18.31	2517	-0.94	
18.29	2517	-0.94	
18.28	2518	-0.94	
18.26	2519	-0.94	
18.25	2519	-0.94	
18.23	2520	-0.94	
18.22	2521	-0.94	
18.21	2521	-0.94	
18.19	2522	-0.94	
18.18	2523	-0.94	
18.16	2524	-0.94	
18.15	2524	-0.94	
18.14	2525	-0.94	
18.12	2526	-0.94	
18.11	2526	-0.94	
18.09	2527	-0.94	
18.08	2528	-0.94	
18.07	2528	-0.94	
18.05	2529	-0.94	
18.04	2530	-0.94	
18.02	2531	-0.94	
18.01	2531	-0.94	
17.99	2532	-0.94	
17.98	2533	-0.94	
17.97	2533	-0.94	
17.95	2534	-0.94	
17.94	2535	-0.94	
17.92	2535	-0.94	
17.91	2536	-0.94	
17.90	2537	-0.94	
17.88	2538	-0.94	
17.87	2538	-0.94	
17.85	2539	-0.94	
17.84	2540	-0.94	
17.82	2540	-0.94	
17.81	2541	-0.94	
17.80	2542	-0.94	
17.78	2542	-0.94	
17.77	2543	-0.94	
17.75	2544	-0.94	
17.74	2545	-0.94	
17.73	2545	-0.94	
17.71	2546	-0.94	
17.70	2547	-0.94	
17.68	2547	-0.94	
17.67	2548	-0.94	
17.66	2549	-0.94	
17.64	2549	-0.94	
17.63	2550	-0.94	
17.61	2551	-0.94	
17.60	2552	-0.94	
17.59	2552	-0.94	
17.57	2553	-0.94	
17.56	2554	-0.94	
17.54	2554	-0.94	
17.53	2555	-0.94	
17.52	2556	-0.94	
17.50	2556	-0.94	
17.49	2557	-0.94	
17.47	2558	-0.94	
17.46	2559	-0.94	
17.44	2559	-0.94	
17.43	2560	-0.94	
17.42	2561	-0.94	
17.40	2561	-0.94	
17.39	2562	-0.94	
17.37	2563	-0.94	
17.36	2563	-0.94	
17.35	2564	-0.94	
17.33	2565	-0.94	
17.32	2566	-0.94	
17.30	2566	-0.94	
17.29	2567	-0.94	
17.28	2568	-0.94	
17.26	2568	-0.94	
17.25	2569	-0.94	
17.23	2570	-0.94	
17.22	2570	-0.94	
17.21	2571	-0.94	
17.19	2572	-0.94	
17.18	2573	-0.94	
17.16	2573	-0.94	
17.15	2574	-0.94	
17.13	2575	-0.94	
17.12	2575	-0.94	
17.11	2576	-0.94	
17.09	2577	-0.94	
17.08	2577	-0.94	
17.06	2578	-0.94	
17.05	2579	-0.94	
17.04	2580	-0.94	
17.02	2580	-0.94	
17.01	2581	-0.94	
16.99	2582	-0.94	
16.98	2582	-0.94	
16.96	2583	-0.94	
16.95	2584	-0.94	
16.94	2584	-0.94	
16.92	2585	-0.94	
16.91	2586	-0.94	
16.89	2587	-0.94	
16.88	2587	-0.94	
16.87	2588	-0.94	
16.85	2589	-0.94	
16.84	2589	-0.94	
16.82	2590	-0.94	
16.81	2591	-0.94	
16.80	2591	-0.94	
16.78	2592	-0.94	
16.77	2593	-0.94	
16.75	2594	-0.94	
16.74	2594	-0.94	
16.72	2595	-0.94	
16.71	2596	-0.94	
16.70	2596	-0.95	
16.68	2597	-0.95	
16.67	2598	-0.95	
16.65	2598	-0.94	
16.64	2599	-0.94	
16.63	2600	-0.94	
16.61	2601	-0.94	
16.60	2601	-0.94	
16.58	2602	-0.94	
16.57	2603	-0.94	
16.56	2603	-0.94	
16.54	2604	-0.94	
16.53	2605	-0.94	
16.51	2605	-0.94	
16.50	2606	-0.94	
16.49	2607	-0.94	
16.47	2608	-0.94	
16.46	2608	-0.94	
16.44	2609	-0.94	
16.43	2610	-0.94	
16.41	2610	-0.94	
16.40	2611	-0.94	
16.39	2612	-0.94	
16.37	2612	-0.94	
16.36	2613	-0.94	
16.34	2614	-0.94	
16.33	2615	-0.94	
16.32	2615	-0.94	
16.30	2616	-0.94	
16.29	2617	-0.94	
16.27	2617	-0.94	
16.26	2618	-0.94	
16.24	2619	-0.94	
16.23	2619	-0.95	
16.22	2620	-0.95	
16.20	2621	-0.95	
16.19	2622	-0.95	
16.17	2622	-0.95	
16.16	2623	-0.95	
16.14	2624	-0.95	
16.13	2624	-0.95	
16.12	2625	-0.95	
16.10	2626	-0.95	
16.09	2626	-0.95	
16.07	2627	-0.95	
16.06	2628	-0.95	
16.05	2629	-0.95	
16.03	2629	-0.95	
16.02	2630	-0.95	
16.00	2631	-0.95	
15.99	2631	-0.95	
15.98	2632	-0.95	
15.96	2633	-0.95	
15.95	2633	-0.95	
15.93	2634	-0.95	
15.92	2635	-0.95	
15.91	2636	-0.95	
15.89	2636	-0.95	
15.88	2637	-0.95	
15.86	2638	-0.95	
15.85	2638	-0.95	
15.84	2639	-0.95	
15.82	2640	-0.95	
15.81	2640	-0.95	
15.79	2641	-0.95	
15.78	2642	-0.95	
15.77	2643	-0.95	
15.75	2643	-0.95	
15.74	2644	-0.95	
15.72	2645	-0.95	
15.71	2645	-0.95	
15.70	2646	-0.95	
15.68	2647	-0.95	
15.67	2647	-0.95	
15.65	2648	-0.95	
15.64	2649	-0.95	
15.62	2650	-0.95	
15.61	2650	-0.95	
15.60	2651	-0.95	
15.58	2652	-0.95	
15.57	2652	-0.95	
15.55	2653	-0.95	
15.54	2654	-0.95	
15.53	2654	-0.95	
15.51	2655	-0.95	
15.50	2656	-0.95	
15.48	2657	-0.95	
15.47	2657	-0.95	
15.45	2658	-0.95	
15.44	2659	-0.95	
15.43	2659	-0.95	
15.41	2660	-0.95	
15.40	2661	-0.95	
15.38	2661	-0.95	
15.37	2662	-0.95	
15.36	2663	-0.95	
15.34	2664	-0.95	
15.33	2664	-0.95	
15.31	2665	-0.95	
15.30	2666	-0.95	
15.29	2666	-0.95	
15.27	2667	-0.95	
15.26	2668	-0.95	
15.24	2668	-0.95	
15.23	2669	-0.95	
15.22	2670	-0.95	
15.20	2671	-0.95	
15.19	2671	-0.95	
15.17	2672	-0.95	
15.16	2673	-0.95	
15.14	2673	-0.95	
15.13	2674	-0.95	
15.12	2675	-0.95	
15.10	2675	-0.95	
15.09	2676	-0.95	
15.07	2677	-0.95	
15.06	2678	-0.95	
15.05	2678	-0.95	
15.03	2679	-0.95	
15.02	2680	-0.95	
15.00	2680	-0.95	
14.99	2681	-0.95	
14.98	2682	-0.95	
14.96	2682	-0.95	
14.95	2683	-0.95	
14.93	2684	-0.95	
14.92	2685	-0.95	
14.91	2685	-0.95	
14.89	2686	-0.95	
14.88	2687	-0.95	
14.86	2687	-0.95	
14.85	2688	-0.95	
14.83	2689	-0.95	
14.82	2689	-0.95	
14.81	2690	-0.95	
14.79	2691	-0.95	
14.78	2692	-0.95	
14.77	2692	-0.95	
14.75	2693	-0.95	
14.74	2694	-0.95	
14.72	2694	-0.95	
14.71	2695	-0.95	
14.69	2696	-0.95	
14.68	2696	-0.95	
14.67	2697	-0.95	
14.65	2698	-0.95	
14.64	2699	-0.95	
14.62	2699	-0.95	
14.61	2700	-0.95	
14.60	2701	-0.95	
14.58	2701	-0.95	
14.57	2702	-0.95	
14.55	2703	-0.95	
14.54	2703	-0.95	
14.52	2704	-0.95	
14.51	2705	-0.95	
14.50	2706	-0.95	
14.48	2706	-0.95	
14.47	2707	-0.95	
14.45	2708	-0.95	
14.44	2708	-0.95	
14.43	2709	-0.95	
14.41	2710	-0.95	
14.40	2710	-0.95	
14.38	2711	-0.95	
14.37	2712	-0.95	
14.36	2713	-0.95	
14.34	2713	-0.95	
14.33	2714	-0.95	
14.31	2715	-0.95	
14.30	2715	-0.95	
14.29	2716	-0.95	
14.27	2717	-0.95	
14.26	2717	-0.95	
14.24	2718	-0.95	
14.23	2719	-0.95	
14.22	2720	-0.95	
14.20	2720	-0.95	
14.19	2721	-0.95	
14.17	2722	-0.96	
14.16	2722	-0.96	
14.15	2723	-0.96	
14.13	2724	-0.96	
14.12	2724	-0.96	
14.10	2725	-0.96	
14.09	2726	-0.96	
14.07	2727	-0.96	
14.06	2727	-0.96	
14.05	2728	-0.96	
14.03	2729	-0.96	
14.02	2729	-0.96	
14.00	2730	-0.96	
13.99	2731	-0.96	
13.98	2731	-0.96	
13.96	2732	-0.96	
13.95	2733	-0.96	
13.93	2734	-0.96	
13.92	2734	-0.96	
13.91	2735	-0.96	
13.89	2736	-0.96	
13.88	2736	-0.96	
13.86	2737	-0.96	
13.85	2738	-0.96	
13.84	2738	-0.96	
13.82	2739	-0.96	
13.81	2740	-0.96	
13.79	2741	-0.96	
13.78	2741	-0.96	
13.76	2742	-0.96	
13.75	2743	-0.96	
13.74	2743	-0.96	
13.72	2744	-0.96	
13.71	2745	-0.96	
13.69	2745	-0.96	
13.68	2746	-0.96	
13.67	2747	-0.96	
13.65	2748	-0.96	
13.64	2748	-0.96	
13.62	2749	-0.96	
13.61	2750	-0.96	
13.60	2750	-0.96	
13.58	2751	-0.96	
13.57	2752	-0.96	
13.55	2752	-0.96	
13.54	2753	-0.96	
13.53	2754	-0.96	
13.51	2755	-0.96	
13.50	2755	-0.96	
13.48	2756	-0.96	
13.47	2757	-0.96	
13.46	2757	-0.96	
13.44	2758	-0.96	
13.43	2759	-0.96	
13.41	2759	-0.96	
13.40	2760	-0.96	
13.39	2761	-0.96	
13.37	2762	-0.96	
13.36	2762	-0.96	
13.34	2763	-0.96	
13.33	2764	-0.96	
13.32	2764	-0.96	
13.30	2765	-0.96	
13.29	2766	-0.96	
13.27	2766	-0.96	
13.26	2767	-0.96	
13.24	2768	-0.96	
13.23	2769	-0.96	
13.22	2769	-0.96	
13.20	2770	-0.96	
13.19	2771	-0.96	
13.17	2771	-0.96	
13.16	2772	-0.96	
13.15	2773	-0.96	
13.13	2773	-0.96	
13.12	2774	-0.96	
13.11	2775	-0.96	
13.09	2776	-0.96	
13.08	2776	-0.96	
13.06	2777	-0.96	
13.05	2778	-0.96	
13.03	2778	-0.96	
13.02	2779	-0.96	
13.01	2780	-0.96	
12.99	2780	-0.96	
12.98	2781	-0.96	
12.96	2782	-0.96	
12.95	2783	-0.96	
12.94	2783	-0.96	
12.92	2784	-0.96	
12.91	2785	-0.96	
12.89	2785	-0.96	
12.88	2786	-0.96	
12.86	2787	-0.96	
12.85	2787	-0.96	
12.84	2788	-0.96	
12.82	2789	-0.96	
12.81	2790	-0.96	
12.80	2790	-0.96	
12.78	2791	-0.96	
12.77	2792	-0.96	
12.75	2792	-0.96	
12.74	2793	-0.96	
12.73	2794	-0.96	
12.71	2794	-0.96	
12.70	2795	-0.96	
12.68	2796	-0.96	
12.67	2797	-0.96	
12.65	2797	-0.96	
12.64	2798	-0.96	
12.63	2799	-0.96	
12.61	2799	-0.96	
12.60	2800	-0.96	
12.58	2801	-0.96	
12.57	2801	-0.96	
12.56	2802	-0.96	
12.54	2803	-0.96	
12.53	2804	-0.96	
12.51	2804	-0.96	
12.50	2805	-0.96	
12.49	2806	-0.96	
12.47	2806	-0.96	
12.46	2807	-0.96	
12.44	2808	-0.96	
12.43	2808	-0.96	
12.42	2809	-0.96	
12.40	2810	-0.96	
12.39	2811	-0.96	
12.37	2811	-0.96	
12.36	2812	-0.96	
12.35	2813	-0.96	
12.33	2813	-0.96	
12.32	2814	-0.96	
12.30	2815	-0.96	
12.29	2815	-0.96	
12.28	2816	-0.96	
12.26	2817	-0.96	
12.25	2818	-0.96	
12.23	2818	-0.96	
12.22	2819	-0.96	
12.21	2820	-0.96	
12.19	2820	-0.96	
12.18	2821	-0.96	
12.16	2822	-0.96	
12.15	2822	-0.96	
12.14	2823	-0.96	
12.12	2824	-0.96	
12.11	2825	-0.96	
12.09	2825	-0.96	
12.08	2826	-0.96	
12.07	2827	-0.96	
12.05	2827	-0.96	
12.04	2828	-0.96	
12.02	2829	-0.96	
12.01	2829	-0.96	
12.00	2830	-0.96	
11.98	2831	-0.96	
11.97	2832	-0.96	
11.95	2832	-0.96	
11.94	2833	-0.96	
11.93	2834	-0.96	
11.91	2834	-0.96	
11.90	2835	-0.96	
11.88	2836	-0.96	
11.87	2836	-0.96	
11.86	2837	-0.96	
11.84	2838	-0.96	
11.83	2839	-0.96	
11.81	2839	-0.96	
11.80	2840	-0.96	
11.79	2841	-0.96	
11.77	2841	-0.96	
11.76	2842	-0.96	
11.74	2843	-0.96	
11.73	2843	-0.96	
11.72	2844	-0.96	
11.70	2845	-0.96	
11.69	2846	-0.96	
11.67	2846	-0.96	
11.66	2847	-0.96	
11.65	2848	-0.96	
11.63	2848	-0.96	
11.62	2849	-0.96	
11.60	2850	-0.96	
11.59	2850	-0.96	
11.58	2851	-0.96	
11.56	2852	-0.96	
11.55	2853	-0.96	
11.53	2853	-0.96	
11.52	2854	-0.96	
11.51	2855	-0.96	
11.49	2855	-0.96	
11.48	2856	-0.96	
11.46	2857	-0.96	
11.45	2857	-0.96	
11.44	2858	-0.96	
11.42	2859	-0.96	
11.41	2860	-0.96	
11.39	2860	-0.96	
11.38	2861	-0.96	
11.37	2862	-0.96	
11.35	2862	-0.96	
11.34	2863	-0.96	
11.32	2864	-0.96	
11.31	2864	-0.96	
11.30	2865	-0.96	
11.28	2866	-0.96	
11.27	2867	-0.96	
11.25	2867	-0.96	
11.24	2868	-0.96	
11.23	2869	-0.96	
11.21	2869	-0.96	
11.20	2870	-0.96	
11.18	2871	-0.96	
11.17	2871	-0.96	
11.16	2872	-0.96	
11.14	2873	-0.96	
11.13	2874	-0.96	
11.11	2874	-0.96	
11.10	2875	-0.96	
11.09	2876	-0.96	
11.07	2876	-0.96	
11.06	2877	-0.96	
11.04	2878	-0.96	
11.03	2878	-0.96	
11.02	2879	-0.96	
11.00	2880	-0.96	
10.99	2881	-0.96	
10.98	2881	-0.96	
10.96	2882	-0.96	
10.95	2883	-0.96	
10.93	2883	-0.96	
10.92	2884	-0.96	
10.91	2885	-0.96	
10.89	2885	-0.96	
10.88	2886	-0.96	
10.86	2887	-0.96	
10.85	2888	-0.96	
10.83	2888	-0.96	
10.82	2889	-0.96	
10.81	2890	-0.96	
10.79	2890	-0.96	
10.78	2891	-0.96	
10.76	2892	-0.96	
10.75	2892	-0.96	
10.74	2893	-0.96	
10.72	2894	-0.96	
10.71	2895	-0.96	
10.70	2895	-0.96	
10.68	2896	-0.96	
10.67	2897	-0.97	
10.65	2897	-0.97	
10.64	2898	-0.97	
10.63	2899	-0.97	
10.61	2899	-0.97	
10.60	2900	-0.96	
10.58	2901	-0.96	
10.57	2902	-0.96	
10.56	2902	-0.96	
10.54	2903	-0.96	
10.53	2904	-0.96	
10.51	2904	-0.96	
10.50	2905	-0.96	
10.49	2906	-0.96	
10.47	2906	-0.96	
10.46	2907	-0.96	
10.44	2908	-0.96	
10.43	2909	-0.96	
10.42	2909	-0.96	
10.40	2910	-0.96	
10.39	2911	-0.96	
10.37	2911	-0.96	
10.36	2912	-0.96	
10.35	2913	-0.96	
10.33	2913	-0.96	
10.32	2914	-0.96	
10.30	2915	-0.96	
10.29	2916	-0.96	
10.28	2916	-0.96	
10.26	2917	-0.96	
10.25	2918	-0.96	
10.23	2918	-0.96	
10.22	2919	-0.96	
10.21	2920	-0.96	
10.19	2920	-0.96	
10.18	2921	-0.96	
10.17	2922	-0.96	
10.15	2923	-0.96	
10.14	2923	-0.96	
10.12	2924	-0.96	
10.11	2925	-0.96	
10.10	2925	-0.96	
10.08	2926	-0.96	
10.07	2927	-0.96	
10.05	2927	-0.96	
10.04	2928	-0.96	
10.03	2929	-0.96	
10.01	2930	-0.96	
10.00	2930	-0.96	
9.99	2931	-0.96	
9.97	2932	-0.96	
9.96	2932	-0.96	
9.94	2933	-0.96	
9.93	2934	-0.96	
9.91	2934	-0.96	
9.90	2935	-0.96	
9.89	2936	-0.96	
9.87	2937	-0.96	
9.86	2937	-0.96	
9.84	2938	-0.96	
9.83	2939	-0.96	
9.82	2939	-0.96	
9.80	2940	-0.96	
9.79	2941	-0.96	
9.78	2941	-0.96	
9.76	2942	-0.96	
9.75	2943	-0.96	
9.73	2944	-0.96	
9.72	2944	-0.96	
9.71	2945	-0.96	
9.69	2946	-0.96	
9.68	2946	-0.96	
9.66	2947	-0.96	
9.65	2948	-0.96	
9.64	2948	-0.96	
9.62	2949	-0.96	
9.61	2950	-0.96	
9.60	2951	-0.96	
9.58	2951	-0.96	
9.57	2952	-0.95	
9.55	2953	-0.95	
9.54	2953	-0.95	
9.53	2954	-0.95	
9.51	2955	-0.95	
9.50	2955	-0.95	
9.49	2956	-0.95	
9.47	2957	-0.95	
9.46	2958	-0.95	
9.44	2958	-0.95	
9.43	2959	-0.95	
9.42	2960	-0.95	
9.40	2960	-0.95	
9.39	2961	-0.95	
9.37	2962	-0.95	
9.36	2962	-0.95	
9.35	2963	-0.95	
9.33	2964	-0.95	
9.32	2965	-0.95	
9.30	2965	-0.95	
9.29	2966	-0.95	
9.28	2967	-0.95	
9.26	2967	-0.95	
9.25	2968	-0.95	
9.23	2969	-0.95	
9.22	2969	-0.95	
9.21	2970	-0.95	
9.19	2971	-0.95	
9.18	2972	-0.95	
9.17	2972	-0.95	
9.15	2973	-0.95	
9.14	2974	-0.95	
9.12	2974	-0.95	
9.11	2975	-0.95	
9.10	2976	-0.95	
9.08	2976	-0.95	
9.07	2977	-0.94	
9.06	2978	-0.94	
9.04	2979	-0.94	
9.03	2979	-0.94	
9.01	2980	-0.94	
9.00	2981	-0.94	
8.99	2981	-0.94	
8.97	2982	-0.94	
8.96	2983	-0.94	
8.94	2983	-0.94	
8.93	2984	-0.94	
8.92	2985	-0.94	
8.90	2986	-0.94	
8.89	2986	-0.94	
8.88	2987	-0.94	
8.86	2988	-0.94	
8.85	2988	-0.94	
8.83	2989	-0.94	
8.82	2990	-0.94	
8.81	2990	-0.94	
8.79	2991	-0.94	
8.78	2992	-0.94	
8.77	2993	-0.93	
8.75	2993	-0.93	
8.74	2994	-0.93	
8.73	2995	-0.93	
8.71	2995	-0.93	
8.70	2996	-0.93	
8.68	2997	-0.93	
8.67	2997	-0.93	
8.66	2998	-0.93	
8.64	2999	-0.93	
8.63	3000	-0.93	
