empty
Furnace temperature 	Time	HeatFlow	
/°C	/s	/mW	
64.81	0	0.23	
64.81	1	0.23	
64.87	1	0.23	
64.93	2	0.23	
65.02	3	0.23	
65.12	4	0.23	
65.24	4	0.23	
65.37	5	0.23	
65.52	6	0.23	
65.69	6	0.23	
65.86	7	0.23	
66.05	8	0.22	
66.23	8	0.22	
66.40	9	0.22	
66.58	10	0.22	
66.75	11	0.21	
66.91	11	0.21	
67.06	12	0.21	
67.20	13	0.20	
67.33	13	0.20	
67.44	14	0.19	
67.54	15	0.18	
67.62	15	0.18	
67.69	16	0.17	
67.75	17	0.16	
67.79	18	0.16	
67.83	18	0.15	
67.86	19	0.14	
67.88	20	0.13	
67.89	20	0.12	
67.89	21	0.12	
67.89	22	0.11	
67.89	22	0.10	
67.88	23	0.09	
67.87	24	0.08	
67.87	25	0.08	
67.86	25	0.07	
67.85	26	0.06	
67.84	27	0.06	
67.84	27	0.05	
67.83	28	0.04	
67.83	29	0.04	
67.83	29	0.03	
67.82	30	0.02	
67.82	31	0.02	
67.82	32	0.01	
67.83	32	0.01	
67.83	33	0.00	
67.83	34	-0.00	
67.83	34	-0.01	
67.84	35	-0.01	
67.84	36	-0.02	
67.85	36	-0.02	
67.85	37	-0.03	
67.85	38	-0.03	
67.85	39	-0.04	
67.85	39	-0.04	
67.85	40	-0.05	
67.85	41	-0.05	
67.84	41	-0.06	
67.84	42	-0.06	
67.84	43	-0.06	
67.83	43	-0.07	
67.83	44	-0.07	
67.82	45	-0.07	
67.81	46	-0.08	
67.81	46	-0.08	
67.80	47	-0.08	
67.79	48	-0.09	
67.78	48	-0.09	
67.78	49	-0.09	
67.77	50	-0.09	
67.76	50	-0.10	
67.75	51	-0.10	
67.74	52	-0.10	
67.73	53	-0.10	
67.73	53	-0.10	
67.72	54	-0.11	
67.71	55	-0.11	
67.70	55	-0.11	
67.69	56	-0.11	
67.69	57	-0.11	
67.68	57	-0.11	
67.67	58	-0.11	
67.66	59	-0.11	
67.66	60	-0.11	
67.65	60	-0.11	
67.64	61	-0.12	
67.63	62	-0.12	
67.62	62	-0.12	
67.61	63	-0.12	
67.61	64	-0.12	
67.60	64	-0.12	
67.59	65	-0.12	
67.58	66	-0.12	
67.57	67	-0.12	
67.56	67	-0.12	
67.55	68	-0.12	
67.54	69	-0.12	
67.53	69	-0.12	
67.52	70	-0.12	
67.51	71	-0.12	
67.50	71	-0.12	
67.49	72	-0.12	
67.48	73	-0.12	
67.47	74	-0.12	
67.46	74	-0.12	
67.45	75	-0.12	
67.44	76	-0.12	
67.43	76	-0.12	
67.42	77	-0.12	
67.40	78	-0.12	
67.39	78	-0.12	
67.38	79	-0.12	
67.37	80	-0.12	
67.36	81	-0.12	
67.35	81	-0.12	
67.34	82	-0.12	
67.33	83	-0.12	
67.32	83	-0.12	
67.31	84	-0.12	
67.30	85	-0.12	
67.29	85	-0.12	
67.28	86	-0.12	
67.26	87	-0.12	
67.25	88	-0.12	
67.24	88	-0.12	
67.23	89	-0.12	
67.22	90	-0.12	
67.21	90	-0.12	
67.20	91	-0.12	
67.18	92	-0.12	
67.17	92	-0.12	
67.16	93	-0.12	
67.15	94	-0.12	
67.14	95	-0.12	
67.13	95	-0.12	
67.11	96	-0.12	
67.10	97	-0.12	
67.09	97	-0.12	
67.08	98	-0.12	
67.07	99	-0.12	
67.05	99	-0.12	
67.04	100	-0.12	
67.03	101	-0.12	
67.02	102	-0.12	
67.01	102	-0.12	
66.99	103	-0.12	
66.98	104	-0.12	
66.97	104	-0.12	
66.96	105	-0.12	
66.95	106	-0.12	
66.93	106	-0.12	
66.92	107	-0.12	
66.91	108	-0.12	
66.90	109	-0.12	
66.88	109	-0.12	
66.87	110	-0.12	
66.86	111	-0.12	
66.85	111	-0.12	
66.84	112	-0.12	
66.82	113	-0.12	
66.81	113	-0.13	
66.80	114	-0.13	
66.78	115	-0.13	
66.77	116	-0.13	
66.76	116	-0.13	
66.75	117	-0.13	
66.73	118	-0.13	
66.72	118	-0.13	
66.71	119	-0.13	
66.70	120	-0.13	
66.68	120	-0.13	
66.67	121	-0.13	
66.66	122	-0.13	
66.64	123	-0.14	
66.63	123	-0.14	
66.62	124	-0.14	
66.61	125	-0.14	
66.59	125	-0.14	
66.58	126	-0.14	
66.57	127	-0.14	
66.55	127	-0.14	
66.54	128	-0.14	
66.53	129	-0.14	
66.52	130	-0.15	
66.50	130	-0.15	
66.49	131	-0.15	
66.48	132	-0.15	
66.46	132	-0.15	
66.45	133	-0.15	
66.44	134	-0.15	
66.42	134	-0.15	
66.41	135	-0.15	
66.40	136	-0.16	
66.38	137	-0.16	
66.37	137	-0.16	
66.36	138	-0.16	
66.35	139	-0.16	
66.33	139	-0.16	
66.32	140	-0.16	
66.31	141	-0.16	
66.29	141	-0.17	
66.28	142	-0.17	
66.27	143	-0.17	
66.25	144	-0.17	
66.24	144	-0.18	
66.23	145	-0.18	
66.21	146	-0.18	
66.20	146	-0.18	
66.19	147	-0.18	
66.17	148	-0.18	
66.16	148	-0.18	
66.15	149	-0.18	
66.13	150	-0.19	
66.12	151	-0.19	
66.10	151	-0.19	
66.09	152	-0.19	
66.08	153	-0.19	
66.06	153	-0.20	
66.05	154	-0.20	
66.04	155	-0.20	
66.02	155	-0.20	
66.01	156	-0.20	
66.00	157	-0.21	
65.98	158	-0.21	
65.97	158	-0.21	
65.96	159	-0.21	
65.94	160	-0.21	
65.93	160	-0.21	
65.92	161	-0.21	
65.90	162	-0.22	
65.89	162	-0.22	
65.89	163	-0.22	
65.90	164	-0.22	
65.90	165	-0.22	
65.90	165	-0.23	
65.91	166	-0.23	
65.91	167	-0.23	
65.90	167	-0.23	
65.90	168	-0.23	
65.90	169	-0.24	
65.89	169	-0.24	
65.88	170	-0.24	
65.87	171	-0.24	
65.86	172	-0.25	
65.84	172	-0.25	
65.83	173	-0.25	
65.81	174	-0.25	
65.80	174	-0.25	
65.78	175	-0.26	
65.76	176	-0.26	
65.74	176	-0.26	
65.72	177	-0.26	
65.71	178	-0.26	
65.69	179	-0.27	
65.67	179	-0.27	
65.66	180	-0.27	
65.64	181	-0.27	
65.63	181	-0.27	
65.62	182	-0.28	
65.60	183	-0.28	
65.59	183	-0.28	
65.58	184	-0.28	
65.57	185	-0.28	
65.56	186	-0.28	
65.55	186	-0.29	
65.54	187	-0.29	
65.53	188	-0.29	
65.52	188	-0.30	
65.51	189	-0.30	
65.50	190	-0.30	
65.48	190	-0.30	
65.47	191	-0.30	
65.46	192	-0.30	
65.45	193	-0.31	
65.44	193	-0.31	
65.42	194	-0.31	
65.41	195	-0.31	
65.40	195	-0.32	
65.38	196	-0.32	
65.37	197	-0.32	
65.35	197	-0.32	
65.34	198	-0.33	
65.32	199	-0.33	
65.31	200	-0.33	
65.29	200	-0.33	
65.28	201	-0.34	
65.26	202	-0.34	
65.25	202	-0.34	
65.24	203	-0.34	
65.22	204	-0.34	
65.21	204	-0.34	
65.19	205	-0.35	
65.18	206	-0.35	
65.17	207	-0.35	
65.15	207	-0.35	
65.14	208	-0.36	
65.13	209	-0.36	
65.11	209	-0.36	
65.10	210	-0.36	
65.09	211	-0.36	
65.07	211	-0.37	
65.06	212	-0.37	
65.05	213	-0.37	
65.03	214	-0.37	
65.02	214	-0.37	
65.01	215	-0.37	
64.99	216	-0.38	
64.98	216	-0.38	
64.97	217	-0.38	
64.95	218	-0.38	
64.94	218	-0.38	
64.92	219	-0.39	
64.91	220	-0.39	
64.90	221	-0.39	
64.88	221	-0.39	
64.87	222	-0.39	
64.85	223	-0.40	
64.84	223	-0.40	
64.82	224	-0.40	
64.81	225	-0.40	
64.79	225	-0.40	
64.78	226	-0.41	
64.77	227	-0.41	
64.75	228	-0.41	
64.74	228	-0.41	
64.72	229	-0.41	
64.71	230	-0.41	
64.69	230	-0.41	
64.68	231	-0.41	
64.67	232	-0.42	
64.65	232	-0.42	
64.64	233	-0.42	
64.62	234	-0.42	
64.61	235	-0.42	
64.60	235	-0.43	
64.58	236	-0.43	
64.57	237	-0.43	
64.55	237	-0.43	
64.54	238	-0.44	
64.53	239	-0.44	
64.51	239	-0.44	
64.50	240	-0.44	
64.48	241	-0.44	
64.47	242	-0.44	
64.45	242	-0.44	
64.44	243	-0.44	
64.43	244	-0.45	
64.41	244	-0.45	
64.40	245	-0.45	
64.38	246	-0.45	
64.37	246	-0.45	
64.35	247	-0.46	
64.34	248	-0.46	
64.32	249	-0.46	
64.31	249	-0.46	
64.29	250	-0.46	
64.28	251	-0.47	
64.27	251	-0.47	
64.25	252	-0.47	
64.24	253	-0.47	
64.22	253	-0.47	
64.21	254	-0.47	
64.19	255	-0.47	
64.18	256	-0.47	
64.16	256	-0.48	
64.15	257	-0.48	
64.14	258	-0.48	
64.12	258	-0.48	
64.11	259	-0.48	
64.09	260	-0.49	
64.08	260	-0.49	
64.06	261	-0.49	
64.05	262	-0.49	
64.03	263	-0.49	
64.02	263	-0.50	
64.01	264	-0.50	
63.99	265	-0.50	
63.98	265	-0.50	
63.96	266	-0.50	
63.95	267	-0.50	
63.93	267	-0.50	
63.92	268	-0.51	
63.90	269	-0.51	
63.89	270	-0.51	
63.87	270	-0.51	
63.86	271	-0.51	
63.84	272	-0.51	
63.83	272	-0.51	
63.81	273	-0.51	
63.80	274	-0.52	
63.78	274	-0.52	
63.77	275	-0.52	
63.76	276	-0.52	
63.74	277	-0.52	
63.73	277	-0.52	
63.71	278	-0.52	
63.70	279	-0.53	
63.68	279	-0.53	
63.67	280	-0.53	
63.66	281	-0.53	
63.64	281	-0.54	
63.63	282	-0.54	
63.61	283	-0.54	
63.60	284	-0.54	
63.58	284	-0.54	
63.57	285	-0.54	
63.55	286	-0.54	
63.54	286	-0.54	
63.53	287	-0.55	
63.51	288	-0.55	
63.50	288	-0.55	
63.48	289	-0.55	
63.47	290	-0.55	
63.45	291	-0.55	
63.44	291	-0.56	
63.42	292	-0.56	
63.41	293	-0.56	
63.39	293	-0.56	
63.38	294	-0.56	
63.36	295	-0.56	
63.35	295	-0.56	
63.33	296	-0.56	
63.32	297	-0.56	
63.30	298	-0.57	
63.29	298	-0.57	
63.28	299	-0.57	
63.26	300	-0.57	
63.25	300	-0.57	
63.23	301	-0.57	
63.22	302	-0.57	
63.20	302	-0.58	
63.19	303	-0.58	
63.17	304	-0.58	
63.16	305	-0.58	
63.14	305	-0.58	
63.13	306	-0.58	
63.12	307	-0.59	
63.10	307	-0.59	
63.09	308	-0.59	
63.07	309	-0.59	
63.06	309	-0.59	
63.04	310	-0.59	
63.03	311	-0.59	
63.01	312	-0.60	
63.00	312	-0.60	
62.99	313	-0.60	
62.97	314	-0.60	
62.96	314	-0.60	
62.94	315	-0.60	
62.93	316	-0.60	
62.91	316	-0.60	
62.90	317	-0.60	
62.88	318	-0.60	
62.87	319	-0.60	
62.85	319	-0.61	
62.84	320	-0.61	
62.83	321	-0.61	
62.81	321	-0.61	
62.80	322	-0.61	
62.78	323	-0.61	
62.77	323	-0.61	
62.75	324	-0.61	
62.74	325	-0.61	
62.72	326	-0.61	
62.71	326	-0.62	
62.69	327	-0.62	
62.68	328	-0.62	
62.67	328	-0.62	
62.65	329	-0.62	
62.64	330	-0.62	
62.62	330	-0.62	
62.61	331	-0.62	
62.59	332	-0.62	
62.58	333	-0.62	
62.56	333	-0.63	
62.55	334	-0.63	
62.53	335	-0.63	
62.52	335	-0.63	
62.51	336	-0.63	
62.49	337	-0.63	
62.48	337	-0.63	
62.46	338	-0.63	
62.45	339	-0.63	
62.43	340	-0.63	
62.42	340	-0.63	
62.40	341	-0.63	
62.39	342	-0.64	
62.37	342	-0.64	
62.36	343	-0.64	
62.34	344	-0.64	
62.33	344	-0.64	
62.32	345	-0.65	
62.30	346	-0.65	
62.29	347	-0.65	
62.27	347	-0.65	
62.26	348	-0.65	
62.24	349	-0.65	
62.23	349	-0.65	
62.22	350	-0.65	
62.20	351	-0.65	
62.19	351	-0.65	
62.17	352	-0.65	
62.16	353	-0.65	
62.14	354	-0.65	
62.13	354	-0.65	
62.11	355	-0.65	
62.10	356	-0.66	
62.08	356	-0.66	
62.07	357	-0.66	
62.05	358	-0.66	
62.04	358	-0.66	
62.02	359	-0.66	
62.01	360	-0.66	
62.00	361	-0.66	
61.98	361	-0.66	
61.97	362	-0.66	
61.95	363	-0.66	
61.94	363	-0.66	
61.92	364	-0.67	
61.91	365	-0.67	
61.89	365	-0.67	
61.88	366	-0.67	
61.87	367	-0.67	
61.85	368	-0.67	
61.84	368	-0.67	
61.82	369	-0.67	
61.81	370	-0.67	
61.79	370	-0.67	
61.78	371	-0.67	
61.76	372	-0.68	
61.75	372	-0.68	
61.73	373	-0.68	
61.72	374	-0.68	
61.70	375	-0.68	
61.69	375	-0.68	
61.68	376	-0.68	
61.66	377	-0.68	
61.65	377	-0.68	
61.63	378	-0.68	
61.62	379	-0.68	
61.60	379	-0.68	
61.59	380	-0.69	
61.57	381	-0.69	
61.56	382	-0.69	
61.54	382	-0.69	
61.53	383	-0.69	
61.51	384	-0.69	
61.50	384	-0.69	
61.49	385	-0.69	
61.47	386	-0.69	
61.46	386	-0.69	
61.44	387	-0.69	
61.43	388	-0.69	
61.41	389	-0.69	
61.40	389	-0.69	
61.39	390	-0.69	
61.37	391	-0.69	
61.36	391	-0.69	
61.34	392	-0.69	
61.33	393	-0.69	
61.32	393	-0.69	
61.30	394	-0.69	
61.29	395	-0.70	
61.27	396	-0.70	
61.26	396	-0.70	
61.24	397	-0.70	
61.23	398	-0.70	
61.21	398	-0.70	
61.20	399	-0.70	
61.19	400	-0.70	
61.17	400	-0.70	
61.16	401	-0.70	
61.14	402	-0.70	
61.13	403	-0.70	
61.11	403	-0.70	
61.10	404	-0.70	
61.08	405	-0.70	
61.07	405	-0.71	
61.05	406	-0.71	
61.04	407	-0.71	
61.03	407	-0.71	
61.01	408	-0.71	
61.00	409	-0.71	
60.98	410	-0.71	
60.97	410	-0.71	
60.95	411	-0.71	
60.94	412	-0.71	
60.93	412	-0.71	
60.91	413	-0.71	
60.90	414	-0.71	
60.88	414	-0.71	
60.87	415	-0.71	
60.85	416	-0.71	
60.84	417	-0.71	
60.82	417	-0.71	
60.81	418	-0.71	
60.80	419	-0.71	
60.78	419	-0.71	
60.77	420	-0.71	
60.75	421	-0.71	
60.74	421	-0.71	
60.72	422	-0.71	
60.71	423	-0.71	
60.69	424	-0.71	
60.68	424	-0.71	
60.66	425	-0.71	
60.65	426	-0.71	
60.64	426	-0.71	
60.62	427	-0.71	
60.61	428	-0.71	
60.59	428	-0.71	
60.58	429	-0.71	
60.56	430	-0.71	
60.55	431	-0.71	
60.53	431	-0.71	
60.52	432	-0.71	
60.50	433	-0.71	
60.49	433	-0.72	
60.48	434	-0.72	
60.46	435	-0.72	
60.45	435	-0.72	
60.43	436	-0.72	
60.42	437	-0.72	
60.40	438	-0.72	
60.39	438	-0.72	
60.37	439	-0.72	
60.36	440	-0.72	
60.35	440	-0.72	
60.33	441	-0.72	
60.32	442	-0.72	
60.30	442	-0.72	
60.29	443	-0.72	
60.27	444	-0.72	
60.26	445	-0.72	
60.24	445	-0.72	
60.23	446	-0.72	
60.21	447	-0.72	
60.20	447	-0.72	
60.19	448	-0.72	
60.17	449	-0.72	
60.16	449	-0.72	
60.14	450	-0.72	
60.13	451	-0.72	
60.11	452	-0.72	
60.10	452	-0.72	
60.09	453	-0.73	
60.07	454	-0.73	
60.06	454	-0.73	
60.04	455	-0.73	
60.03	456	-0.73	
60.01	456	-0.72	
60.00	457	-0.72	
59.99	458	-0.73	
59.97	459	-0.73	
59.96	459	-0.73	
59.94	460	-0.73	
59.93	461	-0.73	
59.91	461	-0.73	
59.90	462	-0.73	
59.89	463	-0.73	
59.87	463	-0.73	
59.86	464	-0.73	
59.84	465	-0.73	
59.83	466	-0.73	
59.81	466	-0.73	
59.80	467	-0.73	
59.79	468	-0.73	
59.77	468	-0.73	
59.76	469	-0.73	
59.74	470	-0.73	
59.73	470	-0.73	
59.71	471	-0.73	
59.70	472	-0.73	
59.68	473	-0.73	
59.67	473	-0.73	
59.66	474	-0.73	
59.64	475	-0.73	
59.63	475	-0.73	
59.61	476	-0.73	
59.60	477	-0.73	
59.58	477	-0.73	
59.57	478	-0.73	
59.56	479	-0.73	
59.54	480	-0.73	
59.53	480	-0.73	
59.51	481	-0.73	
59.50	482	-0.73	
59.49	482	-0.73	
59.47	483	-0.73	
59.46	484	-0.73	
59.44	484	-0.73	
59.43	485	-0.73	
59.41	486	-0.73	
59.40	487	-0.73	
59.38	487	-0.73	
59.37	488	-0.73	
59.36	489	-0.73	
59.34	489	-0.73	
59.33	490	-0.73	
59.31	491	-0.73	
59.30	491	-0.73	
59.28	492	-0.73	
59.27	493	-0.73	
59.26	494	-0.73	
59.24	494	-0.73	
59.23	495	-0.73	
59.21	496	-0.73	
59.20	496	-0.73	
59.18	497	-0.73	
59.17	498	-0.73	
59.16	498	-0.73	
59.14	499	-0.73	
59.13	500	-0.73	
59.11	501	-0.73	
59.10	501	-0.73	
59.08	502	-0.73	
59.07	503	-0.73	
59.06	503	-0.73	
59.04	504	-0.73	
59.03	505	-0.73	
59.01	505	-0.73	
59.00	506	-0.74	
58.98	507	-0.74	
58.97	508	-0.74	
58.96	508	-0.74	
58.94	509	-0.74	
58.93	510	-0.73	
58.91	510	-0.73	
58.90	511	-0.73	
58.88	512	-0.73	
58.87	512	-0.73	
58.86	513	-0.73	
58.84	514	-0.73	
58.83	515	-0.73	
58.81	515	-0.73	
58.80	516	-0.73	
58.78	517	-0.73	
58.77	517	-0.73	
58.76	518	-0.73	
58.74	519	-0.73	
58.73	519	-0.73	
58.71	520	-0.73	
58.70	521	-0.73	
58.68	522	-0.73	
58.67	522	-0.73	
58.66	523	-0.73	
58.64	524	-0.73	
58.63	524	-0.73	
58.61	525	-0.74	
58.60	526	-0.74	
58.59	526	-0.74	
58.57	527	-0.74	
58.56	528	-0.74	
58.54	529	-0.74	
58.53	529	-0.74	
58.51	530	-0.74	
58.50	531	-0.74	
58.49	531	-0.74	
58.47	532	-0.74	
58.46	533	-0.74	
58.44	533	-0.74	
58.43	534	-0.74	
58.41	535	-0.74	
58.40	536	-0.74	
58.38	536	-0.74	
58.37	537	-0.74	
58.36	538	-0.74	
58.34	538	-0.74	
58.33	539	-0.74	
58.31	540	-0.74	
58.30	540	-0.74	
58.28	541	-0.74	
58.27	542	-0.74	
58.26	543	-0.74	
58.24	543	-0.74	
58.23	544	-0.74	
58.21	545	-0.74	
58.20	545	-0.74	
58.19	546	-0.74	
58.17	547	-0.74	
58.16	547	-0.74	
58.14	548	-0.74	
58.13	549	-0.74	
58.11	550	-0.74	
58.10	550	-0.74	
58.09	551	-0.74	
58.07	552	-0.74	
58.06	552	-0.74	
58.04	553	-0.74	
58.03	554	-0.74	
58.01	554	-0.73	
58.00	555	-0.73	
57.99	556	-0.73	
57.97	557	-0.73	
57.96	557	-0.73	
57.94	558	-0.73	
57.93	559	-0.74	
57.91	559	-0.74	
57.90	560	-0.74	
57.89	561	-0.74	
57.87	561	-0.74	
57.86	562	-0.74	
57.84	563	-0.74	
57.83	564	-0.74	
57.81	564	-0.74	
57.80	565	-0.74	
57.79	566	-0.74	
57.77	566	-0.74	
57.76	567	-0.74	
57.74	568	-0.74	
57.73	568	-0.74	
57.71	569	-0.74	
57.70	570	-0.74	
57.69	571	-0.74	
57.67	571	-0.74	
57.66	572	-0.74	
57.64	573	-0.74	
57.63	573	-0.74	
57.62	574	-0.74	
57.60	575	-0.74	
57.59	575	-0.74	
57.57	576	-0.74	
57.56	577	-0.74	
57.54	578	-0.74	
57.53	578	-0.74	
57.52	579	-0.74	
57.50	580	-0.74	
57.49	580	-0.74	
57.47	581	-0.74	
57.46	582	-0.74	
57.44	582	-0.74	
57.43	583	-0.74	
57.42	584	-0.74	
57.40	585	-0.73	
57.39	585	-0.74	
57.37	586	-0.74	
57.36	587	-0.74	
57.35	587	-0.74	
57.33	588	-0.74	
57.32	589	-0.74	
57.30	589	-0.74	
57.29	590	-0.74	
57.27	591	-0.74	
57.26	592	-0.74	
57.25	592	-0.74	
57.23	593	-0.74	
57.22	594	-0.74	
57.20	594	-0.74	
57.19	595	-0.74	
57.17	596	-0.74	
57.16	596	-0.74	
57.15	597	-0.74	
57.13	598	-0.74	
57.12	599	-0.74	
57.10	599	-0.74	
57.09	600	-0.74	
57.07	601	-0.74	
57.06	601	-0.74	
57.05	602	-0.74	
57.03	603	-0.74	
57.02	603	-0.74	
57.00	604	-0.74	
56.99	605	-0.74	
56.97	606	-0.74	
56.96	606	-0.74	
56.95	607	-0.74	
56.93	608	-0.74	
56.92	608	-0.74	
56.90	609	-0.74	
56.89	610	-0.74	
56.87	610	-0.74	
56.86	611	-0.74	
56.85	612	-0.74	
56.83	613	-0.74	
56.82	613	-0.74	
56.80	614	-0.74	
56.79	615	-0.74	
56.78	615	-0.74	
56.76	616	-0.74	
56.75	617	-0.74	
56.73	617	-0.74	
56.72	618	-0.74	
56.70	619	-0.74	
56.69	620	-0.74	
56.68	620	-0.74	
56.66	621	-0.74	
56.65	622	-0.74	
56.63	622	-0.74	
56.62	623	-0.74	
56.61	624	-0.74	
56.59	624	-0.74	
56.58	625	-0.74	
56.56	626	-0.74	
56.55	627	-0.74	
56.53	627	-0.74	
56.52	628	-0.74	
56.50	629	-0.74	
56.49	629	-0.74	
56.48	630	-0.74	
56.46	631	-0.74	
56.45	631	-0.74	
56.43	632	-0.74	
56.42	633	-0.74	
56.41	634	-0.74	
56.39	634	-0.74	
56.38	635	-0.74	
56.36	636	-0.74	
56.35	636	-0.74	
56.34	637	-0.74	
56.32	638	-0.74	
56.31	638	-0.74	
56.29	639	-0.74	
56.28	640	-0.74	
56.26	641	-0.74	
56.25	641	-0.74	
56.24	642	-0.74	
56.22	643	-0.74	
56.21	643	-0.74	
56.19	644	-0.74	
56.18	645	-0.74	
56.16	645	-0.74	
56.15	646	-0.74	
56.14	647	-0.74	
56.12	648	-0.74	
56.11	648	-0.74	
56.09	649	-0.74	
56.08	650	-0.74	
56.06	650	-0.74	
56.05	651	-0.74	
56.04	652	-0.74	
56.02	652	-0.74	
56.01	653	-0.74	
55.99	654	-0.74	
55.98	655	-0.74	
55.97	655	-0.74	
55.95	656	-0.74	
55.94	657	-0.74	
55.92	657	-0.74	
55.91	658	-0.74	
55.89	659	-0.74	
55.88	659	-0.74	
55.87	660	-0.74	
55.85	661	-0.74	
55.84	662	-0.74	
55.82	662	-0.74	
55.81	663	-0.74	
55.80	664	-0.74	
55.78	664	-0.74	
55.77	665	-0.74	
55.75	666	-0.74	
55.74	666	-0.74	
55.72	667	-0.74	
55.71	668	-0.74	
55.70	669	-0.74	
55.68	669	-0.74	
55.67	670	-0.74	
55.65	671	-0.74	
55.64	671	-0.74	
55.62	672	-0.74	
55.61	673	-0.74	
55.60	673	-0.74	
55.58	674	-0.74	
55.57	675	-0.74	
55.55	676	-0.74	
55.54	676	-0.74	
55.53	677	-0.74	
55.51	678	-0.74	
55.50	678	-0.74	
55.48	679	-0.74	
55.47	680	-0.74	
55.45	680	-0.74	
55.44	681	-0.74	
55.43	682	-0.74	
55.41	683	-0.74	
55.40	683	-0.74	
55.38	684	-0.74	
55.37	685	-0.74	
55.36	685	-0.74	
55.34	686	-0.74	
55.33	687	-0.74	
55.31	687	-0.74	
55.30	688	-0.74	
55.28	689	-0.74	
55.27	690	-0.74	
55.26	690	-0.74	
55.24	691	-0.74	
55.23	692	-0.74	
55.21	692	-0.74	
55.20	693	-0.74	
55.18	694	-0.74	
55.17	694	-0.74	
55.16	695	-0.74	
55.14	696	-0.74	
55.13	697	-0.74	
55.11	697	-0.74	
55.10	698	-0.74	
55.08	699	-0.74	
55.07	699	-0.74	
55.06	700	-0.74	
55.04	701	-0.74	
55.03	701	-0.74	
55.01	702	-0.74	
55.00	703	-0.74	
54.99	704	-0.74	
54.97	704	-0.74	
54.96	705	-0.74	
54.94	706	-0.74	
54.93	706	-0.74	
54.91	707	-0.74	
54.90	708	-0.74	
54.89	708	-0.74	
54.87	709	-0.74	
54.86	710	-0.74	
54.84	711	-0.74	
54.83	711	-0.74	
54.82	712	-0.74	
54.80	713	-0.74	
54.79	713	-0.74	
54.77	714	-0.74	
54.76	715	-0.74	
54.74	715	-0.74	
54.73	716	-0.74	
54.71	717	-0.74	
54.70	718	-0.74	
54.69	718	-0.74	
54.67	719	-0.74	
54.66	720	-0.74	
54.64	720	-0.74	
54.63	721	-0.74	
54.62	722	-0.74	
54.60	722	-0.74	
54.59	723	-0.74	
54.57	724	-0.74	
54.56	725	-0.74	
54.55	725	-0.74	
54.53	726	-0.74	
54.52	727	-0.74	
54.50	727	-0.74	
54.49	728	-0.74	
54.48	729	-0.74	
54.46	729	-0.74	
54.45	730	-0.74	
54.43	731	-0.74	
54.42	732	-0.74	
54.40	732	-0.74	
54.39	733	-0.74	
54.38	734	-0.74	
54.36	734	-0.74	
54.35	735	-0.74	
54.33	736	-0.74	
54.32	736	-0.74	
54.30	737	-0.74	
54.29	738	-0.74	
54.28	739	-0.74	
54.26	739	-0.74	
54.25	740	-0.74	
54.23	741	-0.74	
54.22	741	-0.74	
54.20	742	-0.74	
54.19	743	-0.74	
54.18	743	-0.74	
54.16	744	-0.74	
54.15	745	-0.74	
54.13	746	-0.74	
54.12	746	-0.74	
54.11	747	-0.74	
54.09	748	-0.74	
54.08	748	-0.74	
54.06	749	-0.74	
54.05	750	-0.74	
54.03	750	-0.74	
54.02	751	-0.74	
54.01	752	-0.74	
53.99	753	-0.74	
53.98	753	-0.74	
53.96	754	-0.74	
53.95	755	-0.74	
53.94	755	-0.74	
53.92	756	-0.74	
53.91	757	-0.74	
53.89	757	-0.74	
53.88	758	-0.74	
53.86	759	-0.74	
53.85	760	-0.74	
53.84	760	-0.74	
53.82	761	-0.74	
53.81	762	-0.74	
53.79	762	-0.74	
53.78	763	-0.74	
53.76	764	-0.74	
53.75	764	-0.74	
53.74	765	-0.74	
53.72	766	-0.74	
53.71	767	-0.74	
53.69	767	-0.74	
53.68	768	-0.74	
53.67	769	-0.74	
53.65	769	-0.74	
53.64	770	-0.74	
53.62	771	-0.74	
53.61	771	-0.74	
53.59	772	-0.74	
53.58	773	-0.74	
53.57	774	-0.74	
53.55	774	-0.74	
53.54	775	-0.74	
53.52	776	-0.74	
53.51	776	-0.74	
53.50	777	-0.74	
53.48	778	-0.74	
53.47	778	-0.74	
53.45	779	-0.74	
53.44	780	-0.74	
53.42	781	-0.74	
53.41	781	-0.74	
53.40	782	-0.74	
53.38	783	-0.74	
53.37	783	-0.74	
53.35	784	-0.74	
53.34	785	-0.74	
53.33	785	-0.74	
53.31	786	-0.74	
53.30	787	-0.74	
53.28	788	-0.74	
53.27	788	-0.74	
53.25	789	-0.74	
53.24	790	-0.74	
53.23	790	-0.74	
53.21	791	-0.74	
53.20	792	-0.74	
53.18	792	-0.74	
53.17	793	-0.74	
53.16	794	-0.74	
53.14	795	-0.74	
53.13	795	-0.74	
53.11	796	-0.74	
53.10	797	-0.74	
53.08	797	-0.74	
53.07	798	-0.74	
53.06	799	-0.74	
53.04	799	-0.75	
53.03	800	-0.75	
53.01	801	-0.75	
53.00	802	-0.75	
52.98	802	-0.74	
52.97	803	-0.74	
52.96	804	-0.74	
52.94	804	-0.74	
52.93	805	-0.74	
52.91	806	-0.74	
52.90	806	-0.74	
52.89	807	-0.75	
52.87	808	-0.75	
52.86	809	-0.75	
52.84	809	-0.75	
52.83	810	-0.75	
52.81	811	-0.75	
52.80	811	-0.75	
52.79	812	-0.75	
52.77	813	-0.74	
52.76	813	-0.74	
52.74	814	-0.74	
52.73	815	-0.74	
52.72	816	-0.74	
52.70	816	-0.74	
52.69	817	-0.74	
52.67	818	-0.74	
52.66	818	-0.74	
52.64	819	-0.74	
52.63	820	-0.74	
52.62	820	-0.74	
52.60	821	-0.74	
52.59	822	-0.74	
52.57	823	-0.75	
52.56	823	-0.75	
52.55	824	-0.74	
52.53	825	-0.74	
52.52	825	-0.74	
52.50	826	-0.74	
52.49	827	-0.74	
52.47	827	-0.74	
52.46	828	-0.74	
52.45	829	-0.74	
52.43	830	-0.74	
52.42	830	-0.74	
52.40	831	-0.74	
52.39	832	-0.75	
52.38	832	-0.75	
52.36	833	-0.75	
52.35	834	-0.75	
52.33	834	-0.75	
52.32	835	-0.75	
52.30	836	-0.75	
52.29	837	-0.75	
52.28	837	-0.75	
52.26	838	-0.74	
52.25	839	-0.74	
52.23	839	-0.74	
52.22	840	-0.74	
52.20	841	-0.74	
52.19	841	-0.74	
52.18	842	-0.74	
52.16	843	-0.74	
52.15	844	-0.74	
52.13	844	-0.74	
52.12	845	-0.74	
52.11	846	-0.74	
52.09	846	-0.74	
52.08	847	-0.74	
52.06	848	-0.74	
52.05	848	-0.74	
52.04	849	-0.74	
52.02	850	-0.74	
52.01	851	-0.74	
51.99	851	-0.74	
51.98	852	-0.74	
51.96	853	-0.74	
51.95	853	-0.74	
51.94	854	-0.74	
51.92	855	-0.74	
51.91	855	-0.74	
51.89	856	-0.74	
51.88	857	-0.74	
51.87	858	-0.74	
51.85	858	-0.74	
51.84	859	-0.74	
51.82	860	-0.74	
51.81	860	-0.74	
51.79	861	-0.74	
51.78	862	-0.74	
51.77	862	-0.74	
51.75	863	-0.74	
51.74	864	-0.74	
51.72	865	-0.74	
51.71	865	-0.74	
51.70	866	-0.74	
51.68	867	-0.74	
51.67	867	-0.74	
51.65	868	-0.74	
51.64	869	-0.74	
51.62	869	-0.74	
51.61	870	-0.74	
51.60	871	-0.74	
51.58	872	-0.74	
51.57	872	-0.74	
51.55	873	-0.74	
51.54	874	-0.74	
51.53	874	-0.74	
51.51	875	-0.74	
51.50	876	-0.74	
51.48	876	-0.74	
51.47	877	-0.74	
51.45	878	-0.74	
51.44	879	-0.74	
51.43	879	-0.74	
51.41	880	-0.74	
51.40	881	-0.74	
51.38	881	-0.74	
51.37	882	-0.74	
51.35	883	-0.74	
51.34	883	-0.74	
51.33	884	-0.74	
51.31	885	-0.74	
51.30	886	-0.74	
51.28	886	-0.74	
51.27	887	-0.74	
51.25	888	-0.74	
51.24	888	-0.74	
51.23	889	-0.74	
51.21	890	-0.74	
51.20	890	-0.74	
51.18	891	-0.74	
51.17	892	-0.74	
51.16	893	-0.74	
51.14	893	-0.74	
51.13	894	-0.74	
51.11	895	-0.74	
51.10	895	-0.74	
51.09	896	-0.74	
51.07	897	-0.74	
51.06	897	-0.75	
51.04	898	-0.75	
51.03	899	-0.75	
51.01	900	-0.75	
51.00	900	-0.75	
50.99	901	-0.75	
50.97	902	-0.75	
50.96	902	-0.75	
50.94	903	-0.75	
50.93	904	-0.75	
50.91	904	-0.75	
50.90	905	-0.75	
50.89	906	-0.75	
50.87	907	-0.75	
50.86	907	-0.75	
50.84	908	-0.74	
50.83	909	-0.74	
50.82	909	-0.74	
50.80	910	-0.74	
50.79	911	-0.74	
50.77	911	-0.75	
50.76	912	-0.75	
50.74	913	-0.75	
50.73	914	-0.75	
50.72	914	-0.75	
50.70	915	-0.75	
50.69	916	-0.75	
50.67	916	-0.75	
50.66	917	-0.75	
50.65	918	-0.75	
50.63	918	-0.75	
50.62	919	-0.75	
50.60	920	-0.75	
50.59	921	-0.75	
50.57	921	-0.75	
50.56	922	-0.75	
50.55	923	-0.75	
50.53	923	-0.75	
50.52	924	-0.75	
50.50	925	-0.75	
50.49	925	-0.75	
50.48	926	-0.75	
50.46	927	-0.75	
50.45	928	-0.75	
50.43	928	-0.75	
50.42	929	-0.75	
50.40	930	-0.75	
50.39	930	-0.75	
50.38	931	-0.75	
50.36	932	-0.74	
50.35	932	-0.74	
50.33	933	-0.74	
50.32	934	-0.74	
50.30	935	-0.75	
50.29	935	-0.75	
50.28	936	-0.75	
50.26	937	-0.75	
50.25	937	-0.75	
50.23	938	-0.75	
50.22	939	-0.75	
50.21	939	-0.75	
50.19	940	-0.75	
50.18	941	-0.75	
50.16	942	-0.75	
50.15	942	-0.75	
50.14	943	-0.75	
50.12	944	-0.75	
50.11	944	-0.75	
50.09	945	-0.75	
50.08	946	-0.75	
50.07	946	-0.75	
50.05	947	-0.75	
50.04	948	-0.75	
50.02	949	-0.75	
50.01	949	-0.75	
49.99	950	-0.75	
49.98	951	-0.75	
49.97	951	-0.75	
49.95	952	-0.75	
49.94	953	-0.75	
49.92	953	-0.75	
49.91	954	-0.75	
49.89	955	-0.75	
49.88	956	-0.75	
49.86	956	-0.75	
49.85	957	-0.75	
49.84	958	-0.75	
49.82	958	-0.75	
49.81	959	-0.75	
49.79	960	-0.75	
49.78	960	-0.75	
49.77	961	-0.75	
49.75	962	-0.75	
49.74	963	-0.75	
49.72	963	-0.75	
49.71	964	-0.75	
49.70	965	-0.75	
49.68	965	-0.75	
49.67	966	-0.75	
49.65	967	-0.75	
49.64	967	-0.75	
49.62	968	-0.75	
49.61	969	-0.75	
49.60	970	-0.75	
49.58	970	-0.75	
49.57	971	-0.75	
49.55	972	-0.75	
49.54	972	-0.75	
49.53	973	-0.75	
49.51	974	-0.75	
49.50	974	-0.75	
49.48	975	-0.75	
49.47	976	-0.75	
49.45	977	-0.75	
49.44	977	-0.75	
49.43	978	-0.75	
49.41	979	-0.75	
49.40	979	-0.75	
49.38	980	-0.75	
49.37	981	-0.75	
49.36	981	-0.75	
49.34	982	-0.75	
49.33	983	-0.76	
49.31	984	-0.76	
49.30	984	-0.75	
49.28	985	-0.75	
49.27	986	-0.75	
49.26	986	-0.75	
49.24	987	-0.75	
49.23	988	-0.75	
49.21	988	-0.75	
49.20	989	-0.75	
49.19	990	-0.75	
49.17	991	-0.75	
49.16	991	-0.75	
49.14	992	-0.75	
49.13	993	-0.75	
49.12	993	-0.75	
49.10	994	-0.75	
49.09	995	-0.75	
49.07	995	-0.75	
49.06	996	-0.75	
49.04	997	-0.75	
49.03	998	-0.75	
49.02	998	-0.75	
49.00	999	-0.75	
48.99	1000	-0.75	
48.97	1000	-0.75	
48.96	1001	-0.75	
48.94	1002	-0.75	
48.93	1002	-0.75	
48.92	1003	-0.75	
48.90	1004	-0.75	
48.89	1005	-0.75	
48.87	1005	-0.75	
48.86	1006	-0.75	
48.85	1007	-0.75	
48.83	1007	-0.75	
48.82	1008	-0.75	
48.80	1009	-0.75	
48.79	1009	-0.75	
48.77	1010	-0.75	
48.76	1011	-0.75	
48.75	1012	-0.75	
48.73	1012	-0.75	
48.72	1013	-0.75	
48.70	1014	-0.75	
48.69	1014	-0.75	
48.67	1015	-0.75	
48.66	1016	-0.75	
48.65	1016	-0.75	
48.63	1017	-0.75	
48.62	1018	-0.75	
48.60	1019	-0.75	
48.59	1019	-0.75	
48.58	1020	-0.75	
48.56	1021	-0.75	
48.55	1021	-0.75	
48.53	1022	-0.75	
48.52	1023	-0.75	
48.50	1023	-0.75	
48.49	1024	-0.75	
48.48	1025	-0.75	
48.46	1026	-0.75	
48.45	1026	-0.75	
48.43	1027	-0.75	
48.42	1028	-0.75	
48.41	1028	-0.76	
48.39	1029	-0.76	
48.38	1030	-0.75	
48.36	1030	-0.75	
48.35	1031	-0.75	
48.33	1032	-0.75	
48.32	1033	-0.75	
48.31	1033	-0.75	
48.29	1034	-0.75	
48.28	1035	-0.75	
48.26	1035	-0.75	
48.25	1036	-0.75	
48.24	1037	-0.75	
48.22	1037	-0.75	
48.21	1038	-0.75	
48.19	1039	-0.75	
48.18	1040	-0.75	
48.17	1040	-0.76	
48.15	1041	-0.76	
48.14	1042	-0.76	
48.12	1042	-0.76	
48.11	1043	-0.76	
48.09	1044	-0.76	
48.08	1044	-0.76	
48.07	1045	-0.76	
48.05	1046	-0.76	
48.04	1047	-0.76	
48.02	1047	-0.75	
48.01	1048	-0.75	
47.99	1049	-0.75	
47.98	1049	-0.75	
47.97	1050	-0.76	
47.95	1051	-0.76	
47.94	1051	-0.76	
47.92	1052	-0.76	
47.91	1053	-0.76	
47.89	1054	-0.76	
47.88	1054	-0.76	
47.87	1055	-0.76	
47.85	1056	-0.76	
47.84	1056	-0.76	
47.82	1057	-0.76	
47.81	1058	-0.76	
47.80	1058	-0.76	
47.78	1059	-0.76	
47.77	1060	-0.76	
47.75	1061	-0.76	
47.74	1061	-0.76	
47.73	1062	-0.76	
47.71	1063	-0.76	
47.70	1063	-0.76	
47.68	1064	-0.76	
47.67	1065	-0.76	
47.65	1065	-0.76	
47.64	1066	-0.76	
47.63	1067	-0.76	
47.61	1068	-0.76	
47.60	1068	-0.76	
47.58	1069	-0.76	
47.57	1070	-0.76	
47.55	1070	-0.76	
47.54	1071	-0.76	
47.53	1072	-0.76	
47.51	1072	-0.76	
47.50	1073	-0.76	
47.48	1074	-0.76	
47.47	1075	-0.76	
47.46	1075	-0.76	
47.44	1076	-0.76	
47.43	1077	-0.76	
47.41	1077	-0.76	
47.40	1078	-0.76	
47.39	1079	-0.76	
47.37	1079	-0.76	
47.36	1080	-0.76	
47.34	1081	-0.76	
47.33	1082	-0.76	
47.31	1082	-0.76	
47.30	1083	-0.76	
47.29	1084	-0.76	
47.27	1084	-0.76	
47.26	1085	-0.76	
47.24	1086	-0.76	
47.23	1086	-0.76	
47.22	1087	-0.76	
47.20	1088	-0.76	
47.19	1089	-0.76	
47.17	1089	-0.76	
47.16	1090	-0.76	
47.14	1091	-0.76	
47.13	1091	-0.76	
47.12	1092	-0.76	
47.10	1093	-0.76	
47.09	1093	-0.76	
47.07	1094	-0.76	
47.06	1095	-0.76	
47.04	1096	-0.76	
47.03	1096	-0.76	
47.02	1097	-0.76	
47.00	1098	-0.76	
46.99	1098	-0.76	
46.97	1099	-0.76	
46.96	1100	-0.76	
46.95	1100	-0.76	
46.93	1101	-0.76	
46.92	1102	-0.76	
46.90	1103	-0.76	
46.89	1103	-0.76	
46.87	1104	-0.76	
46.86	1105	-0.76	
46.85	1105	-0.76	
46.83	1106	-0.76	
46.82	1107	-0.76	
46.80	1107	-0.76	
46.79	1108	-0.76	
46.78	1109	-0.76	
46.76	1110	-0.76	
46.75	1110	-0.76	
46.73	1111	-0.76	
46.72	1112	-0.76	
46.70	1112	-0.76	
46.69	1113	-0.76	
46.68	1114	-0.76	
46.66	1114	-0.76	
46.65	1115	-0.76	
46.63	1116	-0.76	
46.62	1117	-0.76	
46.60	1117	-0.76	
46.59	1118	-0.76	
46.58	1119	-0.76	
46.56	1119	-0.76	
46.55	1120	-0.77	
46.53	1121	-0.77	
46.52	1121	-0.77	
46.51	1122	-0.77	
46.49	1123	-0.77	
46.48	1124	-0.77	
46.46	1124	-0.77	
46.45	1125	-0.77	
46.44	1126	-0.77	
46.42	1126	-0.77	
46.41	1127	-0.77	
46.39	1128	-0.77	
46.38	1128	-0.77	
46.36	1129	-0.77	
46.35	1130	-0.77	
46.34	1131	-0.76	
46.32	1131	-0.76	
46.31	1132	-0.76	
46.29	1133	-0.77	
46.28	1133	-0.77	
46.27	1134	-0.77	
46.25	1135	-0.77	
46.24	1135	-0.77	
46.22	1136	-0.77	
46.21	1137	-0.77	
46.19	1138	-0.77	
46.18	1138	-0.77	
46.17	1139	-0.77	
46.15	1140	-0.77	
46.14	1140	-0.77	
46.12	1141	-0.77	
46.11	1142	-0.77	
46.10	1142	-0.77	
46.08	1143	-0.77	
46.07	1144	-0.77	
46.05	1145	-0.77	
46.04	1145	-0.77	
46.02	1146	-0.77	
46.01	1147	-0.77	
46.00	1147	-0.77	
45.98	1148	-0.77	
45.97	1149	-0.77	
45.95	1149	-0.77	
45.94	1150	-0.77	
45.92	1151	-0.77	
45.91	1152	-0.77	
45.90	1152	-0.77	
45.88	1153	-0.77	
45.87	1154	-0.77	
45.85	1154	-0.77	
45.84	1155	-0.77	
45.82	1156	-0.77	
45.81	1156	-0.77	
45.80	1157	-0.77	
45.78	1158	-0.77	
45.77	1159	-0.77	
45.75	1159	-0.77	
45.74	1160	-0.77	
45.73	1161	-0.77	
45.71	1161	-0.77	
45.70	1162	-0.77	
45.68	1163	-0.77	
45.67	1163	-0.77	
45.66	1164	-0.77	
45.64	1165	-0.77	
45.63	1166	-0.77	
45.61	1166	-0.77	
45.60	1167	-0.78	
45.59	1168	-0.78	
45.57	1168	-0.78	
45.56	1169	-0.78	
45.54	1170	-0.78	
45.53	1170	-0.78	
45.51	1171	-0.78	
45.50	1172	-0.78	
45.49	1173	-0.77	
45.47	1173	-0.77	
45.46	1174	-0.77	
45.44	1175	-0.77	
45.43	1175	-0.77	
45.42	1176	-0.77	
45.40	1177	-0.78	
45.39	1177	-0.78	
45.37	1178	-0.78	
45.36	1179	-0.78	
45.34	1180	-0.78	
45.33	1180	-0.77	
45.31	1181	-0.77	
45.30	1182	-0.78	
45.29	1182	-0.78	
45.27	1183	-0.78	
45.26	1184	-0.78	
45.24	1184	-0.78	
45.23	1185	-0.78	
45.22	1186	-0.78	
45.20	1187	-0.78	
45.19	1187	-0.78	
45.17	1188	-0.77	
45.16	1189	-0.77	
45.14	1189	-0.77	
45.13	1190	-0.77	
45.12	1191	-0.77	
45.10	1191	-0.77	
45.09	1192	-0.77	
45.07	1193	-0.77	
45.06	1194	-0.77	
45.05	1194	-0.77	
45.03	1195	-0.78	
45.02	1196	-0.78	
45.00	1196	-0.78	
44.99	1197	-0.78	
44.97	1198	-0.78	
44.96	1198	-0.77	
44.95	1199	-0.77	
44.93	1200	-0.77	
44.92	1201	-0.77	
44.90	1201	-0.77	
44.89	1202	-0.77	
44.88	1203	-0.77	
44.86	1203	-0.77	
44.85	1204	-0.77	
44.83	1205	-0.77	
44.82	1205	-0.77	
44.81	1206	-0.77	
44.79	1207	-0.77	
44.78	1208	-0.77	
44.76	1208	-0.77	
44.75	1209	-0.77	
44.73	1210	-0.77	
44.72	1210	-0.77	
44.71	1211	-0.77	
44.69	1212	-0.77	
44.68	1212	-0.77	
44.66	1213	-0.77	
44.65	1214	-0.77	
44.64	1215	-0.77	
44.62	1215	-0.77	
44.61	1216	-0.77	
44.59	1217	-0.77	
44.58	1217	-0.78	
44.56	1218	-0.78	
44.55	1219	-0.78	
44.54	1219	-0.78	
44.52	1220	-0.78	
44.51	1221	-0.78	
44.49	1222	-0.78	
44.48	1222	-0.78	
44.46	1223	-0.78	
44.45	1224	-0.78	
44.44	1224	-0.78	
44.42	1225	-0.78	
44.41	1226	-0.78	
44.39	1226	-0.78	
44.38	1227	-0.78	
44.37	1228	-0.78	
44.35	1229	-0.78	
44.34	1229	-0.78	
44.32	1230	-0.78	
44.31	1231	-0.78	
44.30	1231	-0.78	
44.28	1232	-0.78	
44.27	1233	-0.78	
44.25	1233	-0.78	
44.24	1234	-0.78	
44.22	1235	-0.78	
44.21	1236	-0.78	
44.20	1236	-0.78	
44.18	1237	-0.78	
44.17	1238	-0.78	
44.15	1238	-0.78	
44.14	1239	-0.78	
44.13	1240	-0.78	
44.11	1240	-0.78	
44.10	1241	-0.78	
44.08	1242	-0.78	
44.07	1243	-0.78	
44.05	1243	-0.78	
44.04	1244	-0.78	
44.03	1245	-0.78	
44.01	1245	-0.78	
44.00	1246	-0.78	
43.98	1247	-0.78	
43.97	1247	-0.78	
43.95	1248	-0.78	
43.94	1249	-0.78	
43.93	1250	-0.78	
43.91	1250	-0.78	
43.90	1251	-0.78	
43.88	1252	-0.78	
43.87	1252	-0.78	
43.86	1253	-0.78	
43.84	1254	-0.78	
43.83	1254	-0.78	
43.81	1255	-0.78	
43.80	1256	-0.78	
43.79	1257	-0.78	
43.77	1257	-0.78	
43.76	1258	-0.78	
43.74	1259	-0.78	
43.73	1259	-0.78	
43.71	1260	-0.78	
43.70	1261	-0.78	
43.69	1261	-0.78	
43.67	1262	-0.78	
43.66	1263	-0.78	
43.64	1264	-0.78	
43.63	1264	-0.78	
43.61	1265	-0.78	
43.60	1266	-0.78	
43.59	1266	-0.78	
43.57	1267	-0.78	
43.56	1268	-0.78	
43.54	1268	-0.78	
43.53	1269	-0.78	
43.52	1270	-0.78	
43.50	1271	-0.78	
43.49	1271	-0.78	
43.47	1272	-0.78	
43.46	1273	-0.78	
43.44	1273	-0.78	
43.43	1274	-0.78	
43.42	1275	-0.78	
43.40	1275	-0.78	
43.39	1276	-0.78	
43.37	1277	-0.79	
43.36	1278	-0.79	
43.35	1278	-0.79	
43.33	1279	-0.79	
43.32	1280	-0.79	
43.30	1280	-0.79	
43.29	1281	-0.79	
43.27	1282	-0.79	
43.26	1282	-0.78	
43.25	1283	-0.78	
43.23	1284	-0.78	
43.22	1285	-0.78	
43.20	1285	-0.78	
43.19	1286	-0.78	
43.18	1287	-0.79	
43.16	1287	-0.79	
43.15	1288	-0.79	
43.13	1289	-0.79	
43.12	1289	-0.79	
43.10	1290	-0.79	
43.09	1291	-0.79	
43.08	1292	-0.79	
43.06	1292	-0.79	
43.05	1293	-0.79	
43.03	1294	-0.79	
43.02	1294	-0.79	
43.01	1295	-0.79	
42.99	1296	-0.79	
42.98	1296	-0.79	
42.96	1297	-0.79	
42.95	1298	-0.79	
42.93	1299	-0.79	
42.92	1299	-0.79	
42.91	1300	-0.79	
42.89	1301	-0.79	
42.88	1301	-0.79	
42.86	1302	-0.79	
42.85	1303	-0.79	
42.83	1303	-0.79	
42.82	1304	-0.79	
42.80	1305	-0.79	
42.79	1306	-0.79	
42.77	1306	-0.79	
42.76	1307	-0.79	
42.74	1308	-0.79	
42.73	1308	-0.79	
42.71	1309	-0.79	
42.70	1310	-0.79	
42.68	1310	-0.79	
42.67	1311	-0.79	
42.66	1312	-0.79	
42.64	1313	-0.79	
42.63	1313	-0.79	
42.61	1314	-0.79	
42.60	1315	-0.79	
42.59	1315	-0.79	
42.57	1316	-0.79	
42.56	1317	-0.79	
42.54	1317	-0.79	
42.53	1318	-0.79	
42.51	1319	-0.79	
42.50	1320	-0.79	
42.49	1320	-0.79	
42.47	1321	-0.79	
42.46	1322	-0.79	
42.44	1322	-0.79	
42.43	1323	-0.79	
42.42	1324	-0.79	
42.40	1324	-0.79	
42.39	1325	-0.79	
42.37	1326	-0.79	
42.36	1327	-0.79	
42.35	1327	-0.79	
42.33	1328	-0.79	
42.32	1329	-0.79	
42.30	1329	-0.79	
42.29	1330	-0.79	
42.28	1331	-0.79	
42.26	1331	-0.79	
42.25	1332	-0.79	
42.23	1333	-0.79	
42.22	1334	-0.79	
42.21	1334	-0.79	
42.19	1335	-0.79	
42.18	1336	-0.79	
42.16	1336	-0.79	
42.15	1337	-0.79	
42.13	1338	-0.79	
42.12	1338	-0.79	
42.11	1339	-0.79	
42.09	1340	-0.79	
42.08	1341	-0.79	
42.06	1341	-0.79	
42.05	1342	-0.79	
42.04	1343	-0.79	
42.02	1343	-0.79	
42.01	1344	-0.79	
41.99	1345	-0.79	
41.98	1345	-0.79	
41.96	1346	-0.79	
41.95	1347	-0.79	
41.94	1348	-0.79	
41.92	1348	-0.79	
41.91	1349	-0.79	
41.89	1350	-0.79	
41.88	1350	-0.79	
41.86	1351	-0.79	
41.85	1352	-0.79	
41.84	1352	-0.79	
41.82	1353	-0.79	
41.81	1354	-0.79	
41.79	1355	-0.79	
41.78	1355	-0.79	
41.77	1356	-0.79	
41.75	1357	-0.79	
41.74	1357	-0.79	
41.73	1358	-0.79	
41.71	1359	-0.79	
41.70	1359	-0.79	
41.69	1360	-0.79	
41.67	1361	-0.79	
41.66	1362	-0.79	
41.64	1362	-0.79	
41.63	1363	-0.79	
41.62	1364	-0.79	
41.60	1364	-0.79	
41.59	1365	-0.79	
41.57	1366	-0.79	
41.56	1366	-0.79	
41.54	1367	-0.79	
41.53	1368	-0.79	
41.52	1369	-0.79	
41.50	1369	-0.79	
41.49	1370	-0.79	
41.47	1371	-0.80	
41.46	1371	-0.80	
41.44	1372	-0.80	
41.43	1373	-0.80	
41.41	1373	-0.80	
41.40	1374	-0.80	
41.38	1375	-0.79	
41.37	1376	-0.79	
41.35	1376	-0.79	
41.34	1377	-0.79	
41.33	1378	-0.79	
41.31	1378	-0.79	
41.30	1379	-0.80	
41.28	1380	-0.80	
41.27	1380	-0.80	
41.26	1381	-0.80	
41.24	1382	-0.80	
41.23	1383	-0.80	
41.21	1383	-0.80	
41.20	1384	-0.80	
41.19	1385	-0.80	
41.17	1385	-0.80	
41.16	1386	-0.80	
41.14	1387	-0.80	
41.13	1387	-0.80	
41.12	1388	-0.80	
41.10	1389	-0.80	
41.09	1390	-0.80	
41.07	1390	-0.80	
41.06	1391	-0.80	
41.05	1392	-0.80	
41.03	1392	-0.80	
41.02	1393	-0.80	
41.00	1394	-0.80	
40.99	1394	-0.80	
40.97	1395	-0.80	
40.96	1396	-0.80	
40.95	1397	-0.80	
40.93	1397	-0.80	
40.92	1398	-0.80	
40.90	1399	-0.80	
40.89	1399	-0.80	
40.87	1400	-0.80	
40.86	1401	-0.80	
40.85	1401	-0.80	
40.83	1402	-0.80	
40.82	1403	-0.80	
40.80	1404	-0.80	
40.79	1404	-0.80	
40.78	1405	-0.80	
40.76	1406	-0.80	
40.75	1406	-0.80	
40.73	1407	-0.80	
40.72	1408	-0.80	
40.71	1408	-0.80	
40.69	1409	-0.80	
40.68	1410	-0.80	
40.66	1411	-0.80	
40.65	1411	-0.80	
40.64	1412	-0.80	
40.62	1413	-0.80	
40.61	1413	-0.80	
40.59	1414	-0.80	
40.58	1415	-0.80	
40.56	1415	-0.80	
40.55	1416	-0.80	
40.53	1417	-0.80	
40.52	1418	-0.80	
40.51	1418	-0.80	
40.49	1419	-0.80	
40.48	1420	-0.80	
40.46	1420	-0.80	
40.45	1421	-0.80	
40.43	1422	-0.80	
40.42	1422	-0.80	
40.41	1423	-0.80	
40.39	1424	-0.80	
40.38	1425	-0.80	
40.36	1425	-0.80	
40.35	1426	-0.80	
40.34	1427	-0.80	
40.32	1427	-0.80	
40.31	1428	-0.80	
40.30	1429	-0.80	
40.28	1429	-0.80	
40.27	1430	-0.80	
40.25	1431	-0.80	
40.24	1432	-0.80	
40.22	1432	-0.80	
40.21	1433	-0.80	
40.20	1434	-0.80	
40.18	1434	-0.80	
40.17	1435	-0.80	
40.15	1436	-0.80	
40.14	1436	-0.80	
40.13	1437	-0.80	
40.11	1438	-0.80	
40.10	1439	-0.80	
40.08	1439	-0.80	
40.07	1440	-0.80	
40.06	1441	-0.80	
40.04	1441	-0.80	
40.03	1442	-0.80	
40.01	1443	-0.81	
40.00	1443	-0.81	
39.98	1444	-0.81	
39.97	1445	-0.81	
39.95	1446	-0.81	
39.94	1446	-0.81	
39.93	1447	-0.81	
39.91	1448	-0.81	
39.90	1448	-0.81	
39.88	1449	-0.81	
39.87	1450	-0.81	
39.85	1450	-0.81	
39.84	1451	-0.81	
39.83	1452	-0.81	
39.81	1453	-0.81	
39.80	1453	-0.81	
39.78	1454	-0.81	
39.77	1455	-0.81	
39.76	1455	-0.81	
39.74	1456	-0.81	
39.73	1457	-0.81	
39.71	1457	-0.81	
39.70	1458	-0.81	
39.69	1459	-0.81	
39.67	1460	-0.81	
39.66	1460	-0.81	
39.64	1461	-0.81	
39.63	1462	-0.81	
39.61	1462	-0.81	
39.60	1463	-0.81	
39.59	1464	-0.81	
39.57	1464	-0.81	
39.56	1465	-0.81	
39.54	1466	-0.81	
39.53	1467	-0.81	
39.51	1467	-0.81	
39.50	1468	-0.81	
39.49	1469	-0.81	
39.47	1469	-0.81	
39.46	1470	-0.81	
39.44	1471	-0.81	
39.43	1471	-0.81	
39.42	1472	-0.81	
39.40	1473	-0.81	
39.39	1474	-0.81	
39.37	1474	-0.81	
39.36	1475	-0.81	
39.35	1476	-0.81	
39.33	1476	-0.81	
39.32	1477	-0.81	
39.30	1478	-0.81	
39.29	1478	-0.81	
39.27	1479	-0.81	
39.26	1480	-0.81	
39.25	1481	-0.81	
39.23	1481	-0.81	
39.22	1482	-0.81	
39.20	1483	-0.81	
39.19	1483	-0.81	
39.17	1484	-0.81	
39.16	1485	-0.81	
39.15	1485	-0.81	
39.13	1486	-0.81	
39.12	1487	-0.81	
39.11	1488	-0.81	
39.09	1488	-0.81	
39.08	1489	-0.81	
39.06	1490	-0.81	
39.05	1490	-0.81	
39.04	1491	-0.81	
39.02	1492	-0.81	
39.01	1492	-0.81	
38.99	1493	-0.81	
38.98	1494	-0.81	
38.96	1495	-0.81	
38.95	1495	-0.81	
38.94	1496	-0.81	
38.92	1497	-0.81	
38.91	1497	-0.81	
38.89	1498	-0.81	
38.88	1499	-0.81	
38.87	1499	-0.81	
38.85	1500	-0.81	
38.84	1501	-0.81	
38.82	1502	-0.81	
38.81	1502	-0.81	
38.79	1503	-0.81	
38.78	1504	-0.82	
38.77	1504	-0.82	
38.75	1505	-0.82	
38.74	1506	-0.81	
38.72	1506	-0.81	
38.71	1507	-0.81	
38.69	1508	-0.81	
38.68	1509	-0.81	
38.67	1509	-0.81	
38.65	1510	-0.81	
38.64	1511	-0.81	
38.62	1511	-0.81	
38.61	1512	-0.81	
38.60	1513	-0.82	
38.58	1513	-0.82	
38.57	1514	-0.82	
38.55	1515	-0.82	
38.54	1516	-0.82	
38.53	1516	-0.82	
38.51	1517	-0.82	
38.50	1518	-0.82	
38.48	1518	-0.82	
38.47	1519	-0.82	
38.46	1520	-0.82	
38.44	1520	-0.82	
38.43	1521	-0.82	
38.42	1522	-0.82	
38.40	1523	-0.82	
38.39	1523	-0.82	
38.37	1524	-0.82	
38.36	1525	-0.82	
38.35	1525	-0.82	
38.33	1526	-0.82	
38.32	1527	-0.82	
38.30	1527	-0.82	
38.29	1528	-0.82	
38.28	1529	-0.82	
38.26	1530	-0.82	
38.25	1530	-0.82	
38.23	1531	-0.82	
38.22	1532	-0.82	
38.21	1532	-0.82	
38.19	1533	-0.82	
38.18	1534	-0.82	
38.16	1534	-0.82	
38.15	1535	-0.82	
38.13	1536	-0.82	
38.12	1537	-0.82	
38.11	1537	-0.82	
38.09	1538	-0.82	
38.08	1539	-0.82	
38.06	1539	-0.82	
38.05	1540	-0.82	
38.03	1541	-0.82	
38.02	1541	-0.82	
38.00	1542	-0.82	
37.99	1543	-0.82	
37.97	1544	-0.82	
37.96	1544	-0.82	
37.95	1545	-0.82	
37.93	1546	-0.82	
37.92	1546	-0.82	
37.90	1547	-0.82	
37.89	1548	-0.82	
37.88	1548	-0.82	
37.86	1549	-0.82	
37.85	1550	-0.82	
37.83	1551	-0.82	
37.82	1551	-0.82	
37.81	1552	-0.82	
37.79	1553	-0.82	
37.78	1553	-0.82	
37.76	1554	-0.82	
37.75	1555	-0.82	
37.74	1555	-0.82	
37.72	1556	-0.82	
37.71	1557	-0.82	
37.69	1558	-0.82	
37.68	1558	-0.82	
37.66	1559	-0.82	
37.65	1560	-0.82	
37.64	1560	-0.82	
37.62	1561	-0.82	
37.61	1562	-0.82	
37.59	1562	-0.82	
37.58	1563	-0.82	
37.57	1564	-0.82	
37.55	1565	-0.82	
37.54	1565	-0.82	
37.53	1566	-0.82	
37.51	1567	-0.82	
37.50	1567	-0.82	
37.48	1568	-0.82	
37.47	1569	-0.82	
37.45	1569	-0.82	
37.44	1570	-0.82	
37.43	1571	-0.82	
37.41	1572	-0.82	
37.40	1572	-0.82	
37.38	1573	-0.82	
37.37	1574	-0.82	
37.35	1574	-0.82	
37.34	1575	-0.82	
37.33	1576	-0.82	
37.31	1576	-0.82	
37.30	1577	-0.82	
37.28	1578	-0.82	
37.27	1579	-0.82	
37.26	1579	-0.82	
37.24	1580	-0.82	
37.23	1581	-0.82	
37.21	1581	-0.82	
37.20	1582	-0.82	
37.19	1583	-0.82	
37.17	1583	-0.82	
37.16	1584	-0.82	
37.14	1585	-0.82	
37.13	1586	-0.82	
37.12	1586	-0.82	
37.10	1587	-0.82	
37.09	1588	-0.83	
37.07	1588	-0.83	
37.06	1589	-0.83	
37.05	1590	-0.83	
37.03	1590	-0.82	
37.02	1591	-0.82	
37.00	1592	-0.82	
36.99	1593	-0.82	
36.97	1593	-0.83	
36.96	1594	-0.83	
36.94	1595	-0.83	
36.93	1595	-0.83	
36.92	1596	-0.83	
36.90	1597	-0.83	
36.89	1597	-0.83	
36.87	1598	-0.83	
36.86	1599	-0.83	
36.84	1600	-0.83	
36.83	1600	-0.83	
36.82	1601	-0.83	
36.80	1602	-0.83	
36.79	1602	-0.83	
36.77	1603	-0.83	
36.76	1604	-0.83	
36.74	1604	-0.83	
36.73	1605	-0.83	
36.72	1606	-0.83	
36.70	1607	-0.83	
36.69	1607	-0.83	
36.67	1608	-0.83	
36.66	1609	-0.83	
36.64	1609	-0.83	
36.63	1610	-0.83	
36.61	1611	-0.82	
36.60	1611	-0.83	
36.59	1612	-0.83	
36.57	1613	-0.83	
36.56	1614	-0.83	
36.54	1614	-0.83	
36.53	1615	-0.83	
36.52	1616	-0.83	
36.50	1616	-0.83	
36.49	1617	-0.83	
36.48	1618	-0.83	
36.46	1618	-0.83	
36.45	1619	-0.83	
36.43	1620	-0.83	
36.42	1621	-0.83	
36.41	1621	-0.83	
36.39	1622	-0.83	
36.38	1623	-0.83	
36.36	1623	-0.83	
36.35	1624	-0.83	
36.33	1625	-0.83	
36.32	1625	-0.83	
36.30	1626	-0.83	
36.29	1627	-0.83	
36.28	1628	-0.83	
36.26	1628	-0.83	
36.25	1629	-0.83	
36.23	1630	-0.83	
36.22	1630	-0.83	
36.20	1631	-0.83	
36.19	1632	-0.83	
36.17	1632	-0.83	
36.16	1633	-0.83	
36.15	1634	-0.83	
36.13	1635	-0.83	
36.12	1635	-0.83	
36.10	1636	-0.83	
36.09	1637	-0.83	
36.07	1637	-0.83	
36.06	1638	-0.83	
36.05	1639	-0.83	
36.03	1639	-0.83	
36.02	1640	-0.83	
36.00	1641	-0.83	
35.99	1642	-0.83	
35.98	1642	-0.83	
35.96	1643	-0.83	
35.95	1644	-0.83	
35.93	1644	-0.83	
35.92	1645	-0.83	
35.90	1646	-0.83	
35.89	1646	-0.83	
35.88	1647	-0.83	
35.86	1648	-0.83	
35.85	1649	-0.83	
35.83	1649	-0.83	
35.82	1650	-0.83	
35.81	1651	-0.83	
35.79	1651	-0.83	
35.78	1652	-0.83	
35.76	1653	-0.83	
35.75	1653	-0.83	
35.74	1654	-0.83	
35.72	1655	-0.83	
35.71	1656	-0.83	
35.69	1656	-0.83	
35.68	1657	-0.83	
35.66	1658	-0.83	
35.65	1658	-0.83	
35.64	1659	-0.83	
35.62	1660	-0.83	
35.61	1660	-0.83	
35.59	1661	-0.83	
35.58	1662	-0.83	
35.56	1663	-0.83	
35.55	1663	-0.83	
35.53	1664	-0.83	
35.52	1665	-0.83	
35.51	1665	-0.83	
35.49	1666	-0.83	
35.48	1667	-0.83	
35.46	1667	-0.84	
35.45	1668	-0.84	
35.44	1669	-0.84	
35.42	1670	-0.84	
35.41	1670	-0.84	
35.39	1671	-0.84	
35.38	1672	-0.84	
35.36	1672	-0.84	
35.35	1673	-0.84	
35.34	1674	-0.84	
35.32	1674	-0.84	
35.31	1675	-0.84	
35.29	1676	-0.84	
35.28	1677	-0.84	
35.26	1677	-0.84	
35.25	1678	-0.84	
35.24	1679	-0.84	
35.22	1679	-0.84	
35.21	1680	-0.84	
35.19	1681	-0.84	
35.18	1681	-0.84	
35.17	1682	-0.84	
35.15	1683	-0.84	
35.14	1684	-0.84	
35.12	1684	-0.84	
35.11	1685	-0.84	
35.09	1686	-0.84	
35.08	1686	-0.84	
35.07	1687	-0.84	
35.05	1688	-0.84	
35.04	1688	-0.84	
35.02	1689	-0.84	
35.01	1690	-0.84	
35.00	1691	-0.84	
34.98	1691	-0.84	
34.97	1692	-0.84	
34.95	1693	-0.84	
34.94	1693	-0.84	
34.93	1694	-0.84	
34.91	1695	-0.84	
34.90	1695	-0.84	
34.88	1696	-0.84	
34.87	1697	-0.84	
34.85	1698	-0.84	
34.84	1698	-0.84	
34.83	1699	-0.84	
34.81	1700	-0.84	
34.80	1700	-0.84	
34.78	1701	-0.84	
34.77	1702	-0.84	
34.76	1702	-0.84	
34.74	1703	-0.84	
34.73	1704	-0.84	
34.71	1705	-0.84	
34.70	1705	-0.84	
34.69	1706	-0.84	
34.67	1707	-0.84	
34.66	1707	-0.84	
34.64	1708	-0.84	
34.63	1709	-0.84	
34.61	1709	-0.84	
34.60	1710	-0.84	
34.59	1711	-0.84	
34.57	1712	-0.84	
34.56	1712	-0.84	
34.54	1713	-0.84	
34.53	1714	-0.84	
34.51	1714	-0.84	
34.50	1715	-0.84	
34.49	1716	-0.84	
34.47	1716	-0.84	
34.46	1717	-0.84	
34.44	1718	-0.84	
34.43	1719	-0.84	
34.42	1719	-0.84	
34.40	1720	-0.84	
34.39	1721	-0.84	
34.37	1721	-0.84	
34.36	1722	-0.84	
34.34	1723	-0.84	
34.33	1723	-0.84	
34.32	1724	-0.84	
34.30	1725	-0.84	
34.29	1726	-0.84	
34.27	1726	-0.84	
34.26	1727	-0.84	
34.25	1728	-0.84	
34.23	1728	-0.85	
34.22	1729	-0.85	
34.20	1730	-0.85	
34.19	1730	-0.84	
34.18	1731	-0.84	
34.16	1732	-0.84	
34.15	1733	-0.84	
34.13	1733	-0.84	
34.12	1734	-0.84	
34.11	1735	-0.84	
34.09	1735	-0.84	
34.08	1736	-0.84	
34.06	1737	-0.84	
34.05	1737	-0.84	
34.04	1738	-0.84	
34.02	1739	-0.84	
34.01	1740	-0.85	
33.99	1740	-0.85	
33.98	1741	-0.85	
33.96	1742	-0.85	
33.95	1742	-0.85	
33.94	1743	-0.85	
33.92	1744	-0.85	
33.91	1744	-0.85	
33.89	1745	-0.85	
33.88	1746	-0.85	
33.86	1747	-0.85	
33.85	1747	-0.85	
33.84	1748	-0.85	
33.82	1749	-0.85	
33.81	1749	-0.85	
33.79	1750	-0.84	
33.78	1751	-0.84	
33.76	1751	-0.84	
33.75	1752	-0.84	
33.74	1753	-0.84	
33.72	1754	-0.84	
33.71	1754	-0.84	
33.69	1755	-0.84	
33.68	1756	-0.84	
33.67	1756	-0.84	
33.65	1757	-0.84	
33.64	1758	-0.84	
33.62	1758	-0.84	
33.61	1759	-0.84	
33.60	1760	-0.84	
33.58	1761	-0.84	
33.57	1761	-0.85	
33.55	1762	-0.85	
33.54	1763	-0.85	
33.53	1763	-0.85	
33.51	1764	-0.85	
33.50	1765	-0.85	
33.48	1765	-0.85	
33.47	1766	-0.85	
33.46	1767	-0.85	
33.44	1768	-0.85	
33.43	1768	-0.85	
33.41	1769	-0.85	
33.40	1770	-0.85	
33.38	1770	-0.85	
33.37	1771	-0.84	
33.36	1772	-0.84	
33.34	1772	-0.85	
33.33	1773	-0.85	
33.31	1774	-0.85	
33.30	1775	-0.85	
33.28	1775	-0.85	
33.27	1776	-0.85	
33.26	1777	-0.85	
33.24	1777	-0.85	
33.23	1778	-0.85	
33.21	1779	-0.85	
33.20	1779	-0.85	
33.18	1780	-0.85	
33.17	1781	-0.85	
33.16	1782	-0.85	
33.14	1782	-0.85	
33.13	1783	-0.85	
33.11	1784	-0.85	
33.10	1784	-0.85	
33.08	1785	-0.85	
33.07	1786	-0.85	
33.06	1786	-0.85	
33.04	1787	-0.85	
33.03	1788	-0.85	
33.01	1789	-0.85	
33.00	1789	-0.85	
32.99	1790	-0.85	
32.97	1791	-0.85	
32.96	1791	-0.85	
32.94	1792	-0.85	
32.93	1793	-0.85	
32.92	1793	-0.85	
32.90	1794	-0.85	
32.89	1795	-0.85	
32.87	1796	-0.85	
32.86	1796	-0.85	
32.84	1797	-0.85	
32.83	1798	-0.85	
32.82	1798	-0.85	
32.80	1799	-0.85	
32.79	1800	-0.85	
32.77	1800	-0.85	
32.76	1801	-0.85	
32.75	1802	-0.85	
32.73	1803	-0.85	
32.72	1803	-0.85	
32.70	1804	-0.85	
32.69	1805	-0.85	
32.67	1805	-0.85	
32.66	1806	-0.85	
32.65	1807	-0.85	
32.63	1807	-0.85	
32.62	1808	-0.85	
32.60	1809	-0.85	
32.59	1810	-0.85	
32.58	1810	-0.85	
32.56	1811	-0.85	
32.55	1812	-0.85	
32.53	1812	-0.85	
32.52	1813	-0.85	
32.50	1814	-0.85	
32.49	1814	-0.85	
32.48	1815	-0.85	
32.46	1816	-0.85	
32.45	1817	-0.85	
32.43	1817	-0.85	
32.42	1818	-0.85	
32.41	1819	-0.85	
32.39	1819	-0.85	
32.38	1820	-0.85	
32.36	1821	-0.85	
32.35	1821	-0.85	
32.34	1822	-0.85	
32.32	1823	-0.85	
32.31	1824	-0.85	
32.29	1824	-0.85	
32.28	1825	-0.85	
32.26	1826	-0.85	
32.25	1826	-0.85	
32.24	1827	-0.85	
32.22	1828	-0.85	
32.21	1828	-0.85	
32.19	1829	-0.85	
32.18	1830	-0.85	
32.17	1831	-0.85	
32.15	1831	-0.85	
32.14	1832	-0.85	
32.12	1833	-0.85	
32.11	1833	-0.85	
32.09	1834	-0.85	
32.08	1835	-0.85	
32.07	1835	-0.85	
32.05	1836	-0.86	
32.04	1837	-0.86	
32.02	1838	-0.86	
32.01	1838	-0.86	
32.00	1839	-0.85	
31.98	1840	-0.85	
31.97	1840	-0.85	
31.95	1841	-0.85	
31.94	1842	-0.85	
31.93	1842	-0.85	
31.91	1843	-0.85	
31.90	1844	-0.85	
31.88	1845	-0.85	
31.87	1845	-0.85	
31.85	1846	-0.85	
31.84	1847	-0.86	
31.83	1847	-0.86	
31.81	1848	-0.86	
31.80	1849	-0.86	
31.78	1849	-0.86	
31.77	1850	-0.86	
31.76	1851	-0.86	
31.74	1852	-0.86	
31.73	1852	-0.86	
31.71	1853	-0.86	
31.70	1854	-0.86	
31.68	1854	-0.86	
31.67	1855	-0.86	
31.66	1856	-0.86	
31.64	1856	-0.86	
31.63	1857	-0.86	
31.61	1858	-0.86	
31.60	1859	-0.86	
31.59	1859	-0.86	
31.57	1860	-0.86	
31.56	1861	-0.86	
31.54	1861	-0.86	
31.53	1862	-0.86	
31.51	1863	-0.86	
31.50	1863	-0.86	
31.49	1864	-0.86	
31.47	1865	-0.86	
31.46	1866	-0.86	
31.44	1866	-0.86	
31.43	1867	-0.86	
31.42	1868	-0.86	
31.40	1868	-0.86	
31.39	1869	-0.86	
31.37	1870	-0.86	
31.36	1870	-0.86	
31.35	1871	-0.86	
31.33	1872	-0.86	
31.32	1873	-0.86	
31.30	1873	-0.86	
31.29	1874	-0.86	
31.28	1875	-0.86	
31.26	1875	-0.86	
31.25	1876	-0.86	
31.23	1877	-0.86	
31.22	1877	-0.86	
31.20	1878	-0.86	
31.19	1879	-0.86	
31.18	1880	-0.86	
31.16	1880	-0.86	
31.15	1881	-0.86	
31.13	1882	-0.86	
31.12	1882	-0.86	
31.10	1883	-0.86	
31.09	1884	-0.86	
31.08	1884	-0.86	
31.06	1885	-0.86	
31.05	1886	-0.86	
31.03	1887	-0.86	
31.02	1887	-0.86	
31.01	1888	-0.86	
30.99	1889	-0.86	
30.98	1889	-0.86	
30.96	1890	-0.86	
30.95	1891	-0.86	
30.93	1891	-0.86	
30.92	1892	-0.86	
30.91	1893	-0.86	
30.89	1894	-0.86	
30.88	1894	-0.86	
30.86	1895	-0.86	
30.85	1896	-0.86	
30.83	1896	-0.86	
30.82	1897	-0.86	
30.81	1898	-0.86	
30.79	1898	-0.86	
30.78	1899	-0.86	
30.76	1900	-0.86	
30.75	1901	-0.86	
30.74	1901	-0.86	
30.72	1902	-0.86	
30.71	1903	-0.86	
30.69	1903	-0.86	
30.68	1904	-0.86	
30.67	1905	-0.86	
30.65	1905	-0.86	
30.64	1906	-0.86	
30.62	1907	-0.86	
30.61	1908	-0.86	
30.59	1908	-0.86	
30.58	1909	-0.86	
30.57	1910	-0.86	
30.55	1910	-0.86	
30.54	1911	-0.86	
30.52	1912	-0.86	
30.51	1912	-0.86	
30.50	1913	-0.86	
30.48	1914	-0.86	
30.47	1915	-0.86	
30.45	1915	-0.86	
30.44	1916	-0.86	
30.43	1917	-0.86	
30.41	1917	-0.86	
30.40	1918	-0.86	
30.38	1919	-0.86	
30.37	1919	-0.86	
30.35	1920	-0.86	
30.34	1921	-0.86	
30.33	1922	-0.86	
30.31	1922	-0.86	
30.30	1923	-0.86	
30.28	1924	-0.86	
30.27	1924	-0.86	
30.26	1925	-0.86	
30.24	1926	-0.86	
30.23	1926	-0.86	
30.21	1927	-0.86	
30.20	1928	-0.86	
30.18	1929	-0.86	
30.17	1929	-0.86	
30.16	1930	-0.86	
30.14	1931	-0.86	
30.13	1931	-0.87	
30.11	1932	-0.87	
30.10	1933	-0.87	
30.09	1933	-0.87	
30.07	1934	-0.87	
30.06	1935	-0.87	
30.04	1936	-0.87	
30.03	1936	-0.87	
30.02	1937	-0.87	
30.00	1938	-0.87	
29.99	1938	-0.87	
29.97	1939	-0.87	
29.96	1940	-0.87	
29.95	1940	-0.87	
29.93	1941	-0.87	
29.92	1942	-0.87	
29.90	1943	-0.87	
29.89	1943	-0.87	
29.87	1944	-0.87	
29.86	1945	-0.87	
29.85	1945	-0.87	
29.83	1946	-0.86	
29.82	1947	-0.86	
29.80	1947	-0.86	
29.79	1948	-0.87	
29.77	1949	-0.87	
29.76	1950	-0.87	
29.75	1950	-0.87	
29.73	1951	-0.87	
29.72	1952	-0.87	
29.70	1952	-0.87	
29.69	1953	-0.87	
29.68	1954	-0.87	
29.66	1954	-0.87	
29.65	1955	-0.87	
29.63	1956	-0.87	
29.62	1957	-0.87	
29.61	1957	-0.87	
29.59	1958	-0.87	
29.58	1959	-0.87	
29.56	1959	-0.87	
29.55	1960	-0.87	
29.53	1961	-0.87	
29.52	1961	-0.87	
29.51	1962	-0.87	
29.49	1963	-0.87	
29.48	1964	-0.87	
29.46	1964	-0.87	
29.45	1965	-0.87	
29.43	1966	-0.87	
29.42	1966	-0.87	
29.41	1967	-0.87	
29.39	1968	-0.87	
29.38	1968	-0.87	
29.36	1969	-0.87	
29.35	1970	-0.87	
29.34	1971	-0.87	
29.32	1971	-0.87	
29.31	1972	-0.87	
29.29	1973	-0.87	
29.28	1973	-0.87	
29.27	1974	-0.87	
29.25	1975	-0.87	
29.24	1975	-0.87	
29.22	1976	-0.87	
29.21	1977	-0.87	
29.19	1978	-0.87	
29.18	1978	-0.87	
29.17	1979	-0.87	
29.15	1980	-0.87	
29.14	1980	-0.87	
29.12	1981	-0.87	
29.11	1982	-0.87	
29.10	1982	-0.87	
29.08	1983	-0.87	
29.07	1984	-0.87	
29.05	1985	-0.87	
29.04	1985	-0.87	
29.03	1986	-0.87	
29.01	1987	-0.87	
29.00	1987	-0.87	
28.98	1988	-0.87	
28.97	1989	-0.87	
28.95	1989	-0.87	
28.94	1990	-0.88	
28.93	1991	-0.88	
28.91	1992	-0.88	
28.90	1992	-0.88	
28.88	1993	-0.87	
28.87	1994	-0.87	
28.85	1994	-0.87	
28.84	1995	-0.87	
28.83	1996	-0.87	
28.81	1996	-0.87	
28.80	1997	-0.87	
28.78	1998	-0.87	
28.77	1999	-0.87	
28.76	1999	-0.87	
28.74	2000	-0.87	
28.73	2001	-0.87	
28.71	2001	-0.87	
28.70	2002	-0.87	
28.69	2003	-0.87	
28.67	2003	-0.87	
28.66	2004	-0.87	
28.64	2005	-0.87	
28.63	2006	-0.87	
28.62	2006	-0.87	
28.60	2007	-0.88	
28.59	2008	-0.88	
28.57	2008	-0.88	
28.56	2009	-0.88	
28.54	2010	-0.88	
28.53	2010	-0.88	
28.52	2011	-0.88	
28.50	2012	-0.88	
28.49	2013	-0.88	
28.47	2013	-0.88	
28.46	2014	-0.88	
28.44	2015	-0.88	
28.43	2015	-0.88	
28.42	2016	-0.88	
28.40	2017	-0.88	
28.39	2017	-0.88	
28.37	2018	-0.88	
28.36	2019	-0.88	
28.35	2020	-0.88	
28.33	2020	-0.88	
28.32	2021	-0.88	
28.30	2022	-0.88	
28.29	2022	-0.88	
28.28	2023	-0.88	
28.26	2024	-0.88	
28.25	2024	-0.88	
28.23	2025	-0.88	
28.22	2026	-0.88	
28.20	2027	-0.88	
28.19	2027	-0.88	
28.18	2028	-0.88	
28.16	2029	-0.88	
28.15	2029	-0.88	
28.13	2030	-0.88	
28.12	2031	-0.88	
28.11	2031	-0.88	
28.09	2032	-0.88	
28.08	2033	-0.88	
28.06	2034	-0.88	
28.05	2034	-0.88	
28.04	2035	-0.88	
28.02	2036	-0.88	
28.01	2036	-0.88	
27.99	2037	-0.88	
27.98	2038	-0.88	
27.96	2038	-0.88	
27.95	2039	-0.88	
27.94	2040	-0.88	
27.92	2041	-0.88	
27.91	2041	-0.88	
27.89	2042	-0.88	
27.88	2043	-0.88	
27.86	2043	-0.88	
27.85	2044	-0.88	
27.84	2045	-0.88	
27.82	2045	-0.88	
27.81	2046	-0.88	
27.79	2047	-0.88	
27.78	2048	-0.88	
27.77	2048	-0.88	
27.75	2049	-0.88	
27.74	2050	-0.88	
27.72	2050	-0.88	
27.71	2051	-0.88	
27.69	2052	-0.88	
27.68	2052	-0.88	
27.67	2053	-0.88	
27.65	2054	-0.88	
27.64	2055	-0.88	
27.62	2055	-0.88	
27.61	2056	-0.88	
27.59	2057	-0.88	
27.58	2057	-0.88	
27.57	2058	-0.88	
27.55	2059	-0.88	
27.54	2059	-0.88	
27.52	2060	-0.88	
27.51	2061	-0.88	
27.50	2062	-0.88	
27.48	2062	-0.88	
27.47	2063	-0.88	
27.45	2064	-0.88	
27.44	2064	-0.88	
27.42	2065	-0.88	
27.41	2066	-0.88	
27.40	2066	-0.88	
27.38	2067	-0.88	
27.37	2068	-0.88	
27.35	2069	-0.88	
27.34	2069	-0.88	
27.33	2070	-0.88	
27.31	2071	-0.88	
27.30	2071	-0.88	
27.28	2072	-0.88	
27.27	2073	-0.88	
27.26	2073	-0.88	
27.24	2074	-0.88	
27.23	2075	-0.88	
27.21	2076	-0.88	
27.20	2076	-0.88	
27.18	2077	-0.88	
27.17	2078	-0.88	
27.16	2078	-0.88	
27.14	2079	-0.88	
27.13	2080	-0.88	
27.11	2080	-0.88	
27.10	2081	-0.88	
27.09	2082	-0.88	
27.07	2083	-0.88	
27.06	2083	-0.88	
27.04	2084	-0.88	
27.03	2085	-0.88	
27.02	2085	-0.88	
27.00	2086	-0.89	
26.99	2087	-0.89	
26.97	2087	-0.89	
26.96	2088	-0.89	
26.95	2089	-0.89	
26.93	2090	-0.89	
26.92	2090	-0.89	
26.90	2091	-0.89	
26.89	2092	-0.89	
26.87	2092	-0.89	
26.86	2093	-0.89	
26.85	2094	-0.89	
26.83	2094	-0.89	
26.82	2095	-0.89	
26.80	2096	-0.89	
26.79	2097	-0.89	
26.77	2097	-0.89	
26.76	2098	-0.89	
26.75	2099	-0.89	
26.73	2099	-0.89	
26.72	2100	-0.89	
26.70	2101	-0.89	
26.69	2101	-0.89	
26.68	2102	-0.89	
26.66	2103	-0.89	
26.65	2104	-0.89	
26.63	2104	-0.89	
26.62	2105	-0.89	
26.60	2106	-0.89	
26.59	2106	-0.89	
26.58	2107	-0.89	
26.56	2108	-0.89	
26.55	2108	-0.89	
26.53	2109	-0.89	
26.52	2110	-0.89	
26.51	2111	-0.89	
26.49	2111	-0.89	
26.48	2112	-0.89	
26.46	2113	-0.89	
26.45	2113	-0.89	
26.44	2114	-0.89	
26.42	2115	-0.89	
26.41	2115	-0.89	
26.39	2116	-0.89	
26.38	2117	-0.89	
26.36	2118	-0.89	
26.35	2118	-0.89	
26.34	2119	-0.89	
26.32	2120	-0.89	
26.31	2120	-0.89	
26.29	2121	-0.89	
26.28	2122	-0.89	
26.27	2122	-0.89	
26.25	2123	-0.89	
26.24	2124	-0.89	
26.22	2125	-0.89	
26.21	2125	-0.89	
26.20	2126	-0.89	
26.18	2127	-0.89	
26.17	2127	-0.89	
26.15	2128	-0.89	
26.14	2129	-0.89	
26.12	2129	-0.89	
26.11	2130	-0.89	
26.10	2131	-0.89	
26.08	2132	-0.89	
26.07	2132	-0.89	
26.05	2133	-0.89	
26.04	2134	-0.89	
26.02	2134	-0.89	
26.01	2135	-0.89	
26.00	2136	-0.89	
25.98	2136	-0.89	
25.97	2137	-0.89	
25.95	2138	-0.89	
25.94	2139	-0.89	
25.93	2139	-0.89	
25.91	2140	-0.89	
25.90	2141	-0.89	
25.88	2141	-0.89	
25.87	2142	-0.89	
25.85	2143	-0.89	
25.84	2143	-0.89	
25.83	2144	-0.89	
25.81	2145	-0.89	
25.80	2146	-0.89	
25.78	2146	-0.89	
25.77	2147	-0.89	
25.76	2148	-0.89	
25.74	2148	-0.89	
25.73	2149	-0.89	
25.71	2150	-0.89	
25.70	2150	-0.89	
25.69	2151	-0.89	
25.67	2152	-0.89	
25.66	2153	-0.89	
25.64	2153	-0.90	
25.63	2154	-0.90	
25.61	2155	-0.90	
25.60	2155	-0.90	
25.59	2156	-0.90	
25.57	2157	-0.90	
25.56	2157	-0.89	
25.54	2158	-0.89	
25.53	2159	-0.89	
25.52	2160	-0.90	
25.50	2160	-0.90	
25.49	2161	-0.90	
25.47	2162	-0.90	
25.46	2162	-0.90	
25.45	2163	-0.90	
25.43	2164	-0.90	
25.42	2164	-0.90	
25.40	2165	-0.89	
25.39	2166	-0.89	
25.37	2167	-0.89	
25.36	2167	-0.90	
25.34	2168	-0.90	
25.33	2169	-0.90	
25.32	2169	-0.90	
25.30	2170	-0.90	
25.29	2171	-0.90	
25.27	2171	-0.90	
25.26	2172	-0.90	
25.25	2173	-0.90	
25.23	2174	-0.90	
25.22	2174	-0.90	
25.20	2175	-0.90	
25.19	2176	-0.90	
25.17	2176	-0.90	
25.16	2177	-0.90	
25.15	2178	-0.90	
25.13	2178	-0.90	
25.12	2179	-0.90	
25.11	2180	-0.90	
25.09	2181	-0.90	
25.08	2181	-0.90	
25.06	2182	-0.90	
25.05	2183	-0.90	
25.03	2183	-0.90	
25.02	2184	-0.90	
25.01	2185	-0.90	
24.99	2185	-0.90	
24.98	2186	-0.90	
24.96	2187	-0.90	
24.95	2188	-0.90	
24.93	2188	-0.90	
24.92	2189	-0.90	
24.91	2190	-0.90	
24.89	2190	-0.90	
24.88	2191	-0.90	
24.86	2192	-0.90	
24.85	2192	-0.90	
24.84	2193	-0.90	
24.82	2194	-0.90	
24.81	2195	-0.90	
24.79	2195	-0.90	
24.78	2196	-0.90	
24.76	2197	-0.90	
24.75	2197	-0.90	
24.74	2198	-0.90	
24.72	2199	-0.90	
24.71	2199	-0.90	
24.69	2200	-0.90	
24.68	2201	-0.90	
24.67	2202	-0.90	
24.65	2202	-0.90	
24.64	2203	-0.90	
24.62	2204	-0.90	
24.61	2204	-0.90	
24.60	2205	-0.90	
24.58	2206	-0.90	
24.57	2206	-0.90	
24.55	2207	-0.90	
24.54	2208	-0.90	
24.53	2209	-0.90	
24.51	2209	-0.90	
24.50	2210	-0.90	
24.48	2211	-0.90	
24.47	2211	-0.90	
24.46	2212	-0.90	
24.44	2213	-0.90	
24.43	2213	-0.90	
24.41	2214	-0.90	
24.40	2215	-0.90	
24.38	2216	-0.90	
24.37	2216	-0.90	
24.36	2217	-0.90	
24.34	2218	-0.90	
24.33	2218	-0.91	
24.31	2219	-0.91	
24.30	2220	-0.91	
24.29	2220	-0.91	
24.27	2221	-0.91	
24.26	2222	-0.91	
24.24	2223	-0.91	
24.23	2223	-0.91	
24.22	2224	-0.91	
24.20	2225	-0.91	
24.19	2225	-0.91	
24.17	2226	-0.91	
24.16	2227	-0.91	
24.14	2227	-0.91	
24.13	2228	-0.91	
24.12	2229	-0.91	
24.10	2230	-0.91	
24.09	2230	-0.91	
24.07	2231	-0.91	
24.06	2232	-0.91	
24.04	2232	-0.91	
24.03	2233	-0.91	
24.02	2234	-0.91	
24.00	2234	-0.91	
23.99	2235	-0.91	
23.97	2236	-0.91	
23.96	2237	-0.91	
23.94	2237	-0.91	
23.93	2238	-0.91	
23.92	2239	-0.91	
23.90	2239	-0.91	
23.89	2240	-0.91	
23.87	2241	-0.91	
23.86	2241	-0.91	
23.85	2242	-0.91	
23.83	2243	-0.91	
23.82	2244	-0.91	
23.80	2244	-0.91	
23.79	2245	-0.91	
23.77	2246	-0.91	
23.76	2246	-0.91	
23.75	2247	-0.91	
23.73	2248	-0.91	
23.72	2248	-0.91	
23.70	2249	-0.91	
23.69	2250	-0.91	
23.68	2251	-0.91	
23.66	2251	-0.91	
23.65	2252	-0.91	
23.63	2253	-0.91	
23.62	2253	-0.91	
23.61	2254	-0.91	
23.59	2255	-0.91	
23.58	2255	-0.91	
23.56	2256	-0.91	
23.55	2257	-0.91	
23.54	2258	-0.91	
23.52	2258	-0.91	
23.51	2259	-0.91	
23.49	2260	-0.91	
23.48	2260	-0.91	
23.47	2261	-0.91	
23.45	2262	-0.91	
23.44	2262	-0.91	
23.42	2263	-0.91	
23.41	2264	-0.91	
23.39	2265	-0.91	
23.38	2265	-0.91	
23.37	2266	-0.91	
23.35	2267	-0.91	
23.34	2267	-0.91	
23.32	2268	-0.91	
23.31	2269	-0.91	
23.29	2269	-0.91	
23.28	2270	-0.91	
23.27	2271	-0.91	
23.25	2272	-0.91	
23.24	2272	-0.91	
23.22	2273	-0.91	
23.21	2274	-0.91	
23.20	2274	-0.91	
23.18	2275	-0.91	
23.17	2276	-0.91	
23.15	2276	-0.91	
23.14	2277	-0.91	
23.12	2278	-0.91	
23.11	2279	-0.91	
23.10	2279	-0.91	
23.08	2280	-0.91	
23.07	2281	-0.91	
23.05	2281	-0.91	
23.04	2282	-0.91	
23.02	2283	-0.91	
23.01	2283	-0.91	
23.00	2284	-0.91	
22.98	2285	-0.91	
22.97	2286	-0.91	
22.95	2286	-0.91	
22.94	2287	-0.91	
22.93	2288	-0.91	
22.91	2288	-0.91	
22.90	2289	-0.91	
22.88	2290	-0.91	
22.87	2290	-0.91	
22.86	2291	-0.91	
22.84	2292	-0.91	
22.83	2293	-0.91	
22.81	2293	-0.91	
22.80	2294	-0.91	
22.79	2295	-0.91	
22.77	2295	-0.91	
22.76	2296	-0.91	
22.74	2297	-0.91	
22.73	2297	-0.91	
22.72	2298	-0.91	
22.70	2299	-0.91	
22.69	2300	-0.91	
22.67	2300	-0.91	
22.66	2301	-0.91	
22.64	2302	-0.91	
22.63	2302	-0.91	
22.62	2303	-0.91	
22.60	2304	-0.91	
22.59	2304	-0.91	
22.57	2305	-0.91	
22.56	2306	-0.91	
22.55	2307	-0.91	
22.53	2307	-0.91	
22.52	2308	-0.91	
22.50	2309	-0.91	
22.49	2309	-0.91	
22.47	2310	-0.91	
22.46	2311	-0.91	
22.45	2311	-0.91	
22.43	2312	-0.91	
22.42	2313	-0.91	
22.40	2314	-0.91	
22.39	2314	-0.91	
22.37	2315	-0.91	
22.36	2316	-0.91	
22.35	2316	-0.91	
22.33	2317	-0.91	
22.32	2318	-0.91	
22.30	2318	-0.91	
22.29	2319	-0.91	
22.28	2320	-0.91	
22.26	2321	-0.91	
22.25	2321	-0.92	
22.23	2322	-0.92	
22.22	2323	-0.92	
22.21	2323	-0.92	
22.19	2324	-0.92	
22.18	2325	-0.92	
22.16	2325	-0.92	
22.15	2326	-0.92	
22.14	2327	-0.92	
22.12	2328	-0.92	
22.11	2328	-0.92	
22.09	2329	-0.92	
22.08	2330	-0.92	
22.07	2330	-0.92	
22.05	2331	-0.92	
22.04	2332	-0.92	
22.02	2332	-0.92	
22.01	2333	-0.92	
21.99	2334	-0.92	
21.98	2335	-0.92	
21.97	2335	-0.92	
21.95	2336	-0.92	
21.94	2337	-0.92	
21.92	2337	-0.92	
21.91	2338	-0.91	
21.90	2339	-0.92	
21.88	2339	-0.92	
21.87	2340	-0.92	
21.85	2341	-0.92	
21.84	2342	-0.92	
21.82	2342	-0.92	
21.81	2343	-0.92	
21.80	2344	-0.92	
21.78	2344	-0.92	
21.77	2345	-0.92	
21.75	2346	-0.92	
21.74	2346	-0.92	
21.73	2347	-0.92	
21.71	2348	-0.92	
21.70	2349	-0.92	
21.68	2349	-0.92	
21.67	2350	-0.92	
21.65	2351	-0.92	
21.64	2351	-0.92	
21.63	2352	-0.92	
21.61	2353	-0.92	
21.60	2353	-0.92	
21.58	2354	-0.92	
21.57	2355	-0.92	
21.56	2356	-0.92	
21.54	2356	-0.92	
21.53	2357	-0.92	
21.51	2358	-0.92	
21.50	2358	-0.92	
21.49	2359	-0.92	
21.47	2360	-0.92	
21.46	2360	-0.92	
21.44	2361	-0.92	
21.43	2362	-0.92	
21.41	2363	-0.92	
21.40	2363	-0.92	
21.39	2364	-0.92	
21.37	2365	-0.92	
21.36	2365	-0.92	
21.34	2366	-0.92	
21.33	2367	-0.92	
21.32	2367	-0.92	
21.30	2368	-0.92	
21.29	2369	-0.92	
21.27	2370	-0.92	
21.26	2370	-0.92	
21.24	2371	-0.92	
21.23	2372	-0.92	
21.22	2372	-0.92	
21.20	2373	-0.92	
21.19	2374	-0.92	
21.17	2374	-0.92	
21.16	2375	-0.92	
21.14	2376	-0.92	
21.13	2377	-0.92	
21.12	2377	-0.92	
21.10	2378	-0.92	
21.09	2379	-0.92	
21.07	2379	-0.92	
21.06	2380	-0.92	
21.05	2381	-0.92	
21.03	2381	-0.92	
21.02	2382	-0.92	
21.00	2383	-0.92	
20.99	2384	-0.92	
20.98	2384	-0.92	
20.96	2385	-0.92	
20.95	2386	-0.92	
20.93	2386	-0.92	
20.92	2387	-0.92	
20.91	2388	-0.92	
20.89	2388	-0.92	
20.88	2389	-0.92	
20.86	2390	-0.92	
20.85	2391	-0.92	
20.83	2391	-0.92	
20.82	2392	-0.92	
20.81	2393	-0.92	
20.79	2393	-0.92	
20.78	2394	-0.92	
20.76	2395	-0.92	
20.75	2395	-0.92	
20.74	2396	-0.92	
20.72	2397	-0.92	
20.71	2398	-0.92	
20.69	2398	-0.92	
20.68	2399	-0.92	
20.67	2400	-0.92	
20.65	2400	-0.92	
20.64	2401	-0.92	
20.62	2402	-0.92	
20.61	2402	-0.92	
20.59	2403	-0.92	
20.58	2404	-0.92	
20.57	2405	-0.92	
20.55	2405	-0.92	
20.54	2406	-0.92	
20.52	2407	-0.92	
20.51	2407	-0.92	
20.50	2408	-0.92	
20.48	2409	-0.92	
20.47	2409	-0.92	
20.45	2410	-0.92	
20.44	2411	-0.92	
20.42	2412	-0.92	
20.41	2412	-0.92	
20.40	2413	-0.92	
20.38	2414	-0.92	
20.37	2414	-0.92	
20.35	2415	-0.92	
20.34	2416	-0.92	
20.33	2416	-0.92	
20.31	2417	-0.92	
20.30	2418	-0.92	
20.28	2419	-0.92	
20.27	2419	-0.92	
20.26	2420	-0.92	
20.24	2421	-0.92	
20.23	2421	-0.92	
20.21	2422	-0.92	
20.20	2423	-0.92	
20.18	2423	-0.92	
20.17	2424	-0.92	
20.16	2425	-0.92	
20.14	2426	-0.92	
20.13	2426	-0.92	
20.11	2427	-0.92	
20.10	2428	-0.92	
20.08	2428	-0.92	
20.07	2429	-0.92	
20.06	2430	-0.92	
20.04	2430	-0.92	
20.03	2431	-0.92	
20.01	2432	-0.92	
20.00	2433	-0.92	
19.99	2433	-0.92	
19.97	2434	-0.92	
19.96	2435	-0.93	
19.94	2435	-0.93	
19.93	2436	-0.93	
19.92	2437	-0.93	
19.90	2437	-0.93	
19.89	2438	-0.93	
19.87	2439	-0.93	
19.86	2440	-0.93	
19.85	2440	-0.93	
19.83	2441	-0.93	
19.82	2442	-0.93	
19.80	2442	-0.93	
19.79	2443	-0.93	
19.78	2444	-0.93	
19.76	2444	-0.93	
19.75	2445	-0.93	
19.73	2446	-0.93	
19.72	2447	-0.93	
19.70	2447	-0.93	
19.69	2448	-0.93	
19.68	2449	-0.93	
19.66	2449	-0.93	
19.65	2450	-0.93	
19.63	2451	-0.93	
19.62	2451	-0.93	
19.61	2452	-0.93	
19.59	2453	-0.93	
19.58	2454	-0.93	
19.56	2454	-0.93	
19.55	2455	-0.93	
19.54	2456	-0.93	
19.52	2456	-0.93	
19.51	2457	-0.93	
19.49	2458	-0.93	
19.48	2458	-0.93	
19.46	2459	-0.93	
19.45	2460	-0.93	
19.44	2461	-0.93	
19.42	2461	-0.93	
19.41	2462	-0.93	
19.39	2463	-0.93	
19.38	2463	-0.93	
19.36	2464	-0.93	
19.35	2465	-0.93	
19.34	2465	-0.93	
19.32	2466	-0.93	
19.31	2467	-0.93	
19.29	2468	-0.93	
19.28	2468	-0.93	
19.27	2469	-0.93	
19.25	2470	-0.93	
19.24	2470	-0.93	
19.22	2471	-0.93	
19.21	2472	-0.93	
19.20	2472	-0.93	
19.18	2473	-0.93	
19.17	2474	-0.93	
19.15	2475	-0.93	
19.14	2475	-0.93	
19.12	2476	-0.93	
19.11	2477	-0.93	
19.10	2477	-0.93	
19.08	2478	-0.93	
19.07	2479	-0.93	
19.05	2479	-0.93	
19.04	2480	-0.93	
19.03	2481	-0.93	
19.01	2482	-0.93	
19.00	2482	-0.93	
18.98	2483	-0.93	
18.97	2484	-0.93	
18.96	2484	-0.93	
18.94	2485	-0.93	
18.93	2486	-0.93	
18.91	2486	-0.93	
18.90	2487	-0.93	
18.89	2488	-0.93	
18.87	2489	-0.93	
18.86	2489	-0.93	
18.84	2490	-0.93	
18.83	2491	-0.93	
18.81	2491	-0.93	
18.80	2492	-0.93	
18.79	2493	-0.93	
18.77	2493	-0.93	
18.76	2494	-0.93	
18.74	2495	-0.93	
18.73	2496	-0.93	
18.71	2496	-0.93	
18.70	2497	-0.93	
18.69	2498	-0.93	
18.67	2498	-0.93	
18.66	2499	-0.93	
18.64	2500	-0.93	
18.63	2500	-0.93	
18.62	2501	-0.93	
18.60	2502	-0.93	
18.59	2503	-0.93	
18.57	2503	-0.93	
18.56	2504	-0.93	
18.54	2505	-0.93	
18.53	2505	-0.93	
18.52	2506	-0.93	
18.50	2507	-0.93	
18.49	2507	-0.93	
18.48	2508	-0.93	
18.46	2509	-0.93	
18.45	2510	-0.93	
18.43	2510	-0.93	
18.42	2511	-0.93	
18.40	2512	-0.93	
18.39	2512	-0.93	
18.38	2513	-0.93	
18.36	2514	-0.93	
18.35	2514	-0.93	
18.33	2515	-0.93	
18.32	2516	-0.93	
18.31	2517	-0.93	
18.29	2517	-0.93	
18.28	2518	-0.93	
18.26	2519	-0.93	
18.25	2519	-0.93	
18.24	2520	-0.93	
18.22	2521	-0.93	
18.21	2521	-0.93	
18.19	2522	-0.93	
18.18	2523	-0.93	
18.16	2524	-0.93	
18.15	2524	-0.93	
18.14	2525	-0.93	
18.12	2526	-0.93	
18.11	2526	-0.93	
18.09	2527	-0.93	
18.08	2528	-0.93	
18.07	2528	-0.93	
18.05	2529	-0.93	
18.04	2530	-0.93	
18.02	2531	-0.93	
18.01	2531	-0.93	
18.00	2532	-0.93	
17.98	2533	-0.93	
17.97	2533	-0.93	
17.95	2534	-0.93	
17.94	2535	-0.93	
17.92	2535	-0.93	
17.91	2536	-0.93	
17.90	2537	-0.93	
17.88	2538	-0.93	
17.87	2538	-0.93	
17.85	2539	-0.93	
17.84	2540	-0.93	
17.83	2540	-0.93	
17.81	2541	-0.93	
17.80	2542	-0.93	
17.78	2542	-0.93	
17.77	2543	-0.93	
17.75	2544	-0.93	
17.74	2545	-0.93	
17.73	2545	-0.93	
17.71	2546	-0.93	
17.70	2547	-0.93	
17.68	2547	-0.93	
17.67	2548	-0.93	
17.66	2549	-0.93	
17.64	2549	-0.93	
17.63	2550	-0.93	
17.61	2551	-0.93	
17.60	2552	-0.93	
17.59	2552	-0.93	
17.57	2553	-0.93	
17.56	2554	-0.93	
17.54	2554	-0.93	
17.53	2555	-0.93	
17.51	2556	-0.93	
17.50	2556	-0.93	
17.49	2557	-0.93	
17.47	2558	-0.93	
17.46	2559	-0.93	
17.44	2559	-0.93	
17.43	2560	-0.93	
17.42	2561	-0.93	
17.40	2561	-0.93	
17.39	2562	-0.93	
17.37	2563	-0.93	
17.36	2563	-0.93	
17.35	2564	-0.93	
17.33	2565	-0.93	
17.32	2566	-0.93	
17.30	2566	-0.93	
17.29	2567	-0.93	
17.27	2568	-0.93	
17.26	2568	-0.93	
17.25	2569	-0.93	
17.23	2570	-0.93	
17.22	2570	-0.93	
17.20	2571	-0.93	
17.19	2572	-0.93	
17.18	2573	-0.93	
17.16	2573	-0.93	
17.15	2574	-0.93	
17.13	2575	-0.93	
17.12	2575	-0.93	
17.11	2576	-0.93	
17.09	2577	-0.93	
17.08	2577	-0.93	
17.06	2578	-0.93	
17.05	2579	-0.93	
17.03	2580	-0.93	
17.02	2580	-0.93	
17.01	2581	-0.93	
16.99	2582	-0.93	
16.98	2582	-0.93	
16.96	2583	-0.93	
16.95	2584	-0.93	
16.94	2584	-0.93	
16.92	2585	-0.93	
16.91	2586	-0.93	
16.89	2587	-0.93	
16.88	2587	-0.93	
16.86	2588	-0.93	
16.85	2589	-0.93	
16.84	2589	-0.93	
16.82	2590	-0.93	
16.81	2591	-0.93	
16.79	2591	-0.93	
16.78	2592	-0.93	
16.76	2593	-0.93	
16.75	2594	-0.93	
16.74	2594	-0.93	
16.72	2595	-0.93	
16.71	2596	-0.93	
16.69	2596	-0.93	
16.68	2597	-0.93	
16.66	2598	-0.93	
16.65	2598	-0.93	
16.64	2599	-0.93	
16.62	2600	-0.93	
16.61	2601	-0.93	
16.59	2601	-0.93	
16.58	2602	-0.93	
16.57	2603	-0.93	
16.55	2603	-0.93	
16.54	2604	-0.93	
16.52	2605	-0.93	
16.51	2605	-0.93	
16.50	2606	-0.93	
16.48	2607	-0.93	
16.47	2608	-0.93	
16.45	2608	-0.93	
16.44	2609	-0.93	
16.42	2610	-0.93	
16.41	2610	-0.93	
16.40	2611	-0.93	
16.38	2612	-0.93	
16.37	2612	-0.93	
16.35	2613	-0.93	
16.34	2614	-0.93	
16.33	2615	-0.93	
16.31	2615	-0.93	
16.30	2616	-0.93	
16.28	2617	-0.93	
16.27	2617	-0.93	
16.26	2618	-0.94	
16.24	2619	-0.94	
16.23	2619	-0.94	
16.21	2620	-0.94	
16.20	2621	-0.94	
16.19	2622	-0.93	
16.17	2622	-0.93	
16.16	2623	-0.93	
16.14	2624	-0.93	
16.13	2624	-0.93	
16.11	2625	-0.93	
16.10	2626	-0.93	
16.09	2626	-0.93	
16.07	2627	-0.93	
16.06	2628	-0.93	
16.04	2629	-0.93	
16.03	2629	-0.93	
16.02	2630	-0.94	
16.00	2631	-0.94	
15.99	2631	-0.94	
15.97	2632	-0.94	
15.96	2633	-0.94	
15.95	2633	-0.94	
15.93	2634	-0.94	
15.92	2635	-0.94	
15.90	2636	-0.94	
15.89	2636	-0.94	
15.88	2637	-0.94	
15.86	2638	-0.94	
15.85	2638	-0.94	
15.83	2639	-0.94	
15.82	2640	-0.94	
15.80	2640	-0.94	
15.79	2641	-0.94	
15.78	2642	-0.94	
15.76	2643	-0.94	
15.75	2643	-0.94	
15.73	2644	-0.94	
15.72	2645	-0.94	
15.71	2645	-0.94	
15.69	2646	-0.94	
15.68	2647	-0.94	
15.66	2647	-0.94	
15.65	2648	-0.94	
15.63	2649	-0.94	
15.62	2650	-0.94	
15.61	2650	-0.94	
15.59	2651	-0.94	
15.58	2652	-0.94	
15.57	2652	-0.94	
15.55	2653	-0.94	
15.54	2654	-0.94	
15.52	2654	-0.94	
15.51	2655	-0.94	
15.50	2656	-0.94	
15.48	2657	-0.94	
15.47	2657	-0.94	
15.45	2658	-0.94	
15.44	2659	-0.94	
15.42	2659	-0.94	
15.41	2660	-0.94	
15.40	2661	-0.94	
15.38	2661	-0.94	
15.37	2662	-0.94	
15.35	2663	-0.94	
15.34	2664	-0.94	
15.33	2664	-0.94	
15.31	2665	-0.94	
15.30	2666	-0.94	
15.28	2666	-0.94	
15.27	2667	-0.94	
15.26	2668	-0.94	
15.24	2668	-0.94	
15.23	2669	-0.94	
15.21	2670	-0.94	
15.20	2671	-0.94	
15.19	2671	-0.94	
15.17	2672	-0.94	
15.16	2673	-0.94	
15.14	2673	-0.94	
15.13	2674	-0.94	
15.12	2675	-0.94	
15.10	2675	-0.94	
15.09	2676	-0.94	
15.07	2677	-0.94	
15.06	2678	-0.94	
15.04	2678	-0.94	
15.03	2679	-0.94	
15.02	2680	-0.94	
15.00	2680	-0.94	
14.99	2681	-0.94	
14.97	2682	-0.94	
14.96	2682	-0.94	
14.95	2683	-0.94	
14.93	2684	-0.94	
14.92	2685	-0.94	
14.90	2685	-0.94	
14.89	2686	-0.94	
14.88	2687	-0.94	
14.86	2687	-0.94	
14.85	2688	-0.94	
14.83	2689	-0.94	
14.82	2689	-0.94	
14.81	2690	-0.94	
14.79	2691	-0.94	
14.78	2692	-0.94	
14.76	2692	-0.94	
14.75	2693	-0.94	
14.74	2694	-0.94	
14.72	2694	-0.94	
14.71	2695	-0.94	
14.69	2696	-0.94	
14.68	2696	-0.94	
14.67	2697	-0.94	
14.65	2698	-0.94	
14.64	2699	-0.94	
14.62	2699	-0.94	
14.61	2700	-0.94	
14.60	2701	-0.94	
14.58	2701	-0.94	
14.57	2702	-0.94	
14.55	2703	-0.94	
14.54	2703	-0.94	
14.53	2704	-0.94	
14.51	2705	-0.94	
14.50	2706	-0.94	
14.48	2706	-0.94	
14.47	2707	-0.94	
14.46	2708	-0.94	
14.44	2708	-0.94	
14.43	2709	-0.94	
14.41	2710	-0.94	
14.40	2710	-0.94	
14.39	2711	-0.94	
14.37	2712	-0.94	
14.36	2713	-0.94	
14.34	2713	-0.94	
14.33	2714	-0.94	
14.32	2715	-0.95	
14.30	2715	-0.95	
14.29	2716	-0.95	
14.27	2717	-0.95	
14.26	2717	-0.95	
14.25	2718	-0.95	
14.23	2719	-0.94	
14.22	2720	-0.94	
14.20	2720	-0.94	
14.19	2721	-0.94	
14.18	2722	-0.94	
14.16	2722	-0.94	
14.15	2723	-0.94	
14.13	2724	-0.94	
14.12	2724	-0.94	
14.11	2725	-0.94	
14.09	2726	-0.94	
14.08	2727	-0.94	
14.06	2727	-0.94	
14.05	2728	-0.94	
14.04	2729	-0.94	
14.02	2729	-0.94	
14.01	2730	-0.94	
13.99	2731	-0.94	
13.98	2731	-0.94	
13.97	2732	-0.94	
13.95	2733	-0.94	
13.94	2734	-0.94	
13.92	2734	-0.94	
13.91	2735	-0.94	
13.90	2736	-0.94	
13.88	2736	-0.94	
13.87	2737	-0.94	
13.85	2738	-0.95	
13.84	2738	-0.94	
13.83	2739	-0.95	
13.81	2740	-0.95	
13.80	2741	-0.95	
13.78	2741	-0.95	
13.77	2742	-0.95	
13.76	2743	-0.95	
13.74	2743	-0.95	
13.73	2744	-0.95	
13.72	2745	-0.95	
13.70	2745	-0.95	
13.69	2746	-0.95	
13.67	2747	-0.95	
13.66	2748	-0.95	
13.65	2748	-0.95	
13.63	2749	-0.95	
13.62	2750	-0.95	
13.60	2750	-0.95	
13.59	2751	-0.95	
13.58	2752	-0.95	
13.56	2752	-0.95	
13.55	2753	-0.95	
13.53	2754	-0.95	
13.52	2755	-0.95	
13.51	2755	-0.95	
13.49	2756	-0.95	
13.48	2757	-0.95	
13.46	2757	-0.95	
13.45	2758	-0.95	
13.44	2759	-0.95	
13.42	2759	-0.95	
13.41	2760	-0.95	
13.39	2761	-0.95	
13.38	2762	-0.95	
13.37	2762	-0.95	
13.35	2763	-0.95	
13.34	2764	-0.95	
13.32	2764	-0.95	
13.31	2765	-0.95	
13.30	2766	-0.95	
13.28	2766	-0.95	
13.27	2767	-0.95	
13.25	2768	-0.95	
13.24	2769	-0.95	
13.23	2769	-0.95	
13.21	2770	-0.95	
13.20	2771	-0.95	
13.18	2771	-0.95	
13.17	2772	-0.95	
13.16	2773	-0.95	
13.14	2773	-0.95	
13.13	2774	-0.95	
13.11	2775	-0.95	
13.10	2776	-0.95	
13.09	2776	-0.95	
13.07	2777	-0.95	
13.06	2778	-0.95	
13.04	2778	-0.95	
13.03	2779	-0.95	
13.02	2780	-0.95	
13.00	2780	-0.95	
12.99	2781	-0.95	
12.97	2782	-0.95	
12.96	2783	-0.95	
12.95	2783	-0.95	
12.93	2784	-0.95	
12.92	2785	-0.95	
12.90	2785	-0.95	
12.89	2786	-0.95	
12.88	2787	-0.95	
12.86	2787	-0.95	
12.85	2788	-0.95	
12.83	2789	-0.95	
12.82	2790	-0.95	
12.81	2790	-0.95	
12.79	2791	-0.95	
12.78	2792	-0.95	
12.76	2792	-0.95	
12.75	2793	-0.95	
12.74	2794	-0.95	
12.72	2794	-0.95	
12.71	2795	-0.95	
12.69	2796	-0.95	
12.68	2797	-0.95	
12.66	2797	-0.95	
12.65	2798	-0.95	
12.64	2799	-0.95	
12.62	2799	-0.95	
12.61	2800	-0.95	
12.59	2801	-0.95	
12.58	2801	-0.95	
12.57	2802	-0.95	
12.55	2803	-0.95	
12.54	2804	-0.95	
12.52	2804	-0.95	
12.51	2805	-0.95	
12.50	2806	-0.95	
12.48	2806	-0.95	
12.47	2807	-0.95	
12.45	2808	-0.95	
12.44	2808	-0.95	
12.43	2809	-0.95	
12.41	2810	-0.95	
12.40	2811	-0.95	
12.38	2811	-0.95	
12.37	2812	-0.95	
12.36	2813	-0.95	
12.34	2813	-0.95	
12.33	2814	-0.95	
12.31	2815	-0.95	
12.30	2815	-0.95	
12.29	2816	-0.95	
12.27	2817	-0.95	
12.26	2818	-0.95	
12.24	2818	-0.95	
12.23	2819	-0.95	
12.21	2820	-0.95	
12.20	2820	-0.95	
12.19	2821	-0.95	
12.17	2822	-0.95	
12.16	2822	-0.95	
12.14	2823	-0.95	
12.13	2824	-0.95	
12.12	2825	-0.95	
12.10	2825	-0.95	
12.09	2826	-0.95	
12.07	2827	-0.95	
12.06	2827	-0.95	
12.05	2828	-0.95	
12.03	2829	-0.95	
12.02	2829	-0.95	
12.00	2830	-0.95	
11.99	2831	-0.95	
11.98	2832	-0.95	
11.96	2832	-0.95	
11.95	2833	-0.95	
11.94	2834	-0.95	
11.92	2834	-0.95	
11.91	2835	-0.95	
11.89	2836	-0.95	
11.88	2836	-0.95	
11.86	2837	-0.95	
11.85	2838	-0.95	
11.84	2839	-0.95	
11.82	2839	-0.95	
11.81	2840	-0.95	
11.79	2841	-0.95	
11.78	2841	-0.95	
11.77	2842	-0.95	
11.75	2843	-0.95	
11.74	2843	-0.95	
11.72	2844	-0.95	
11.71	2845	-0.95	
11.70	2846	-0.95	
11.68	2846	-0.95	
11.67	2847	-0.95	
11.65	2848	-0.95	
11.64	2848	-0.95	
11.63	2849	-0.95	
11.61	2850	-0.95	
11.60	2850	-0.95	
11.58	2851	-0.95	
11.57	2852	-0.95	
11.56	2853	-0.95	
11.54	2853	-0.95	
11.53	2854	-0.95	
11.51	2855	-0.95	
11.50	2855	-0.95	
11.49	2856	-0.95	
11.47	2857	-0.95	
11.46	2857	-0.95	
11.44	2858	-0.95	
11.43	2859	-0.95	
11.42	2860	-0.95	
11.40	2860	-0.95	
11.39	2861	-0.95	
11.37	2862	-0.95	
11.36	2862	-0.95	
11.35	2863	-0.95	
11.33	2864	-0.95	
11.32	2864	-0.95	
11.30	2865	-0.95	
11.29	2866	-0.95	
11.28	2867	-0.95	
11.26	2867	-0.95	
11.25	2868	-0.95	
11.23	2869	-0.95	
11.22	2869	-0.95	
11.21	2870	-0.95	
11.19	2871	-0.95	
11.18	2871	-0.95	
11.16	2872	-0.95	
11.15	2873	-0.96	
11.14	2874	-0.96	
11.12	2874	-0.96	
11.11	2875	-0.96	
11.09	2876	-0.96	
11.08	2876	-0.96	
11.07	2877	-0.96	
11.05	2878	-0.96	
11.04	2878	-0.96	
11.02	2879	-0.96	
11.01	2880	-0.96	
11.00	2881	-0.96	
10.98	2881	-0.96	
10.97	2882	-0.96	
10.95	2883	-0.96	
10.94	2883	-0.96	
10.93	2884	-0.96	
10.91	2885	-0.96	
10.90	2885	-0.96	
10.88	2886	-0.96	
10.87	2887	-0.96	
10.86	2888	-0.96	
10.84	2888	-0.96	
10.83	2889	-0.95	
10.81	2890	-0.95	
10.80	2890	-0.95	
10.78	2891	-0.95	
10.77	2892	-0.95	
10.76	2892	-0.95	
10.74	2893	-0.95	
10.73	2894	-0.95	
10.71	2895	-0.95	
10.70	2895	-0.95	
10.69	2896	-0.95	
10.67	2897	-0.95	
10.66	2897	-0.95	
10.64	2898	-0.95	
10.63	2899	-0.95	
10.62	2899	-0.95	
10.60	2900	-0.95	
10.59	2901	-0.95	
10.58	2902	-0.95	
10.56	2902	-0.95	
10.55	2903	-0.96	
10.53	2904	-0.96	
10.52	2904	-0.96	
10.51	2905	-0.96	
10.49	2906	-0.95	
10.48	2906	-0.95	
10.46	2907	-0.95	
10.45	2908	-0.95	
10.43	2909	-0.95	
10.42	2909	-0.95	
10.41	2910	-0.95	
10.39	2911	-0.95	
10.38	2911	-0.95	
10.36	2912	-0.95	
10.35	2913	-0.95	
10.34	2913	-0.95	
10.32	2914	-0.95	
10.31	2915	-0.95	
10.29	2916	-0.95	
10.28	2916	-0.95	
10.27	2917	-0.95	
10.25	2918	-0.95	
10.24	2918	-0.95	
10.23	2919	-0.95	
10.21	2920	-0.95	
10.20	2920	-0.95	
10.18	2921	-0.95	
10.17	2922	-0.95	
10.16	2923	-0.95	
10.14	2923	-0.95	
10.13	2924	-0.95	
10.11	2925	-0.95	
10.10	2925	-0.95	
10.09	2926	-0.95	
10.07	2927	-0.95	
10.06	2927	-0.95	
10.04	2928	-0.95	
10.03	2929	-0.95	
10.02	2930	-0.95	
10.00	2930	-0.95	
9.99	2931	-0.95	
9.98	2932	-0.95	
9.96	2932	-0.95	
9.95	2933	-0.95	
9.93	2934	-0.95	
9.92	2934	-0.95	
9.90	2935	-0.95	
9.89	2936	-0.95	
9.88	2937	-0.95	
9.86	2937	-0.95	
9.85	2938	-0.95	
9.84	2939	-0.95	
9.82	2939	-0.95	
9.81	2940	-0.95	
9.79	2941	-0.95	
9.78	2941	-0.95	
9.77	2942	-0.95	
9.75	2943	-0.95	
9.74	2944	-0.95	
9.72	2944	-0.95	
9.71	2945	-0.95	
9.70	2946	-0.95	
9.68	2946	-0.95	
9.67	2947	-0.95	
9.65	2948	-0.95	
9.64	2948	-0.95	
9.63	2949	-0.95	
9.61	2950	-0.95	
9.60	2951	-0.95	
9.59	2951	-0.95	
9.57	2952	-0.95	
9.56	2953	-0.95	
9.54	2953	-0.95	
9.53	2954	-0.95	
9.52	2955	-0.95	
9.50	2955	-0.95	
9.49	2956	-0.95	
9.47	2957	-0.95	
9.46	2958	-0.95	
9.45	2958	-0.95	
9.43	2959	-0.95	
9.42	2960	-0.95	
9.40	2960	-0.95	
9.39	2961	-0.95	
9.38	2962	-0.95	
9.36	2962	-0.94	
9.35	2963	-0.94	
9.34	2964	-0.94	
9.32	2965	-0.94	
9.31	2965	-0.94	
9.29	2966	-0.94	
9.28	2967	-0.94	
9.27	2967	-0.94	
9.25	2968	-0.94	
9.24	2969	-0.94	
9.22	2969	-0.94	
9.21	2970	-0.94	
9.20	2971	-0.94	
9.18	2972	-0.94	
9.17	2972	-0.94	
9.16	2973	-0.94	
9.14	2974	-0.94	
9.13	2974	-0.94	
9.11	2975	-0.94	
9.10	2976	-0.94	
9.09	2976	-0.94	
9.07	2977	-0.94	
9.06	2978	-0.94	
9.05	2979	-0.94	
9.03	2979	-0.94	
9.02	2980	-0.94	
9.00	2981	-0.94	
8.99	2981	-0.94	
8.98	2982	-0.94	
8.96	2983	-0.94	
8.95	2983	-0.94	
8.94	2984	-0.93	
8.92	2985	-0.93	
8.91	2986	-0.93	
8.89	2986	-0.93	
8.88	2987	-0.93	
8.87	2988	-0.93	
8.85	2988	-0.93	
8.84	2989	-0.93	
8.82	2990	-0.93	
8.81	2990	-0.93	
8.80	2991	-0.93	
8.78	2992	-0.93	
8.77	2993	-0.93	
8.75	2993	-0.93	
8.74	2994	-0.93	
8.73	2995	-0.93	
8.71	2995	-0.93	
8.70	2996	-0.93	
8.69	2997	-0.93	
8.67	2997	-0.93	
8.66	2998	-0.93	
8.64	2999	-0.93	
8.63	3000	-0.93	
