empty
Furnace temperature 	Time	HeatFlow	
/°C	/s	/mW	
8.08	0	-0.92	
8.08	2	-0.92	
8.06	3	-0.92	
8.03	5	-0.92	
8.00	6	-0.92	
7.98	8	-0.92	
7.96	9	-0.92	
7.94	11	-0.92	
7.91	12	-0.92	
7.88	14	-0.92	
7.85	15	-0.92	
7.82	17	-0.92	
7.79	18	-0.92	
7.76	20	-0.91	
7.73	21	-0.91	
7.70	23	-0.91	
7.67	24	-0.91	
7.64	26	-0.91	
7.60	27	-0.91	
7.56	29	-0.91	
7.52	30	-0.90	
7.48	32	-0.90	
7.44	33	-0.90	
7.39	35	-0.90	
7.34	36	-0.90	
7.30	38	-0.90	
7.25	39	-0.89	
7.20	41	-0.89	
7.15	42	-0.89	
7.10	44	-0.88	
7.05	45	-0.87	
7.00	47	-0.87	
6.95	48	-0.86	
6.89	50	-0.86	
6.84	51	-0.85	
6.79	53	-0.84	
6.74	54	-0.84	
6.69	56	-0.83	
6.64	57	-0.82	
6.59	59	-0.81	
6.54	60	-0.80	
6.50	62	-0.79	
6.45	63	-0.78	
6.41	65	-0.77	
6.37	66	-0.76	
6.32	68	-0.75	
6.28	69	-0.74	
6.25	71	-0.73	
6.21	72	-0.72	
6.17	74	-0.71	
6.14	75	-0.70	
6.10	77	-0.69	
6.07	78	-0.68	
6.04	80	-0.67	
6.01	81	-0.66	
5.98	83	-0.65	
5.96	84	-0.64	
5.93	86	-0.63	
5.91	87	-0.62	
5.88	89	-0.61	
5.86	90	-0.60	
5.84	92	-0.59	
5.82	93	-0.58	
5.80	95	-0.58	
5.78	96	-0.57	
5.76	98	-0.56	
5.74	99	-0.55	
5.73	101	-0.55	
5.71	102	-0.54	
5.70	104	-0.53	
5.68	105	-0.52	
5.67	107	-0.52	
5.66	108	-0.51	
5.65	110	-0.50	
5.64	111	-0.50	
5.63	113	-0.49	
5.62	114	-0.48	
5.61	116	-0.48	
5.60	117	-0.47	
5.60	119	-0.47	
5.59	120	-0.46	
5.59	122	-0.46	
5.58	123	-0.45	
5.58	125	-0.45	
5.57	126	-0.44	
5.57	128	-0.43	
5.56	129	-0.43	
5.56	131	-0.42	
5.56	132	-0.42	
5.56	134	-0.41	
5.56	135	-0.41	
5.55	137	-0.40	
5.55	138	-0.40	
5.55	140	-0.39	
5.55	141	-0.39	
5.55	143	-0.38	
5.55	144	-0.38	
5.56	146	-0.37	
5.56	147	-0.37	
5.56	149	-0.36	
5.56	150	-0.36	
5.56	152	-0.35	
5.57	153	-0.34	
5.57	155	-0.34	
5.57	156	-0.33	
5.58	158	-0.33	
5.58	159	-0.32	
5.58	161	-0.32	
5.59	162	-0.31	
5.57	164	-0.30	
5.54	165	-0.30	
5.52	167	-0.29	
5.50	168	-0.29	
5.47	170	-0.28	
5.45	171	-0.27	
5.43	173	-0.27	
5.40	174	-0.26	
5.38	176	-0.25	
5.36	177	-0.25	
5.34	179	-0.24	
5.32	180	-0.24	
5.29	182	-0.23	
5.27	183	-0.22	
5.25	185	-0.22	
5.23	186	-0.21	
5.21	188	-0.20	
5.19	189	-0.20	
5.17	191	-0.19	
5.15	192	-0.18	
5.13	194	-0.18	
5.12	195	-0.17	
5.10	197	-0.16	
5.09	198	-0.16	
5.08	200	-0.15	
5.06	201	-0.14	
5.05	203	-0.14	
5.04	204	-0.13	
5.04	206	-0.12	
5.03	207	-0.12	
5.02	209	-0.11	
5.02	210	-0.10	
5.02	212	-0.10	
5.01	213	-0.09	
5.01	215	-0.08	
5.01	216	-0.08	
5.02	218	-0.07	
5.02	219	-0.06	
5.02	221	-0.06	
5.03	222	-0.05	
5.03	224	-0.05	
5.04	225	-0.04	
5.05	227	-0.03	
5.06	228	-0.03	
5.06	230	-0.02	
5.07	231	-0.01	
5.08	233	-0.01	
5.09	234	-0.00	
5.11	236	0.00	
5.12	237	0.01	
5.13	239	0.02	
5.14	240	0.02	
5.15	242	0.03	
5.17	243	0.03	
5.18	245	0.04	
5.19	246	0.04	
5.21	248	0.05	
5.22	249	0.06	
5.24	251	0.06	
5.25	252	0.07	
5.27	254	0.07	
5.28	255	0.08	
5.30	257	0.08	
5.31	258	0.09	
5.33	260	0.09	
5.34	261	0.10	
5.36	263	0.10	
5.38	264	0.11	
5.39	266	0.11	
5.41	267	0.12	
5.43	269	0.12	
5.45	270	0.13	
5.46	272	0.13	
5.48	273	0.14	
5.50	275	0.14	
5.51	276	0.15	
5.53	278	0.15	
5.55	279	0.16	
5.56	281	0.16	
5.58	282	0.16	
5.60	284	0.17	
5.62	285	0.17	
5.63	287	0.18	
5.65	288	0.18	
5.67	290	0.18	
5.69	291	0.19	
5.70	293	0.19	
5.72	294	0.20	
5.74	296	0.20	
5.76	297	0.20	
5.77	299	0.21	
5.79	300	0.21	
5.81	302	0.21	
5.83	303	0.22	
5.84	305	0.22	
5.86	306	0.23	
5.88	308	0.23	
5.90	309	0.23	
5.91	311	0.23	
5.93	312	0.24	
5.95	314	0.24	
5.97	315	0.24	
5.98	317	0.25	
6.00	318	0.25	
6.02	320	0.25	
6.03	321	0.25	
6.05	323	0.26	
6.07	324	0.26	
6.09	326	0.26	
6.11	327	0.26	
6.12	329	0.27	
6.14	330	0.27	
6.16	332	0.27	
6.18	333	0.27	
6.19	335	0.28	
6.21	336	0.28	
6.23	338	0.28	
6.24	339	0.28	
6.26	341	0.29	
6.28	342	0.29	
6.30	344	0.29	
6.31	345	0.29	
6.33	347	0.29	
6.35	348	0.30	
6.36	350	0.30	
6.38	351	0.30	
6.40	353	0.30	
6.42	354	0.30	
6.43	356	0.30	
6.45	357	0.31	
6.47	359	0.31	
6.48	360	0.31	
6.50	362	0.31	
6.52	363	0.31	
6.53	365	0.31	
6.55	366	0.31	
6.57	368	0.32	
6.58	369	0.32	
6.60	371	0.32	
6.62	372	0.32	
6.63	374	0.32	
6.65	375	0.32	
6.66	377	0.32	
6.68	378	0.32	
6.70	380	0.32	
6.71	381	0.33	
6.73	383	0.33	
6.75	384	0.33	
6.76	386	0.33	
6.78	387	0.33	
6.79	389	0.33	
6.81	390	0.33	
6.83	392	0.33	
6.84	393	0.33	
6.86	395	0.33	
6.87	396	0.34	
6.89	398	0.34	
6.91	399	0.34	
6.92	401	0.34	
6.94	402	0.34	
6.95	404	0.34	
6.97	405	0.34	
6.98	407	0.34	
7.00	408	0.34	
7.02	410	0.34	
7.03	411	0.34	
7.05	413	0.34	
7.06	414	0.34	
7.08	416	0.34	
7.09	417	0.34	
7.11	419	0.35	
7.13	420	0.35	
7.14	422	0.35	
7.16	423	0.35	
7.17	425	0.35	
7.19	426	0.35	
7.20	428	0.35	
7.22	429	0.35	
7.23	431	0.35	
7.25	432	0.35	
7.26	434	0.35	
7.28	435	0.35	
7.29	437	0.35	
7.31	438	0.35	
7.32	440	0.35	
7.34	441	0.35	
7.35	443	0.35	
7.37	444	0.35	
7.38	446	0.35	
7.40	447	0.35	
7.41	449	0.35	
7.43	450	0.35	
7.44	452	0.35	
7.46	453	0.35	
7.47	455	0.35	
7.49	456	0.35	
7.50	458	0.35	
7.52	459	0.35	
7.53	461	0.35	
7.55	462	0.35	
7.56	464	0.35	
7.58	465	0.35	
7.59	467	0.35	
7.60	468	0.35	
7.62	470	0.35	
7.63	471	0.35	
7.65	473	0.35	
7.66	474	0.35	
7.67	476	0.35	
7.69	477	0.35	
7.70	479	0.35	
7.72	480	0.35	
7.73	482	0.35	
7.75	483	0.35	
7.76	485	0.35	
7.78	486	0.35	
7.79	488	0.36	
7.80	489	0.35	
7.82	491	0.35	
7.83	492	0.35	
7.85	494	0.35	
7.86	495	0.35	
7.88	497	0.35	
7.89	498	0.35	
7.91	500	0.35	
7.92	501	0.35	
7.93	503	0.35	
7.95	504	0.35	
7.96	506	0.35	
7.98	507	0.35	
7.99	509	0.35	
8.00	510	0.35	
8.02	512	0.35	
8.03	513	0.35	
8.04	515	0.35	
8.06	516	0.35	
8.07	518	0.35	
8.09	519	0.35	
8.10	521	0.35	
8.11	522	0.35	
8.13	524	0.35	
8.14	525	0.35	
8.15	527	0.35	
8.17	528	0.35	
8.18	530	0.35	
8.20	531	0.35	
8.21	533	0.35	
8.22	534	0.35	
8.24	536	0.35	
8.25	537	0.35	
8.26	539	0.35	
8.28	540	0.35	
8.29	542	0.35	
8.30	543	0.35	
8.32	545	0.35	
8.33	546	0.35	
8.35	548	0.35	
8.36	549	0.35	
8.37	551	0.35	
8.39	552	0.35	
8.40	554	0.35	
8.41	555	0.35	
8.43	557	0.35	
8.44	558	0.35	
8.45	560	0.35	
8.47	561	0.35	
8.48	563	0.35	
8.49	564	0.35	
8.51	566	0.35	
8.52	567	0.35	
8.54	569	0.35	
8.55	570	0.35	
8.56	572	0.35	
8.58	573	0.35	
8.59	575	0.35	
8.60	576	0.35	
8.62	578	0.35	
8.63	579	0.35	
8.64	581	0.35	
8.66	582	0.35	
8.67	584	0.35	
8.68	585	0.35	
8.70	587	0.35	
8.71	588	0.35	
8.72	590	0.35	
8.74	591	0.35	
8.75	593	0.35	
8.76	594	0.35	
8.78	596	0.35	
8.79	597	0.35	
8.80	599	0.35	
8.82	600	0.35	
8.83	602	0.35	
8.84	603	0.35	
8.86	605	0.35	
8.87	606	0.35	
8.88	608	0.35	
8.90	609	0.35	
8.91	611	0.35	
8.92	612	0.35	
8.94	614	0.35	
8.95	615	0.35	
8.96	617	0.35	
8.98	618	0.35	
8.99	620	0.35	
9.00	621	0.35	
9.02	623	0.35	
9.03	624	0.35	
9.04	626	0.35	
9.05	627	0.35	
9.07	629	0.35	
9.08	630	0.35	
9.09	632	0.35	
9.11	633	0.35	
9.12	635	0.35	
9.13	636	0.35	
9.15	638	0.35	
9.16	639	0.35	
9.17	641	0.35	
9.19	642	0.35	
9.20	644	0.35	
9.21	645	0.35	
9.23	647	0.35	
9.24	648	0.35	
9.25	650	0.35	
9.27	651	0.35	
9.28	653	0.35	
9.29	654	0.35	
9.30	656	0.35	
9.32	657	0.35	
9.33	659	0.35	
9.34	660	0.35	
9.36	662	0.35	
9.37	663	0.35	
9.38	665	0.35	
9.40	666	0.35	
9.41	668	0.35	
9.42	669	0.34	
9.43	671	0.34	
9.45	672	0.34	
9.46	674	0.35	
9.47	675	0.34	
9.49	677	0.34	
9.50	678	0.34	
9.51	680	0.34	
9.53	681	0.34	
9.54	683	0.34	
9.55	684	0.34	
9.56	686	0.34	
9.58	687	0.34	
9.59	689	0.34	
9.60	690	0.34	
9.62	692	0.34	
9.63	693	0.34	
9.64	695	0.34	
9.66	696	0.34	
9.67	698	0.34	
9.68	699	0.34	
9.69	701	0.34	
9.71	702	0.34	
9.72	704	0.34	
9.73	705	0.34	
9.75	707	0.34	
9.76	708	0.34	
9.77	710	0.34	
9.78	711	0.34	
9.80	713	0.34	
9.81	714	0.34	
9.82	716	0.34	
9.84	717	0.34	
9.85	719	0.34	
9.86	720	0.34	
9.88	722	0.34	
9.89	723	0.34	
9.90	725	0.34	
9.91	726	0.34	
9.93	728	0.34	
9.94	729	0.34	
9.95	731	0.34	
9.97	732	0.34	
9.98	734	0.34	
9.99	735	0.34	
10.00	737	0.34	
10.02	738	0.34	
10.03	740	0.34	
10.04	741	0.34	
10.06	743	0.34	
10.07	744	0.34	
10.08	746	0.34	
10.09	747	0.34	
10.11	749	0.34	
10.12	750	0.34	
10.13	752	0.34	
10.14	753	0.34	
10.16	755	0.34	
10.17	756	0.34	
10.18	758	0.34	
10.20	759	0.34	
10.21	761	0.34	
10.22	762	0.34	
10.23	764	0.34	
10.25	765	0.34	
10.26	767	0.34	
10.27	768	0.34	
10.29	770	0.34	
10.30	771	0.34	
10.31	773	0.34	
10.32	774	0.34	
10.34	776	0.34	
10.35	777	0.34	
10.36	779	0.34	
10.38	780	0.34	
10.39	782	0.34	
10.40	783	0.34	
10.41	785	0.34	
10.43	786	0.34	
10.44	788	0.34	
10.45	789	0.34	
10.47	791	0.34	
10.48	792	0.34	
10.49	794	0.34	
10.50	795	0.34	
10.52	797	0.34	
10.53	798	0.34	
10.54	800	0.34	
10.55	801	0.34	
10.57	803	0.34	
10.58	804	0.34	
10.59	806	0.34	
10.61	807	0.34	
10.62	809	0.34	
10.63	810	0.34	
10.64	812	0.34	
10.66	813	0.34	
10.67	815	0.34	
10.68	816	0.34	
10.69	818	0.34	
10.71	819	0.34	
10.72	821	0.34	
10.73	822	0.34	
10.75	824	0.34	
10.76	825	0.34	
10.77	827	0.34	
10.78	828	0.34	
10.80	830	0.34	
10.81	831	0.34	
10.82	833	0.34	
10.84	834	0.34	
10.85	836	0.34	
10.86	837	0.34	
10.87	839	0.34	
10.89	840	0.34	
10.90	842	0.34	
10.91	843	0.34	
10.92	845	0.34	
10.94	846	0.34	
10.95	848	0.34	
10.96	849	0.34	
10.98	851	0.34	
10.99	852	0.34	
11.00	854	0.34	
11.01	855	0.34	
11.03	857	0.34	
11.04	858	0.34	
11.05	860	0.34	
11.06	861	0.34	
11.08	863	0.34	
11.09	864	0.34	
11.10	866	0.34	
11.12	867	0.34	
11.13	869	0.34	
11.14	870	0.34	
11.15	872	0.34	
11.17	873	0.34	
11.18	875	0.34	
11.19	876	0.34	
11.20	878	0.34	
11.22	879	0.34	
11.23	881	0.34	
11.24	882	0.34	
11.26	884	0.34	
11.27	885	0.34	
11.28	887	0.34	
11.29	888	0.34	
11.31	890	0.34	
11.32	891	0.34	
11.33	893	0.34	
11.34	894	0.34	
11.36	896	0.34	
11.37	897	0.34	
11.38	899	0.34	
11.40	900	0.34	
11.41	902	0.34	
11.42	903	0.34	
11.43	905	0.34	
11.45	906	0.34	
11.46	908	0.34	
11.47	909	0.34	
11.48	911	0.34	
11.50	912	0.34	
11.51	914	0.34	
11.52	915	0.34	
11.54	917	0.34	
11.55	918	0.34	
11.56	920	0.34	
11.57	921	0.34	
11.59	923	0.34	
11.60	924	0.34	
11.61	926	0.34	
11.62	927	0.34	
11.64	929	0.34	
11.65	930	0.34	
11.66	932	0.34	
11.67	933	0.34	
11.69	935	0.34	
11.70	936	0.34	
11.71	938	0.34	
11.73	939	0.34	
11.74	941	0.34	
11.75	942	0.34	
11.76	944	0.34	
11.78	945	0.34	
11.79	947	0.34	
11.80	948	0.34	
11.82	950	0.34	
11.83	951	0.34	
11.84	953	0.34	
11.85	954	0.34	
11.87	956	0.34	
11.88	957	0.34	
11.89	959	0.34	
11.90	960	0.34	
11.92	962	0.34	
11.93	963	0.34	
11.94	965	0.34	
11.95	966	0.34	
11.97	968	0.34	
11.98	969	0.34	
11.99	971	0.34	
12.01	972	0.34	
12.02	974	0.34	
12.03	975	0.34	
12.04	977	0.34	
12.06	978	0.34	
12.07	980	0.34	
12.08	981	0.34	
12.09	983	0.34	
12.11	984	0.34	
12.12	986	0.34	
12.13	987	0.34	
12.15	989	0.34	
12.16	990	0.34	
12.17	992	0.34	
12.18	993	0.34	
12.20	995	0.34	
12.21	996	0.34	
12.22	998	0.34	
12.23	999	0.34	
12.25	1001	0.34	
12.26	1002	0.34	
12.27	1004	0.34	
12.28	1005	0.34	
12.30	1007	0.34	
12.31	1008	0.34	
12.32	1010	0.34	
12.34	1011	0.34	
12.35	1013	0.34	
12.36	1014	0.34	
12.37	1016	0.34	
12.39	1017	0.34	
12.40	1019	0.34	
12.41	1020	0.34	
12.42	1022	0.34	
12.44	1023	0.34	
12.45	1025	0.34	
12.46	1026	0.34	
12.47	1028	0.34	
12.49	1029	0.34	
12.50	1031	0.34	
12.51	1032	0.34	
12.53	1034	0.34	
12.54	1035	0.34	
12.55	1037	0.34	
12.56	1038	0.34	
12.58	1040	0.34	
12.59	1041	0.34	
12.60	1043	0.34	
12.61	1044	0.34	
12.63	1046	0.34	
12.64	1047	0.34	
12.65	1049	0.34	
12.67	1050	0.34	
12.68	1052	0.34	
12.69	1053	0.34	
12.70	1055	0.34	
12.72	1056	0.34	
12.73	1058	0.34	
12.74	1059	0.34	
12.75	1061	0.34	
12.77	1062	0.34	
12.78	1064	0.34	
12.79	1065	0.34	
12.80	1067	0.34	
12.82	1068	0.34	
12.83	1070	0.34	
12.84	1071	0.34	
12.86	1073	0.34	
12.87	1074	0.34	
12.88	1076	0.34	
12.89	1077	0.34	
12.91	1079	0.34	
12.92	1080	0.34	
12.93	1082	0.34	
12.94	1083	0.34	
12.96	1085	0.34	
12.97	1086	0.34	
12.98	1088	0.34	
13.00	1089	0.34	
13.01	1091	0.34	
13.02	1092	0.34	
13.03	1094	0.34	
13.05	1095	0.34	
13.06	1097	0.34	
13.07	1098	0.34	
13.08	1100	0.33	
13.10	1101	0.34	
13.11	1103	0.34	
13.12	1104	0.34	
13.14	1106	0.34	
13.15	1107	0.34	
13.16	1109	0.34	
13.17	1110	0.34	
13.19	1112	0.34	
13.20	1113	0.34	
13.21	1115	0.34	
13.22	1116	0.34	
13.24	1118	0.34	
13.25	1119	0.34	
13.26	1121	0.34	
13.27	1122	0.34	
13.29	1124	0.34	
13.30	1125	0.34	
13.31	1127	0.34	
13.33	1128	0.34	
13.34	1130	0.34	
13.35	1131	0.34	
13.36	1133	0.34	
13.38	1134	0.34	
13.39	1136	0.34	
13.40	1137	0.34	
13.41	1139	0.34	
13.43	1140	0.34	
13.44	1142	0.34	
13.45	1143	0.34	
13.46	1145	0.34	
13.48	1146	0.34	
13.49	1148	0.34	
13.50	1149	0.34	
13.52	1151	0.34	
13.53	1152	0.34	
13.54	1154	0.34	
13.55	1155	0.34	
13.57	1157	0.34	
13.58	1158	0.34	
13.59	1160	0.34	
13.60	1161	0.34	
13.62	1163	0.34	
13.63	1164	0.34	
13.64	1166	0.34	
13.65	1167	0.33	
13.67	1169	0.33	
13.68	1170	0.33	
13.69	1172	0.34	
13.71	1173	0.34	
13.72	1175	0.34	
13.73	1176	0.34	
13.74	1178	0.34	
13.76	1179	0.34	
13.77	1181	0.34	
13.78	1182	0.34	
13.79	1184	0.34	
13.81	1185	0.34	
13.82	1187	0.34	
13.83	1188	0.34	
13.85	1190	0.34	
13.86	1191	0.34	
13.87	1193	0.34	
13.88	1194	0.34	
13.90	1196	0.33	
13.91	1197	0.33	
13.92	1199	0.34	
13.93	1200	0.34	
13.95	1202	0.34	
13.96	1203	0.34	
13.97	1205	0.34	
13.98	1206	0.34	
14.00	1208	0.34	
14.01	1209	0.34	
14.02	1211	0.34	
14.04	1212	0.34	
14.05	1214	0.34	
14.06	1215	0.34	
14.07	1217	0.34	
14.09	1218	0.34	
14.10	1220	0.34	
14.11	1221	0.34	
14.12	1223	0.34	
14.14	1224	0.34	
14.15	1226	0.34	
14.16	1227	0.34	
14.17	1229	0.34	
14.19	1230	0.34	
14.20	1232	0.34	
14.21	1233	0.33	
14.23	1235	0.33	
14.24	1236	0.33	
14.25	1238	0.34	
14.26	1239	0.34	
14.28	1241	0.34	
14.29	1242	0.34	
14.30	1244	0.34	
14.31	1245	0.33	
14.33	1247	0.33	
14.34	1248	0.33	
14.35	1250	0.33	
14.36	1251	0.33	
14.38	1253	0.33	
14.39	1254	0.34	
14.40	1256	0.34	
14.42	1257	0.34	
14.43	1259	0.34	
14.44	1260	0.33	
14.45	1262	0.34	
14.47	1263	0.33	
14.48	1265	0.33	
14.49	1266	0.33	
14.50	1268	0.33	
14.52	1269	0.33	
14.53	1271	0.34	
14.54	1272	0.33	
14.55	1274	0.33	
14.57	1275	0.33	
14.58	1277	0.33	
14.59	1278	0.33	
14.61	1280	0.33	
14.62	1281	0.33	
14.63	1283	0.33	
14.64	1284	0.33	
14.66	1286	0.33	
14.67	1287	0.33	
14.68	1289	0.33	
14.69	1290	0.33	
14.71	1292	0.33	
14.72	1293	0.33	
14.73	1295	0.33	
14.75	1296	0.33	
14.76	1298	0.33	
14.77	1299	0.33	
14.78	1301	0.33	
14.80	1302	0.33	
14.81	1304	0.33	
14.82	1305	0.33	
14.83	1307	0.33	
14.85	1308	0.33	
14.86	1310	0.33	
14.87	1311	0.33	
14.88	1313	0.33	
14.90	1314	0.33	
14.91	1316	0.33	
14.92	1317	0.33	
14.93	1319	0.33	
14.95	1320	0.33	
14.96	1322	0.33	
14.97	1323	0.33	
14.99	1325	0.33	
15.00	1326	0.33	
15.01	1328	0.33	
15.02	1329	0.33	
15.04	1331	0.33	
15.05	1332	0.33	
15.06	1334	0.33	
15.07	1335	0.33	
15.09	1337	0.33	
15.10	1338	0.33	
15.11	1340	0.34	
15.13	1341	0.34	
15.14	1343	0.34	
15.15	1344	0.33	
15.16	1346	0.33	
15.18	1347	0.33	
15.19	1349	0.33	
15.20	1350	0.33	
15.21	1352	0.33	
15.23	1353	0.33	
15.24	1355	0.33	
15.25	1356	0.33	
15.26	1358	0.33	
15.28	1359	0.33	
15.29	1361	0.33	
15.30	1362	0.33	
15.32	1364	0.33	
15.33	1365	0.33	
15.34	1367	0.33	
15.35	1368	0.33	
15.37	1370	0.33	
15.38	1371	0.33	
15.39	1373	0.33	
15.40	1374	0.33	
15.42	1376	0.33	
15.43	1377	0.33	
15.44	1379	0.33	
15.45	1380	0.33	
15.47	1382	0.33	
15.48	1383	0.33	
15.49	1385	0.33	
15.50	1386	0.33	
15.52	1388	0.33	
15.53	1389	0.33	
15.54	1391	0.33	
15.56	1392	0.33	
15.57	1394	0.33	
15.58	1395	0.33	
15.59	1397	0.33	
15.61	1398	0.33	
15.62	1400	0.33	
15.63	1401	0.33	
15.64	1403	0.33	
15.66	1404	0.33	
15.67	1406	0.33	
15.68	1407	0.33	
15.69	1409	0.33	
15.71	1410	0.33	
15.72	1412	0.33	
15.73	1413	0.33	
15.75	1415	0.33	
15.76	1416	0.33	
15.77	1418	0.33	
15.78	1419	0.33	
15.80	1421	0.33	
15.81	1422	0.33	
15.82	1424	0.33	
15.83	1425	0.33	
15.85	1427	0.33	
15.86	1428	0.33	
15.87	1430	0.33	
15.89	1431	0.33	
15.90	1433	0.33	
15.91	1434	0.33	
15.92	1436	0.33	
15.94	1437	0.33	
15.95	1439	0.33	
15.96	1440	0.33	
15.97	1442	0.33	
15.99	1443	0.33	
16.00	1445	0.33	
16.01	1446	0.33	
16.02	1448	0.33	
16.04	1449	0.33	
16.05	1451	0.33	
16.06	1452	0.33	
16.07	1454	0.33	
16.09	1455	0.33	
16.10	1457	0.33	
16.11	1458	0.33	
16.12	1460	0.33	
16.14	1461	0.33	
16.15	1463	0.33	
16.16	1464	0.33	
16.18	1466	0.33	
16.19	1467	0.33	
16.20	1469	0.33	
16.21	1470	0.33	
16.23	1472	0.33	
16.24	1473	0.33	
16.25	1475	0.33	
16.27	1476	0.33	
16.28	1478	0.33	
16.29	1479	0.33	
16.30	1481	0.33	
16.32	1482	0.33	
16.33	1484	0.33	
16.34	1485	0.33	
16.35	1487	0.33	
16.36	1488	0.33	
16.38	1490	0.33	
16.39	1491	0.33	
16.40	1493	0.33	
16.42	1494	0.33	
16.43	1496	0.33	
16.44	1497	0.33	
16.46	1499	0.33	
16.47	1500	0.33	
16.48	1502	0.33	
16.49	1503	0.33	
16.51	1505	0.33	
16.52	1506	0.33	
16.53	1508	0.33	
16.54	1509	0.33	
16.56	1511	0.33	
16.57	1512	0.33	
16.58	1514	0.33	
16.59	1515	0.33	
16.61	1517	0.33	
16.62	1518	0.33	
16.63	1520	0.33	
16.65	1521	0.33	
16.66	1523	0.33	
16.67	1524	0.33	
16.68	1526	0.33	
16.70	1527	0.33	
16.71	1529	0.33	
16.72	1530	0.33	
16.73	1532	0.33	
16.75	1533	0.33	
16.76	1535	0.33	
16.77	1536	0.33	
16.78	1538	0.33	
16.80	1539	0.33	
16.81	1541	0.33	
16.82	1542	0.33	
16.84	1544	0.33	
16.85	1545	0.33	
16.86	1547	0.33	
16.87	1548	0.33	
16.89	1550	0.33	
16.90	1551	0.33	
16.91	1553	0.33	
16.92	1554	0.33	
16.94	1556	0.33	
16.95	1557	0.33	
16.96	1559	0.33	
16.97	1560	0.33	
16.99	1562	0.33	
17.00	1563	0.33	
17.01	1565	0.33	
17.03	1566	0.33	
17.04	1568	0.33	
17.05	1569	0.33	
17.06	1571	0.33	
17.08	1572	0.33	
17.09	1574	0.33	
17.10	1575	0.33	
17.11	1577	0.33	
17.13	1578	0.33	
17.14	1580	0.33	
17.15	1581	0.33	
17.16	1583	0.33	
17.18	1584	0.33	
17.19	1586	0.33	
17.20	1587	0.33	
17.21	1589	0.33	
17.23	1590	0.33	
17.24	1592	0.33	
17.25	1593	0.33	
17.26	1595	0.33	
17.28	1596	0.33	
17.29	1598	0.33	
17.30	1599	0.33	
17.32	1601	0.33	
17.33	1602	0.33	
17.34	1604	0.33	
17.35	1605	0.33	
17.37	1607	0.33	
17.38	1608	0.33	
17.39	1610	0.33	
17.40	1611	0.33	
17.42	1613	0.33	
17.43	1614	0.33	
17.44	1616	0.33	
17.45	1617	0.33	
17.47	1619	0.33	
17.48	1620	0.33	
17.49	1622	0.33	
17.51	1623	0.33	
17.52	1625	0.33	
17.53	1626	0.33	
17.54	1628	0.33	
17.56	1629	0.33	
17.57	1631	0.33	
17.58	1632	0.33	
17.59	1634	0.33	
17.61	1635	0.33	
17.62	1637	0.33	
17.63	1638	0.33	
17.64	1640	0.33	
17.66	1641	0.33	
17.67	1643	0.33	
17.68	1644	0.33	
17.70	1646	0.33	
17.71	1647	0.33	
17.72	1649	0.33	
17.73	1650	0.33	
17.75	1652	0.33	
17.76	1653	0.33	
17.77	1655	0.33	
17.78	1656	0.33	
17.80	1658	0.33	
17.81	1659	0.33	
17.82	1661	0.33	
17.84	1662	0.33	
17.85	1664	0.33	
17.86	1665	0.33	
17.87	1667	0.33	
17.89	1668	0.33	
17.90	1670	0.33	
17.91	1671	0.33	
17.92	1673	0.33	
17.94	1674	0.33	
17.95	1676	0.33	
17.96	1677	0.33	
17.97	1679	0.33	
17.99	1680	0.33	
18.00	1682	0.33	
18.01	1683	0.33	
18.02	1685	0.33	
18.04	1686	0.33	
18.05	1688	0.33	
18.06	1689	0.33	
18.08	1691	0.33	
18.09	1692	0.33	
18.10	1694	0.33	
18.11	1695	0.33	
18.13	1697	0.33	
18.14	1698	0.33	
18.15	1700	0.33	
18.16	1701	0.33	
18.18	1703	0.33	
18.19	1704	0.33	
18.20	1706	0.33	
18.22	1707	0.33	
18.23	1709	0.33	
18.24	1710	0.33	
18.25	1712	0.33	
18.26	1713	0.33	
18.28	1715	0.33	
18.29	1716	0.33	
18.30	1718	0.33	
18.32	1719	0.33	
18.33	1721	0.33	
18.34	1722	0.33	
18.35	1724	0.33	
18.37	1725	0.33	
18.38	1727	0.33	
18.39	1728	0.33	
18.40	1730	0.33	
18.42	1731	0.33	
18.43	1733	0.33	
18.44	1734	0.33	
18.46	1736	0.33	
18.47	1737	0.33	
18.48	1739	0.33	
18.49	1740	0.33	
18.51	1742	0.33	
18.52	1743	0.33	
18.53	1745	0.33	
18.54	1746	0.33	
18.56	1748	0.33	
18.57	1749	0.33	
18.58	1751	0.33	
18.59	1752	0.33	
18.61	1754	0.33	
18.62	1755	0.33	
18.63	1757	0.33	
18.65	1758	0.33	
18.66	1760	0.33	
18.67	1761	0.33	
18.68	1763	0.33	
18.70	1764	0.33	
18.71	1766	0.33	
18.72	1767	0.33	
18.73	1769	0.33	
18.75	1770	0.33	
18.76	1772	0.33	
18.77	1773	0.33	
18.78	1775	0.33	
18.80	1776	0.33	
18.81	1778	0.33	
18.82	1779	0.33	
18.84	1781	0.33	
18.85	1782	0.33	
18.86	1784	0.33	
18.87	1785	0.33	
18.89	1787	0.33	
18.90	1788	0.33	
18.91	1790	0.33	
18.92	1791	0.33	
18.94	1793	0.33	
18.95	1794	0.33	
18.96	1796	0.33	
18.97	1797	0.33	
18.99	1799	0.33	
19.00	1800	0.33	
19.01	1802	0.33	
19.03	1803	0.33	
19.04	1805	0.33	
19.05	1806	0.32	
19.06	1808	0.33	
19.08	1809	0.33	
19.09	1811	0.33	
19.10	1812	0.33	
19.11	1814	0.33	
19.13	1815	0.33	
19.14	1817	0.33	
19.15	1818	0.33	
19.16	1820	0.33	
19.18	1821	0.33	
19.19	1823	0.33	
19.20	1824	0.33	
19.21	1826	0.33	
19.23	1827	0.33	
19.24	1829	0.33	
19.25	1830	0.33	
19.27	1832	0.32	
19.28	1833	0.32	
19.29	1835	0.32	
19.30	1836	0.32	
19.32	1838	0.32	
19.33	1839	0.32	
19.34	1841	0.32	
19.35	1842	0.32	
19.37	1844	0.32	
19.38	1845	0.32	
19.39	1847	0.32	
19.40	1848	0.32	
19.42	1850	0.32	
19.43	1851	0.32	
19.44	1853	0.32	
19.46	1854	0.32	
19.47	1856	0.32	
19.48	1857	0.32	
19.49	1859	0.32	
19.51	1860	0.32	
19.52	1862	0.32	
19.53	1863	0.32	
19.54	1865	0.32	
19.56	1866	0.32	
19.57	1868	0.32	
19.58	1869	0.32	
19.60	1871	0.32	
19.61	1872	0.32	
19.62	1874	0.32	
19.63	1875	0.33	
19.65	1877	0.33	
19.66	1878	0.33	
19.67	1880	0.33	
19.68	1881	0.32	
19.70	1883	0.32	
19.71	1884	0.32	
19.72	1886	0.32	
19.73	1887	0.32	
19.75	1889	0.32	
19.76	1890	0.32	
19.77	1892	0.32	
19.78	1893	0.32	
19.80	1895	0.32	
19.81	1896	0.32	
19.82	1898	0.32	
19.84	1899	0.32	
19.85	1901	0.32	
19.86	1902	0.32	
19.87	1904	0.32	
19.89	1905	0.32	
19.90	1907	0.32	
19.91	1908	0.32	
19.92	1910	0.32	
19.94	1911	0.32	
19.95	1913	0.32	
19.96	1914	0.32	
19.98	1916	0.32	
19.99	1917	0.32	
20.00	1919	0.32	
20.01	1920	0.32	
20.03	1922	0.32	
20.04	1923	0.32	
20.05	1925	0.32	
20.06	1926	0.32	
20.08	1928	0.32	
20.09	1929	0.32	
20.10	1931	0.32	
20.11	1932	0.32	
20.13	1934	0.32	
20.14	1935	0.32	
20.15	1937	0.32	
20.16	1938	0.32	
20.18	1940	0.32	
20.19	1941	0.32	
20.20	1943	0.32	
20.22	1944	0.32	
20.23	1946	0.32	
20.24	1947	0.32	
20.25	1949	0.32	
20.27	1950	0.32	
20.28	1952	0.32	
20.29	1953	0.32	
20.30	1955	0.32	
20.32	1956	0.32	
20.33	1958	0.32	
20.34	1959	0.32	
20.35	1961	0.32	
20.37	1962	0.32	
20.38	1964	0.32	
20.39	1965	0.32	
20.41	1967	0.32	
20.42	1968	0.32	
20.43	1970	0.32	
20.44	1971	0.32	
20.46	1973	0.32	
20.47	1974	0.32	
20.48	1976	0.32	
20.49	1977	0.32	
20.51	1979	0.32	
20.52	1980	0.32	
20.53	1982	0.32	
20.54	1983	0.32	
20.56	1985	0.32	
20.57	1986	0.32	
20.58	1988	0.32	
20.60	1989	0.32	
20.61	1991	0.32	
20.62	1992	0.32	
20.63	1994	0.32	
20.65	1995	0.32	
20.66	1997	0.32	
20.67	1998	0.32	
20.68	2000	0.32	
20.70	2001	0.32	
20.71	2003	0.32	
20.72	2004	0.32	
20.74	2006	0.32	
20.75	2007	0.32	
20.76	2009	0.32	
20.77	2010	0.32	
20.79	2012	0.32	
20.80	2013	0.32	
20.81	2015	0.32	
20.82	2016	0.32	
20.83	2018	0.32	
20.85	2019	0.32	
20.86	2021	0.32	
20.87	2022	0.32	
20.89	2024	0.32	
20.90	2025	0.32	
20.91	2027	0.32	
20.92	2028	0.32	
20.94	2030	0.32	
20.95	2031	0.32	
20.96	2033	0.32	
20.98	2034	0.32	
20.99	2036	0.32	
21.00	2037	0.32	
21.01	2039	0.32	
21.02	2040	0.32	
21.04	2042	0.32	
21.05	2043	0.32	
21.06	2045	0.32	
21.08	2046	0.32	
21.09	2048	0.32	
21.10	2049	0.32	
21.11	2051	0.32	
21.13	2052	0.32	
21.14	2054	0.32	
21.15	2055	0.32	
21.16	2057	0.32	
21.18	2058	0.32	
21.19	2060	0.32	
21.20	2061	0.32	
21.21	2063	0.32	
21.23	2064	0.32	
21.24	2066	0.32	
21.25	2067	0.32	
21.27	2069	0.32	
21.28	2070	0.32	
21.29	2072	0.32	
21.30	2073	0.32	
21.32	2075	0.32	
21.33	2076	0.32	
21.34	2078	0.32	
21.35	2079	0.32	
21.37	2081	0.32	
21.38	2082	0.32	
21.39	2084	0.32	
21.40	2085	0.32	
21.42	2087	0.32	
21.43	2088	0.32	
21.44	2090	0.32	
21.46	2091	0.32	
21.47	2093	0.32	
21.48	2094	0.32	
21.49	2096	0.32	
21.51	2097	0.32	
21.52	2099	0.32	
21.53	2100	0.32	
21.54	2102	0.32	
21.56	2103	0.32	
21.57	2105	0.32	
21.58	2106	0.32	
21.59	2108	0.32	
21.61	2109	0.32	
21.62	2111	0.32	
21.63	2112	0.32	
21.65	2114	0.32	
21.66	2115	0.32	
21.67	2117	0.32	
21.68	2118	0.32	
21.70	2120	0.32	
21.71	2121	0.32	
21.72	2123	0.32	
21.73	2124	0.32	
21.75	2126	0.32	
21.76	2127	0.32	
21.77	2129	0.32	
21.78	2130	0.32	
21.80	2132	0.32	
21.81	2133	0.32	
21.82	2135	0.32	
21.84	2136	0.32	
21.85	2138	0.32	
21.86	2139	0.32	
21.87	2141	0.32	
21.89	2142	0.32	
21.90	2144	0.32	
21.91	2145	0.32	
21.92	2147	0.32	
21.94	2148	0.32	
21.95	2150	0.32	
21.96	2151	0.32	
21.97	2153	0.32	
21.99	2154	0.32	
22.00	2156	0.32	
22.01	2157	0.32	
22.03	2159	0.32	
22.04	2160	0.32	
22.05	2162	0.32	
22.06	2163	0.32	
22.08	2165	0.32	
22.09	2166	0.32	
22.10	2168	0.32	
22.11	2169	0.32	
22.13	2171	0.32	
22.14	2172	0.32	
22.15	2174	0.32	
22.16	2175	0.32	
22.18	2177	0.32	
22.19	2178	0.32	
22.20	2180	0.32	
22.22	2181	0.32	
22.23	2183	0.32	
22.24	2184	0.32	
22.25	2186	0.32	
22.27	2187	0.32	
22.28	2189	0.32	
22.29	2190	0.32	
22.30	2192	0.32	
22.32	2193	0.32	
22.33	2195	0.32	
22.34	2196	0.32	
22.35	2198	0.32	
22.37	2199	0.32	
22.38	2201	0.32	
22.39	2202	0.32	
22.41	2204	0.32	
22.42	2205	0.32	
22.43	2207	0.32	
22.44	2208	0.32	
22.46	2210	0.32	
22.47	2211	0.32	
22.48	2213	0.32	
22.49	2214	0.32	
22.51	2216	0.32	
22.52	2217	0.32	
22.53	2219	0.32	
22.54	2220	0.32	
22.56	2222	0.32	
22.57	2223	0.32	
22.58	2225	0.32	
22.60	2226	0.32	
22.61	2228	0.32	
22.62	2229	0.32	
22.63	2231	0.32	
22.65	2232	0.32	
22.66	2234	0.32	
22.67	2235	0.32	
22.68	2237	0.32	
22.70	2238	0.32	
22.71	2240	0.32	
22.72	2241	0.32	
22.73	2243	0.32	
22.75	2244	0.32	
22.76	2246	0.32	
22.77	2247	0.32	
22.79	2249	0.32	
22.80	2250	0.31	
22.81	2252	0.31	
22.82	2253	0.32	
22.84	2255	0.32	
22.85	2256	0.32	
22.86	2258	0.32	
22.87	2259	0.31	
22.89	2261	0.31	
22.90	2262	0.31	
22.91	2264	0.32	
22.92	2265	0.32	
22.94	2267	0.32	
22.95	2268	0.32	
22.96	2270	0.32	
22.98	2271	0.32	
22.99	2273	0.32	
23.00	2274	0.31	
23.01	2276	0.31	
23.03	2277	0.31	
23.04	2279	0.31	
23.05	2280	0.31	
23.06	2282	0.31	
23.08	2283	0.31	
23.09	2285	0.31	
23.10	2286	0.31	
23.11	2288	0.31	
23.13	2289	0.31	
23.14	2291	0.31	
23.15	2292	0.31	
23.17	2294	0.31	
23.18	2295	0.31	
23.19	2297	0.31	
23.20	2298	0.31	
23.22	2300	0.31	
23.23	2301	0.31	
23.24	2303	0.31	
23.25	2304	0.31	
23.27	2306	0.31	
23.28	2307	0.31	
23.29	2309	0.31	
23.30	2310	0.31	
23.32	2312	0.31	
23.33	2313	0.31	
23.34	2315	0.31	
23.36	2316	0.31	
23.37	2318	0.31	
23.38	2319	0.31	
23.39	2321	0.31	
23.41	2322	0.31	
23.42	2324	0.31	
23.43	2325	0.31	
23.44	2327	0.31	
23.46	2328	0.31	
23.47	2330	0.31	
23.48	2331	0.31	
23.49	2333	0.31	
23.51	2334	0.31	
23.52	2336	0.31	
23.53	2337	0.31	
23.55	2339	0.31	
23.56	2340	0.31	
23.57	2342	0.31	
23.58	2343	0.31	
23.59	2345	0.31	
23.61	2346	0.31	
23.62	2348	0.31	
23.63	2349	0.31	
23.65	2351	0.31	
23.66	2352	0.31	
23.67	2354	0.31	
23.68	2355	0.31	
23.70	2357	0.31	
23.71	2358	0.31	
23.72	2360	0.31	
23.74	2361	0.31	
23.75	2363	0.31	
23.76	2364	0.31	
23.77	2366	0.31	
23.78	2367	0.31	
23.80	2369	0.31	
23.81	2370	0.31	
23.82	2372	0.31	
23.84	2373	0.31	
23.85	2375	0.31	
23.86	2376	0.31	
23.87	2378	0.31	
23.89	2379	0.31	
23.90	2381	0.31	
23.91	2382	0.31	
23.92	2384	0.31	
23.94	2385	0.31	
23.95	2387	0.31	
23.96	2388	0.31	
23.97	2390	0.31	
23.99	2391	0.31	
24.00	2393	0.31	
24.01	2394	0.31	
24.03	2396	0.31	
24.04	2397	0.31	
24.05	2399	0.31	
24.06	2400	0.31	
24.08	2402	0.31	
24.09	2403	0.31	
24.10	2405	0.31	
24.11	2406	0.31	
24.13	2408	0.31	
24.14	2409	0.31	
24.15	2411	0.31	
24.16	2412	0.31	
24.18	2414	0.31	
24.19	2415	0.31	
24.20	2417	0.31	
24.22	2418	0.31	
24.23	2420	0.31	
24.24	2421	0.31	
24.25	2423	0.31	
24.27	2424	0.31	
24.28	2426	0.31	
24.29	2427	0.31	
24.30	2429	0.31	
24.32	2430	0.31	
24.33	2432	0.31	
24.34	2433	0.31	
24.35	2435	0.31	
24.37	2436	0.31	
24.38	2438	0.31	
24.39	2439	0.31	
24.41	2441	0.31	
24.42	2442	0.31	
24.43	2444	0.31	
24.44	2445	0.31	
24.46	2447	0.31	
24.47	2448	0.31	
24.48	2450	0.31	
24.49	2451	0.31	
24.51	2453	0.31	
24.52	2454	0.31	
24.53	2456	0.31	
24.54	2457	0.31	
24.56	2459	0.31	
24.57	2460	0.31	
24.58	2462	0.31	
24.60	2463	0.31	
24.61	2465	0.31	
24.62	2466	0.31	
24.63	2468	0.31	
24.65	2469	0.31	
24.66	2471	0.31	
24.67	2472	0.31	
24.68	2474	0.31	
24.70	2475	0.31	
24.71	2477	0.31	
24.72	2478	0.31	
24.73	2480	0.31	
24.75	2481	0.31	
24.76	2483	0.31	
24.77	2484	0.31	
24.78	2486	0.31	
24.80	2487	0.31	
24.81	2489	0.31	
24.82	2490	0.31	
24.84	2492	0.31	
24.85	2493	0.31	
24.86	2495	0.31	
24.87	2496	0.31	
24.89	2498	0.31	
24.90	2499	0.31	
24.91	2501	0.31	
24.92	2502	0.31	
24.94	2504	0.31	
24.95	2505	0.31	
24.96	2507	0.31	
24.97	2508	0.31	
24.99	2510	0.31	
25.00	2511	0.31	
25.01	2513	0.31	
25.03	2514	0.31	
25.04	2516	0.31	
25.05	2517	0.31	
25.06	2519	0.31	
25.08	2520	0.31	
25.09	2522	0.31	
25.10	2523	0.31	
25.11	2525	0.31	
25.13	2526	0.31	
25.14	2528	0.31	
25.15	2529	0.31	
25.16	2531	0.31	
25.18	2532	0.31	
25.19	2534	0.31	
25.20	2535	0.31	
25.22	2537	0.31	
25.23	2538	0.31	
25.24	2540	0.31	
25.25	2541	0.31	
25.27	2543	0.31	
25.28	2544	0.31	
25.29	2546	0.31	
25.30	2547	0.31	
25.32	2549	0.31	
25.33	2550	0.31	
25.34	2552	0.31	
25.35	2553	0.31	
25.37	2555	0.31	
25.38	2556	0.31	
25.39	2558	0.31	
25.41	2559	0.31	
25.42	2561	0.31	
25.43	2562	0.31	
25.44	2564	0.31	
25.46	2565	0.31	
25.47	2567	0.31	
25.48	2568	0.31	
25.49	2570	0.31	
25.51	2571	0.31	
25.52	2573	0.31	
25.53	2574	0.31	
25.54	2576	0.31	
25.56	2577	0.31	
25.57	2579	0.31	
25.58	2580	0.31	
25.59	2582	0.31	
25.61	2583	0.31	
25.62	2585	0.31	
25.63	2586	0.31	
25.64	2588	0.30	
25.66	2589	0.30	
25.67	2591	0.30	
25.68	2592	0.31	
25.70	2594	0.31	
25.71	2595	0.31	
25.72	2597	0.30	
25.73	2598	0.30	
25.75	2600	0.30	
25.76	2601	0.30	
25.77	2603	0.30	
25.79	2604	0.30	
25.80	2606	0.30	
25.81	2607	0.30	
25.82	2609	0.30	
25.84	2610	0.30	
25.85	2612	0.30	
25.86	2613	0.30	
25.87	2615	0.30	
25.89	2616	0.30	
25.90	2618	0.30	
25.91	2619	0.30	
25.92	2621	0.30	
25.94	2622	0.30	
25.95	2624	0.30	
25.96	2625	0.30	
25.97	2627	0.30	
25.99	2628	0.30	
26.00	2630	0.30	
26.01	2631	0.30	
26.02	2633	0.30	
26.04	2634	0.30	
26.05	2636	0.30	
26.06	2637	0.30	
26.08	2639	0.30	
26.09	2640	0.30	
26.10	2642	0.30	
26.11	2643	0.30	
26.13	2645	0.30	
26.14	2646	0.30	
26.15	2648	0.30	
26.16	2649	0.30	
26.18	2651	0.30	
26.19	2652	0.30	
26.20	2654	0.30	
26.21	2655	0.30	
26.23	2657	0.30	
26.24	2658	0.30	
26.25	2660	0.30	
26.27	2661	0.30	
26.28	2663	0.30	
26.29	2664	0.30	
26.30	2666	0.30	
26.32	2667	0.30	
26.33	2669	0.30	
26.34	2670	0.30	
26.35	2672	0.30	
26.37	2673	0.30	
26.38	2675	0.30	
26.39	2676	0.30	
26.40	2678	0.30	
26.42	2679	0.30	
26.43	2681	0.30	
26.44	2682	0.30	
26.46	2684	0.30	
26.47	2685	0.30	
26.48	2687	0.30	
26.49	2688	0.30	
26.51	2690	0.30	
26.52	2691	0.30	
26.53	2693	0.30	
26.54	2694	0.30	
26.56	2696	0.30	
26.57	2697	0.30	
26.58	2699	0.30	
26.59	2700	0.30	
26.61	2702	0.30	
26.62	2703	0.30	
26.63	2705	0.30	
26.65	2706	0.30	
26.66	2708	0.30	
26.67	2709	0.30	
26.68	2711	0.30	
26.70	2712	0.30	
26.71	2714	0.30	
26.72	2715	0.30	
26.73	2717	0.30	
26.75	2718	0.30	
26.76	2720	0.30	
26.77	2721	0.30	
26.78	2723	0.30	
26.80	2724	0.30	
26.81	2726	0.30	
26.82	2727	0.30	
26.84	2729	0.30	
26.85	2730	0.30	
26.86	2732	0.30	
26.87	2733	0.30	
26.89	2735	0.30	
26.90	2736	0.30	
26.91	2738	0.30	
26.92	2739	0.30	
26.94	2741	0.30	
26.95	2742	0.30	
26.96	2744	0.30	
26.97	2745	0.30	
26.99	2747	0.30	
27.00	2748	0.30	
27.01	2750	0.30	
27.03	2751	0.30	
27.04	2753	0.30	
27.05	2754	0.30	
27.06	2756	0.30	
27.08	2757	0.30	
27.09	2759	0.30	
27.10	2760	0.30	
27.11	2762	0.30	
27.13	2763	0.30	
27.14	2765	0.30	
27.15	2766	0.30	
27.16	2768	0.30	
27.18	2769	0.30	
27.19	2771	0.30	
27.20	2772	0.30	
27.22	2774	0.30	
27.23	2775	0.30	
27.24	2777	0.30	
27.25	2778	0.30	
27.27	2780	0.30	
27.28	2781	0.30	
27.29	2783	0.30	
27.30	2784	0.30	
27.32	2786	0.30	
27.33	2787	0.30	
27.34	2789	0.30	
27.35	2790	0.30	
27.37	2792	0.30	
27.38	2793	0.30	
27.39	2795	0.30	
27.41	2796	0.30	
27.42	2798	0.30	
27.43	2799	0.30	
27.44	2801	0.30	
27.46	2802	0.30	
27.47	2804	0.30	
27.48	2805	0.30	
27.49	2807	0.30	
27.51	2808	0.30	
27.52	2810	0.30	
27.53	2811	0.30	
27.54	2813	0.30	
27.56	2814	0.30	
27.57	2816	0.30	
27.58	2817	0.30	
27.59	2819	0.30	
27.61	2820	0.30	
27.62	2822	0.30	
27.63	2823	0.30	
27.64	2825	0.30	
27.66	2826	0.30	
27.67	2828	0.30	
27.68	2829	0.30	
27.70	2831	0.30	
27.71	2832	0.30	
27.72	2834	0.30	
27.73	2835	0.30	
27.75	2837	0.30	
27.76	2838	0.30	
27.77	2840	0.30	
27.78	2841	0.30	
27.80	2843	0.30	
27.81	2844	0.30	
27.82	2846	0.30	
27.83	2847	0.30	
27.85	2849	0.30	
27.86	2850	0.30	
27.87	2852	0.30	
27.89	2853	0.30	
27.90	2855	0.30	
27.91	2856	0.30	
27.92	2858	0.30	
27.94	2859	0.30	
27.95	2861	0.30	
27.96	2862	0.30	
27.97	2864	0.30	
27.99	2865	0.30	
28.00	2867	0.30	
28.01	2868	0.30	
28.02	2870	0.30	
28.04	2871	0.30	
28.05	2873	0.30	
28.06	2874	0.30	
28.08	2876	0.30	
28.09	2877	0.30	
28.10	2879	0.30	
28.11	2880	0.30	
28.13	2882	0.30	
28.14	2883	0.30	
28.15	2885	0.30	
28.16	2886	0.30	
28.18	2888	0.30	
28.19	2889	0.30	
28.20	2891	0.29	
28.21	2892	0.29	
28.23	2894	0.29	
28.24	2895	0.29	
28.25	2897	0.29	
28.26	2898	0.30	
28.28	2900	0.30	
28.29	2901	0.29	
28.30	2903	0.29	
28.32	2904	0.30	
28.33	2906	0.30	
28.34	2907	0.30	
28.35	2909	0.30	
28.37	2910	0.30	
28.38	2912	0.29	
28.39	2913	0.29	
28.40	2915	0.29	
28.42	2916	0.29	
28.43	2918	0.30	
28.44	2919	0.29	
28.45	2921	0.29	
28.47	2922	0.29	
28.48	2924	0.30	
28.49	2925	0.30	
28.51	2927	0.29	
28.52	2928	0.29	
28.53	2930	0.29	
28.54	2931	0.29	
28.56	2933	0.29	
28.57	2934	0.29	
28.58	2936	0.29	
28.59	2937	0.29	
28.61	2939	0.29	
28.62	2940	0.29	
28.63	2942	0.29	
28.64	2943	0.29	
28.66	2945	0.29	
28.67	2946	0.29	
28.68	2948	0.29	
28.70	2949	0.29	
28.71	2951	0.29	
28.72	2952	0.29	
28.73	2954	0.29	
28.75	2955	0.29	
28.76	2957	0.29	
28.77	2958	0.29	
28.78	2960	0.29	
28.80	2961	0.29	
28.81	2963	0.29	
28.82	2964	0.29	
28.83	2966	0.29	
28.85	2967	0.29	
28.86	2969	0.29	
28.87	2970	0.29	
28.89	2972	0.29	
28.90	2973	0.29	
28.91	2975	0.29	
28.92	2976	0.29	
28.94	2978	0.29	
28.95	2979	0.29	
28.96	2981	0.29	
28.97	2982	0.29	
28.99	2984	0.29	
29.00	2985	0.29	
29.01	2987	0.29	
29.02	2988	0.29	
29.04	2990	0.29	
29.05	2991	0.29	
29.06	2993	0.29	
29.08	2994	0.29	
29.09	2996	0.29	
29.10	2997	0.29	
29.11	2999	0.29	
29.13	3000	0.29	
29.14	3002	0.29	
29.15	3003	0.29	
29.16	3005	0.29	
29.18	3006	0.29	
29.19	3008	0.29	
29.20	3009	0.29	
29.21	3011	0.29	
29.23	3012	0.29	
29.24	3014	0.29	
29.25	3015	0.29	
29.27	3017	0.29	
29.28	3018	0.29	
29.29	3020	0.29	
29.30	3021	0.29	
29.32	3023	0.29	
29.33	3024	0.29	
29.34	3026	0.29	
29.35	3027	0.29	
29.37	3029	0.29	
29.38	3030	0.29	
29.39	3032	0.29	
29.40	3033	0.29	
29.42	3035	0.29	
29.43	3036	0.29	
29.44	3038	0.29	
29.46	3039	0.29	
29.47	3041	0.29	
29.48	3042	0.29	
29.49	3044	0.29	
29.50	3045	0.29	
29.52	3047	0.29	
29.53	3048	0.29	
29.54	3050	0.29	
29.56	3051	0.29	
29.57	3053	0.29	
29.58	3054	0.29	
29.59	3056	0.29	
29.61	3057	0.29	
29.62	3059	0.29	
29.63	3060	0.29	
29.64	3062	0.29	
29.66	3063	0.29	
29.67	3065	0.29	
29.68	3066	0.29	
29.69	3068	0.29	
29.71	3069	0.29	
29.72	3071	0.29	
29.73	3072	0.29	
29.75	3074	0.29	
29.76	3075	0.29	
29.77	3077	0.29	
29.78	3078	0.29	
29.80	3080	0.29	
29.81	3081	0.29	
29.82	3083	0.29	
29.83	3084	0.29	
29.85	3086	0.29	
29.86	3087	0.29	
29.87	3089	0.29	
29.88	3090	0.29	
29.90	3092	0.29	
29.91	3093	0.29	
29.92	3095	0.29	
29.94	3096	0.29	
29.95	3098	0.29	
29.96	3099	0.29	
29.97	3101	0.29	
29.99	3102	0.29	
30.00	3104	0.29	
30.01	3105	0.29	
30.02	3107	0.29	
30.04	3108	0.29	
30.05	3110	0.29	
30.06	3111	0.29	
30.07	3113	0.29	
30.09	3114	0.29	
30.10	3116	0.29	
30.11	3117	0.29	
30.13	3119	0.29	
30.14	3120	0.29	
30.15	3122	0.29	
30.16	3123	0.29	
30.18	3125	0.29	
30.19	3126	0.29	
30.20	3128	0.29	
30.21	3129	0.29	
30.23	3131	0.29	
30.24	3132	0.29	
30.25	3134	0.29	
30.26	3135	0.29	
30.28	3137	0.29	
30.29	3138	0.29	
30.30	3140	0.29	
30.31	3141	0.29	
30.33	3143	0.29	
30.34	3144	0.29	
30.35	3146	0.29	
30.37	3147	0.29	
30.38	3149	0.29	
30.39	3150	0.29	
30.40	3152	0.29	
30.42	3153	0.29	
30.43	3155	0.29	
30.44	3156	0.29	
30.45	3158	0.29	
30.47	3159	0.29	
30.48	3161	0.29	
30.49	3162	0.29	
30.50	3164	0.29	
30.52	3165	0.29	
30.53	3167	0.29	
30.54	3168	0.29	
30.56	3170	0.29	
30.57	3171	0.29	
30.58	3173	0.29	
30.59	3174	0.29	
30.61	3176	0.29	
30.62	3177	0.29	
30.63	3179	0.29	
30.64	3180	0.29	
30.66	3182	0.29	
30.67	3183	0.29	
30.68	3185	0.29	
30.69	3186	0.29	
30.71	3188	0.29	
30.72	3189	0.29	
30.73	3191	0.29	
30.75	3192	0.29	
30.76	3194	0.29	
30.77	3195	0.29	
30.78	3197	0.29	
30.80	3198	0.29	
30.81	3200	0.29	
30.82	3201	0.29	
30.83	3203	0.29	
30.85	3204	0.29	
30.86	3206	0.29	
30.87	3207	0.29	
30.88	3209	0.29	
30.90	3210	0.29	
30.91	3212	0.29	
30.92	3213	0.29	
30.94	3215	0.29	
30.95	3216	0.29	
30.96	3218	0.29	
30.97	3219	0.29	
30.99	3221	0.29	
31.00	3222	0.29	
31.01	3224	0.29	
31.02	3225	0.29	
31.04	3227	0.29	
31.05	3228	0.29	
31.06	3230	0.29	
31.07	3231	0.29	
31.09	3233	0.29	
31.10	3234	0.28	
31.11	3236	0.29	
31.12	3237	0.29	
31.14	3239	0.28	
31.15	3240	0.29	
31.16	3242	0.29	
31.18	3243	0.29	
31.19	3245	0.29	
31.20	3246	0.29	
31.21	3248	0.28	
31.23	3249	0.28	
31.24	3251	0.28	
31.25	3252	0.28	
31.26	3254	0.28	
31.28	3255	0.28	
31.29	3257	0.28	
31.30	3258	0.28	
31.31	3260	0.28	
31.33	3261	0.28	
31.34	3263	0.28	
31.35	3264	0.28	
31.37	3266	0.28	
31.38	3267	0.28	
31.39	3269	0.28	
31.40	3270	0.28	
31.42	3272	0.28	
31.43	3273	0.28	
31.44	3275	0.28	
31.45	3276	0.28	
31.47	3278	0.28	
31.48	3279	0.28	
31.49	3281	0.28	
31.51	3282	0.28	
31.52	3284	0.28	
31.53	3285	0.28	
31.54	3287	0.28	
31.56	3288	0.28	
31.57	3290	0.28	
31.58	3291	0.28	
31.59	3293	0.28	
31.61	3294	0.28	
31.62	3296	0.28	
31.63	3297	0.28	
31.64	3299	0.28	
31.66	3300	0.28	
31.67	3302	0.28	
31.68	3303	0.28	
31.69	3305	0.28	
31.71	3306	0.28	
31.72	3308	0.28	
31.73	3309	0.28	
31.75	3311	0.28	
31.76	3312	0.28	
31.77	3314	0.28	
31.78	3315	0.28	
31.80	3317	0.28	
31.81	3318	0.28	
31.82	3320	0.28	
31.83	3321	0.28	
31.85	3323	0.28	
31.86	3324	0.28	
31.87	3326	0.28	
31.88	3327	0.28	
31.90	3329	0.28	
31.91	3330	0.28	
31.92	3332	0.28	
31.93	3333	0.28	
31.95	3335	0.28	
31.96	3336	0.28	
31.97	3338	0.28	
31.98	3339	0.28	
32.00	3341	0.28	
32.01	3342	0.28	
32.02	3344	0.28	
32.04	3345	0.28	
32.05	3347	0.28	
32.06	3348	0.28	
32.07	3350	0.28	
32.09	3351	0.28	
32.10	3353	0.28	
32.11	3354	0.28	
32.12	3356	0.28	
32.14	3357	0.28	
32.15	3359	0.28	
32.16	3360	0.28	
32.17	3362	0.28	
32.19	3363	0.28	
32.20	3365	0.28	
32.21	3366	0.28	
32.23	3368	0.28	
32.24	3369	0.28	
32.25	3371	0.28	
32.26	3372	0.28	
32.28	3374	0.28	
32.29	3375	0.28	
32.30	3377	0.28	
32.31	3378	0.28	
32.33	3380	0.28	
32.34	3381	0.28	
32.35	3383	0.28	
32.36	3384	0.28	
32.38	3386	0.28	
32.39	3387	0.28	
32.40	3389	0.28	
32.42	3390	0.28	
32.43	3392	0.28	
32.44	3393	0.28	
32.45	3395	0.28	
32.47	3396	0.28	
32.48	3398	0.28	
32.49	3399	0.28	
32.50	3401	0.28	
32.52	3402	0.28	
32.53	3404	0.28	
32.54	3405	0.28	
32.55	3407	0.28	
32.57	3408	0.28	
32.58	3410	0.28	
32.59	3411	0.28	
32.61	3413	0.28	
32.62	3414	0.28	
32.63	3416	0.28	
32.64	3417	0.28	
32.66	3419	0.28	
32.67	3420	0.28	
32.68	3422	0.28	
32.69	3423	0.28	
32.71	3425	0.28	
32.72	3426	0.28	
32.73	3428	0.28	
32.74	3429	0.28	
32.76	3431	0.28	
32.77	3432	0.28	
32.78	3434	0.28	
32.80	3435	0.28	
32.81	3437	0.28	
32.82	3438	0.28	
32.83	3440	0.28	
32.85	3441	0.28	
32.86	3443	0.28	
32.87	3444	0.28	
32.88	3446	0.28	
32.90	3447	0.28	
32.91	3449	0.28	
32.92	3450	0.28	
32.93	3452	0.28	
32.95	3453	0.28	
32.96	3455	0.28	
32.97	3456	0.28	
32.99	3458	0.28	
33.00	3459	0.28	
33.01	3461	0.28	
33.02	3462	0.28	
33.04	3464	0.28	
33.05	3465	0.28	
33.06	3467	0.28	
33.07	3468	0.28	
33.09	3470	0.28	
33.10	3471	0.28	
33.11	3473	0.28	
33.12	3474	0.28	
33.14	3476	0.28	
33.15	3477	0.28	
33.16	3479	0.28	
33.18	3480	0.28	
33.19	3482	0.28	
33.20	3483	0.28	
33.21	3485	0.28	
33.23	3486	0.28	
33.24	3488	0.28	
33.25	3489	0.28	
33.26	3491	0.28	
33.28	3492	0.28	
33.29	3494	0.28	
33.30	3495	0.28	
33.31	3497	0.28	
33.33	3498	0.28	
33.34	3500	0.28	
33.35	3501	0.28	
33.36	3503	0.28	
33.38	3504	0.28	
33.39	3506	0.28	
33.40	3507	0.28	
33.42	3509	0.28	
33.43	3510	0.28	
33.44	3512	0.28	
33.45	3513	0.28	
33.47	3515	0.28	
33.48	3516	0.28	
33.49	3518	0.28	
33.50	3519	0.28	
33.52	3521	0.28	
33.53	3522	0.28	
33.54	3524	0.28	
33.55	3525	0.28	
33.57	3527	0.28	
33.58	3528	0.28	
33.59	3530	0.28	
33.60	3531	0.28	
33.62	3533	0.28	
33.63	3534	0.28	
33.64	3536	0.28	
33.65	3537	0.28	
33.67	3539	0.28	
33.68	3540	0.28	
33.69	3542	0.28	
33.71	3543	0.28	
33.72	3545	0.28	
33.73	3546	0.28	
33.74	3548	0.28	
33.76	3549	0.28	
33.77	3551	0.28	
33.78	3552	0.28	
33.79	3554	0.28	
33.81	3555	0.28	
33.82	3557	0.28	
33.83	3558	0.28	
33.84	3560	0.28	
33.86	3561	0.28	
33.87	3563	0.28	
33.88	3564	0.28	
33.90	3566	0.28	
33.91	3567	0.28	
33.92	3569	0.28	
33.93	3570	0.28	
33.95	3572	0.28	
33.96	3573	0.28	
33.97	3575	0.28	
33.98	3576	0.28	
34.00	3578	0.28	
34.01	3579	0.28	
34.02	3581	0.28	
34.03	3582	0.28	
34.05	3584	0.28	
34.06	3585	0.28	
34.07	3587	0.28	
34.09	3588	0.28	
34.10	3590	0.28	
34.11	3591	0.28	
34.12	3593	0.28	
34.14	3594	0.28	
34.15	3596	0.28	
34.16	3597	0.28	
34.17	3599	0.28	
34.19	3600	0.28	
34.20	3602	0.28	
34.21	3603	0.28	
34.22	3605	0.28	
34.24	3606	0.28	
34.25	3608	0.28	
34.26	3609	0.28	
34.28	3611	0.28	
34.29	3612	0.28	
34.30	3614	0.28	
34.31	3615	0.27	
34.33	3617	0.27	
34.34	3618	0.27	
34.35	3620	0.27	
34.36	3621	0.28	
34.38	3623	0.27	
34.39	3624	0.27	
34.40	3626	0.27	
34.41	3627	0.28	
34.43	3629	0.28	
34.44	3630	0.28	
34.45	3632	0.28	
34.47	3633	0.28	
34.48	3635	0.28	
34.49	3636	0.28	
34.50	3638	0.27	
34.52	3639	0.27	
34.53	3641	0.27	
34.54	3642	0.27	
34.55	3644	0.27	
34.57	3645	0.27	
34.58	3647	0.27	
34.59	3648	0.27	
34.60	3650	0.27	
34.62	3651	0.27	
34.63	3653	0.28	
34.64	3654	0.27	
34.66	3656	0.27	
34.67	3657	0.27	
34.68	3659	0.27	
34.69	3660	0.27	
34.71	3662	0.27	
34.72	3663	0.27	
34.73	3665	0.27	
34.74	3666	0.27	
34.76	3668	0.27	
34.77	3669	0.27	
34.78	3671	0.27	
34.79	3672	0.27	
34.81	3674	0.27	
34.82	3675	0.27	
34.83	3677	0.27	
34.85	3678	0.27	
34.86	3680	0.27	
34.87	3681	0.27	
34.88	3683	0.27	
34.90	3684	0.27	
34.91	3686	0.27	
34.92	3687	0.27	
34.93	3689	0.27	
34.95	3690	0.27	
34.96	3692	0.27	
34.97	3693	0.27	
34.98	3695	0.27	
35.00	3696	0.27	
35.01	3698	0.27	
35.02	3699	0.27	
35.04	3701	0.27	
35.05	3702	0.27	
35.06	3704	0.27	
35.07	3705	0.27	
35.09	3707	0.27	
35.10	3708	0.27	
35.11	3710	0.27	
35.12	3711	0.27	
35.14	3713	0.27	
35.15	3714	0.27	
35.16	3716	0.27	
35.17	3717	0.27	
35.19	3719	0.27	
35.20	3720	0.27	
35.21	3722	0.27	
35.22	3723	0.27	
35.24	3725	0.27	
35.25	3726	0.27	
35.26	3728	0.27	
35.27	3729	0.27	
35.29	3731	0.27	
35.30	3732	0.27	
35.31	3734	0.27	
35.33	3735	0.27	
35.34	3737	0.27	
35.35	3738	0.27	
35.36	3740	0.27	
35.38	3741	0.27	
35.39	3743	0.27	
35.40	3744	0.27	
35.42	3746	0.27	
35.43	3747	0.27	
35.44	3749	0.27	
35.45	3750	0.27	
35.46	3752	0.27	
35.48	3753	0.27	
35.49	3755	0.27	
35.50	3756	0.27	
35.51	3758	0.27	
35.53	3759	0.27	
35.54	3761	0.27	
35.55	3762	0.27	
35.57	3764	0.27	
35.58	3765	0.27	
35.59	3767	0.27	
35.60	3768	0.27	
35.62	3770	0.27	
35.63	3771	0.27	
35.64	3773	0.27	
35.65	3774	0.27	
35.67	3776	0.27	
35.68	3777	0.27	
35.69	3779	0.27	
35.70	3780	0.27	
35.72	3782	0.27	
35.73	3783	0.27	
35.74	3785	0.27	
35.76	3786	0.27	
35.77	3788	0.27	
35.78	3789	0.27	
35.79	3791	0.27	
35.81	3792	0.27	
35.82	3794	0.27	
35.83	3795	0.27	
35.84	3797	0.27	
35.86	3798	0.27	
35.87	3800	0.27	
35.88	3801	0.27	
35.89	3803	0.27	
35.91	3804	0.27	
35.92	3806	0.27	
35.93	3807	0.27	
35.95	3809	0.27	
35.96	3810	0.27	
35.97	3812	0.27	
35.98	3813	0.27	
36.00	3815	0.27	
36.01	3816	0.27	
36.02	3818	0.27	
36.03	3819	0.27	
36.05	3821	0.27	
36.06	3822	0.27	
36.07	3824	0.27	
36.08	3825	0.27	
36.10	3827	0.27	
36.11	3828	0.27	
36.12	3830	0.27	
36.14	3831	0.27	
36.15	3833	0.27	
36.16	3834	0.27	
36.17	3836	0.27	
36.19	3837	0.27	
36.20	3839	0.27	
36.21	3840	0.27	
36.22	3842	0.27	
36.24	3843	0.27	
36.25	3845	0.27	
36.26	3846	0.27	
36.27	3848	0.27	
36.29	3849	0.27	
36.30	3851	0.27	
36.31	3852	0.27	
36.33	3854	0.27	
36.34	3855	0.27	
36.35	3857	0.27	
36.36	3858	0.27	
36.38	3860	0.27	
36.39	3861	0.27	
36.40	3863	0.27	
36.41	3864	0.27	
36.43	3866	0.27	
36.44	3867	0.27	
36.45	3869	0.27	
36.46	3870	0.27	
36.48	3872	0.27	
36.49	3873	0.27	
36.50	3875	0.27	
36.52	3876	0.27	
36.53	3878	0.27	
36.54	3879	0.27	
36.55	3881	0.27	
36.57	3882	0.27	
36.58	3884	0.27	
36.59	3885	0.27	
36.60	3887	0.27	
36.62	3888	0.27	
36.63	3890	0.27	
36.64	3891	0.27	
36.65	3893	0.27	
36.67	3894	0.27	
36.68	3896	0.27	
36.69	3897	0.27	
36.71	3899	0.27	
36.72	3900	0.27	
36.73	3902	0.27	
36.74	3903	0.27	
36.75	3905	0.27	
36.77	3906	0.27	
36.78	3908	0.27	
36.79	3909	0.27	
36.81	3911	0.27	
36.82	3912	0.27	
36.83	3914	0.27	
36.84	3915	0.27	
36.86	3917	0.27	
36.87	3918	0.27	
36.88	3920	0.27	
36.89	3921	0.27	
36.91	3923	0.27	
36.92	3924	0.27	
36.93	3926	0.27	
36.95	3927	0.27	
36.96	3929	0.27	
36.97	3930	0.27	
36.98	3932	0.27	
37.00	3933	0.27	
37.01	3935	0.27	
37.02	3936	0.27	
37.03	3938	0.27	
37.05	3939	0.27	
37.06	3941	0.27	
37.07	3942	0.27	
37.08	3944	0.27	
37.10	3945	0.27	
37.11	3947	0.27	
37.12	3948	0.27	
37.13	3950	0.27	
37.15	3951	0.27	
37.16	3953	0.27	
37.17	3954	0.27	
37.19	3956	0.27	
37.20	3957	0.27	
37.21	3959	0.27	
37.22	3960	0.27	
37.24	3962	0.27	
37.25	3963	0.27	
37.26	3965	0.27	
37.27	3966	0.27	
37.29	3968	0.27	
37.30	3969	0.27	
37.31	3971	0.27	
37.32	3972	0.27	
37.34	3974	0.27	
37.35	3975	0.27	
37.36	3977	0.27	
37.38	3978	0.27	
37.39	3980	0.27	
37.40	3981	0.27	
37.41	3983	0.27	
37.43	3984	0.27	
37.44	3986	0.27	
37.45	3987	0.27	
37.46	3989	0.27	
37.48	3990	0.27	
37.49	3992	0.27	
37.50	3993	0.27	
37.51	3995	0.27	
37.53	3996	0.27	
37.54	3998	0.27	
37.55	3999	0.27	
37.57	4001	0.27	
37.58	4002	0.27	
37.59	4004	0.27	
37.60	4005	0.27	
37.62	4007	0.27	
37.63	4008	0.27	
37.64	4010	0.27	
37.65	4011	0.27	
37.67	4013	0.26	
37.68	4014	0.26	
37.69	4016	0.26	
37.70	4017	0.26	
37.72	4019	0.26	
37.73	4020	0.26	
37.74	4022	0.27	
37.76	4023	0.27	
37.77	4025	0.27	
37.78	4026	0.27	
37.79	4028	0.27	
37.81	4029	0.27	
37.82	4031	0.27	
37.83	4032	0.27	
37.84	4034	0.26	
37.86	4035	0.26	
37.87	4037	0.26	
37.88	4038	0.26	
37.89	4040	0.26	
37.91	4041	0.26	
37.92	4043	0.26	
37.93	4044	0.26	
37.95	4046	0.26	
37.96	4047	0.26	
37.97	4049	0.27	
37.98	4050	0.27	
38.00	4052	0.27	
38.01	4053	0.26	
38.02	4055	0.27	
38.03	4056	0.26	
38.05	4058	0.26	
38.06	4059	0.26	
38.07	4061	0.26	
38.08	4062	0.26	
38.10	4064	0.26	
38.11	4065	0.26	
38.12	4067	0.26	
38.13	4068	0.26	
38.15	4070	0.26	
38.16	4071	0.26	
38.17	4073	0.26	
38.19	4074	0.26	
38.20	4076	0.26	
38.21	4077	0.26	
38.22	4079	0.26	
38.24	4080	0.27	
38.25	4082	0.26	
38.26	4083	0.26	
38.27	4085	0.26	
38.29	4086	0.26	
38.30	4088	0.26	
38.31	4089	0.26	
38.32	4091	0.26	
38.34	4092	0.26	
38.35	4094	0.26	
38.36	4095	0.26	
38.37	4097	0.26	
38.39	4098	0.26	
38.40	4100	0.26	
38.41	4101	0.26	
38.42	4103	0.26	
38.44	4104	0.26	
38.45	4106	0.27	
38.46	4107	0.27	
38.48	4109	0.27	
38.49	4110	0.27	
38.50	4112	0.27	
38.51	4113	0.27	
38.53	4115	0.27	
38.54	4116	0.27	
38.55	4118	0.27	
38.57	4119	0.27	
38.58	4121	0.27	
38.59	4122	0.27	
38.60	4124	0.27	
38.61	4125	0.27	
38.63	4127	0.27	
38.64	4128	0.27	
38.65	4130	0.27	
38.67	4131	0.27	
38.68	4133	0.27	
38.69	4134	0.27	
38.70	4136	0.27	
38.72	4137	0.27	
38.73	4139	0.27	
38.74	4140	0.27	
38.75	4142	0.27	
38.77	4143	0.27	
38.78	4145	0.26	
38.79	4146	0.26	
38.80	4148	0.26	
38.82	4149	0.26	
38.83	4151	0.26	
38.84	4152	0.26	
38.86	4154	0.26	
38.87	4155	0.26	
38.88	4157	0.26	
38.89	4158	0.26	
38.91	4160	0.26	
38.92	4161	0.26	
38.93	4163	0.26	
38.94	4164	0.26	
38.96	4166	0.26	
38.97	4167	0.26	
38.98	4169	0.26	
38.99	4170	0.26	
39.01	4172	0.26	
39.02	4173	0.26	
39.03	4175	0.26	
39.05	4176	0.26	
39.06	4178	0.26	
39.07	4179	0.26	
39.08	4181	0.26	
39.10	4182	0.26	
39.11	4184	0.26	
39.12	4185	0.26	
39.14	4187	0.26	
39.15	4188	0.26	
39.16	4190	0.26	
39.17	4191	0.26	
39.18	4193	0.26	
39.20	4194	0.26	
39.21	4196	0.26	
39.22	4197	0.26	
39.23	4199	0.26	
39.25	4200	0.26	
39.26	4202	0.26	
39.27	4203	0.26	
39.29	4205	0.26	
39.30	4206	0.26	
39.31	4208	0.26	
39.32	4209	0.26	
39.34	4211	0.26	
39.35	4212	0.26	
39.36	4214	0.26	
39.37	4215	0.26	
39.39	4217	0.26	
39.40	4218	0.26	
39.41	4220	0.26	
39.42	4221	0.26	
39.44	4223	0.26	
39.45	4224	0.26	
39.46	4226	0.26	
39.48	4227	0.26	
39.49	4229	0.26	
39.50	4230	0.26	
39.51	4232	0.26	
39.53	4233	0.26	
39.54	4235	0.26	
39.55	4236	0.26	
39.56	4238	0.26	
39.58	4239	0.26	
39.59	4241	0.26	
39.60	4242	0.26	
39.61	4244	0.26	
39.63	4245	0.26	
39.64	4247	0.26	
39.65	4248	0.26	
39.67	4250	0.26	
39.68	4251	0.26	
39.69	4253	0.26	
39.70	4254	0.26	
39.72	4256	0.26	
39.73	4257	0.26	
39.74	4259	0.26	
39.76	4260	0.26	
39.77	4262	0.26	
39.78	4263	0.26	
39.80	4265	0.26	
39.81	4266	0.26	
39.83	4268	0.26	
39.84	4269	0.26	
39.85	4271	0.26	
39.87	4272	0.26	
39.88	4274	0.26	
39.89	4275	0.26	
39.90	4277	0.26	
39.92	4278	0.26	
39.93	4280	0.26	
39.94	4281	0.26	
39.95	4283	0.26	
39.97	4284	0.26	
39.98	4286	0.26	
39.99	4287	0.26	
40.01	4289	0.26	
40.02	4290	0.26	
40.03	4292	0.26	
40.04	4293	0.26	
40.06	4295	0.26	
40.07	4296	0.26	
40.08	4298	0.26	
40.09	4299	0.26	
40.11	4301	0.26	
40.12	4302	0.26	
40.13	4304	0.26	
40.14	4305	0.26	
40.15	4307	0.26	
40.17	4308	0.26	
40.18	4310	0.26	
40.19	4311	0.26	
40.21	4313	0.26	
40.22	4314	0.26	
40.23	4316	0.26	
40.24	4317	0.26	
40.26	4319	0.26	
40.27	4320	0.26	
40.28	4322	0.26	
40.29	4323	0.26	
40.31	4325	0.26	
40.32	4326	0.26	
40.33	4328	0.26	
40.34	4329	0.26	
40.36	4331	0.26	
40.37	4332	0.26	
40.38	4334	0.26	
40.40	4335	0.26	
40.41	4337	0.26	
40.42	4338	0.26	
40.43	4340	0.26	
40.45	4341	0.26	
40.46	4343	0.26	
40.47	4344	0.26	
40.48	4346	0.26	
40.49	4347	0.26	
40.51	4349	0.26	
40.52	4350	0.26	
40.53	4352	0.26	
40.55	4353	0.26	
40.56	4355	0.26	
40.57	4356	0.26	
40.58	4358	0.26	
40.60	4359	0.26	
40.61	4361	0.26	
40.62	4362	0.26	
40.63	4364	0.26	
40.65	4365	0.26	
40.66	4367	0.26	
40.67	4368	0.26	
40.68	4370	0.26	
40.70	4371	0.26	
40.71	4373	0.26	
40.72	4374	0.26	
40.73	4376	0.26	
40.75	4377	0.26	
40.76	4379	0.26	
40.77	4380	0.26	
40.78	4382	0.26	
40.80	4383	0.26	
40.81	4385	0.26	
40.82	4386	0.26	
40.83	4388	0.26	
40.85	4389	0.26	
40.86	4391	0.26	
40.87	4392	0.26	
40.88	4394	0.26	
40.90	4395	0.26	
40.91	4397	0.26	
40.92	4398	0.26	
40.94	4400	0.26	
40.95	4401	0.26	
40.96	4403	0.26	
40.97	4404	0.26	
40.99	4406	0.26	
41.00	4407	0.26	
41.01	4409	0.26	
41.02	4410	0.26	
41.04	4412	0.26	
41.05	4413	0.26	
41.06	4415	0.26	
41.07	4416	0.26	
41.09	4418	0.26	
41.10	4419	0.26	
41.11	4421	0.26	
41.12	4422	0.26	
41.14	4424	0.26	
41.15	4425	0.26	
41.16	4427	0.26	
41.17	4428	0.26	
41.19	4430	0.26	
41.20	4431	0.26	
41.21	4433	0.26	
41.23	4434	0.26	
41.24	4436	0.26	
41.25	4437	0.26	
41.26	4439	0.26	
41.28	4440	0.26	
41.29	4442	0.26	
41.30	4443	0.26	
41.31	4445	0.26	
41.33	4446	0.26	
41.34	4448	0.25	
41.35	4449	0.25	
41.36	4451	0.25	
41.38	4452	0.25	
41.39	4454	0.25	
41.40	4455	0.25	
41.41	4457	0.25	
41.43	4458	0.25	
41.44	4460	0.25	
41.45	4461	0.25	
41.46	4463	0.25	
41.48	4464	0.25	
41.49	4466	0.25	
41.50	4467	0.25	
41.52	4469	0.25	
41.53	4470	0.25	
41.54	4472	0.25	
41.55	4473	0.25	
41.57	4475	0.25	
41.58	4476	0.25	
41.59	4478	0.25	
41.60	4479	0.25	
41.62	4481	0.25	
41.63	4482	0.25	
41.64	4484	0.25	
41.65	4485	0.25	
41.67	4487	0.25	
41.68	4488	0.25	
41.69	4490	0.25	
41.71	4491	0.25	
41.72	4493	0.25	
41.73	4494	0.25	
41.74	4496	0.25	
41.76	4497	0.25	
41.77	4499	0.25	
41.78	4500	0.25	
41.79	4502	0.25	
41.81	4503	0.25	
41.82	4505	0.25	
41.83	4506	0.25	
41.84	4508	0.25	
41.86	4509	0.25	
41.87	4511	0.25	
41.88	4512	0.25	
41.89	4514	0.25	
41.91	4515	0.25	
41.92	4517	0.25	
41.93	4518	0.25	
41.94	4520	0.25	
41.96	4521	0.25	
41.97	4523	0.25	
41.98	4524	0.25	
42.00	4526	0.25	
42.01	4527	0.25	
42.02	4529	0.25	
42.03	4530	0.25	
42.05	4532	0.25	
42.06	4533	0.25	
42.07	4535	0.25	
42.09	4536	0.25	
42.10	4538	0.25	
42.11	4539	0.25	
42.12	4541	0.25	
42.13	4542	0.25	
42.15	4544	0.25	
42.16	4545	0.25	
42.17	4547	0.25	
42.19	4548	0.25	
42.20	4550	0.25	
42.21	4551	0.25	
42.22	4553	0.25	
42.24	4554	0.25	
42.25	4556	0.25	
42.26	4557	0.25	
42.27	4559	0.25	
42.29	4560	0.25	
42.30	4562	0.25	
42.31	4563	0.25	
42.32	4565	0.25	
42.34	4566	0.25	
42.35	4568	0.25	
42.36	4569	0.25	
42.37	4571	0.25	
42.39	4572	0.25	
42.40	4574	0.25	
42.41	4575	0.25	
42.42	4577	0.25	
42.44	4578	0.25	
42.45	4580	0.25	
42.46	4581	0.25	
42.48	4583	0.25	
42.49	4584	0.25	
42.50	4586	0.25	
42.51	4587	0.25	
42.53	4589	0.25	
42.54	4590	0.25	
42.55	4592	0.25	
42.56	4593	0.25	
42.58	4595	0.25	
42.59	4596	0.25	
42.60	4598	0.25	
42.61	4599	0.25	
42.63	4601	0.25	
42.64	4602	0.25	
42.65	4604	0.25	
42.67	4605	0.25	
42.68	4607	0.25	
42.69	4608	0.25	
42.70	4610	0.25	
42.72	4611	0.25	
42.73	4613	0.25	
42.74	4614	0.25	
42.75	4616	0.25	
42.77	4617	0.25	
42.78	4619	0.25	
42.79	4620	0.25	
42.80	4622	0.25	
42.82	4623	0.25	
42.83	4625	0.25	
42.84	4626	0.25	
42.85	4628	0.25	
42.87	4629	0.25	
42.88	4631	0.25	
42.89	4632	0.25	
42.90	4634	0.25	
42.92	4635	0.25	
42.93	4637	0.25	
42.94	4638	0.25	
42.96	4640	0.25	
42.97	4641	0.25	
42.98	4643	0.25	
42.99	4644	0.25	
43.01	4646	0.25	
43.02	4647	0.25	
43.03	4649	0.25	
43.04	4650	0.25	
43.06	4652	0.25	
43.07	4653	0.25	
43.08	4655	0.25	
43.10	4656	0.25	
43.11	4658	0.25	
43.12	4659	0.25	
43.13	4661	0.25	
43.15	4662	0.25	
43.16	4664	0.25	
43.17	4665	0.25	
43.18	4667	0.25	
43.20	4668	0.25	
43.21	4670	0.25	
43.22	4671	0.25	
43.23	4673	0.25	
43.25	4674	0.25	
43.26	4676	0.25	
43.27	4677	0.25	
43.29	4679	0.25	
43.30	4680	0.25	
43.31	4682	0.25	
43.33	4683	0.25	
43.34	4685	0.25	
43.35	4686	0.25	
43.36	4688	0.25	
43.38	4689	0.25	
43.39	4691	0.25	
43.40	4692	0.25	
43.41	4694	0.25	
43.42	4695	0.25	
43.44	4697	0.25	
43.45	4698	0.25	
43.46	4700	0.25	
43.47	4701	0.25	
43.49	4703	0.25	
43.50	4704	0.25	
43.51	4706	0.25	
43.53	4707	0.25	
43.54	4709	0.25	
43.55	4710	0.25	
43.56	4712	0.25	
43.58	4713	0.25	
43.59	4715	0.25	
43.60	4716	0.25	
43.61	4718	0.25	
43.63	4719	0.25	
43.64	4721	0.25	
43.65	4722	0.25	
43.66	4724	0.25	
43.68	4725	0.25	
43.69	4727	0.25	
43.70	4728	0.25	
43.72	4730	0.25	
43.73	4731	0.25	
43.74	4733	0.25	
43.75	4734	0.25	
43.77	4736	0.25	
43.78	4737	0.25	
43.79	4739	0.25	
43.80	4740	0.25	
43.81	4742	0.25	
43.83	4743	0.25	
43.84	4745	0.25	
43.85	4746	0.25	
43.87	4748	0.25	
43.88	4749	0.25	
43.89	4751	0.25	
43.91	4752	0.25	
43.92	4754	0.25	
43.93	4755	0.25	
43.94	4757	0.25	
43.96	4758	0.25	
43.97	4760	0.25	
43.98	4761	0.25	
43.99	4763	0.25	
44.01	4764	0.25	
44.02	4766	0.25	
44.03	4767	0.25	
44.05	4769	0.25	
44.06	4770	0.25	
44.07	4772	0.25	
44.08	4773	0.25	
44.10	4775	0.25	
44.11	4776	0.25	
44.12	4778	0.25	
44.13	4779	0.25	
44.15	4781	0.25	
44.16	4782	0.25	
44.17	4784	0.25	
44.18	4785	0.25	
44.20	4787	0.25	
44.21	4788	0.25	
44.22	4790	0.25	
44.23	4791	0.25	
44.25	4793	0.25	
44.26	4794	0.25	
44.27	4796	0.25	
44.28	4797	0.25	
44.30	4799	0.25	
44.31	4800	0.25	
44.32	4802	0.25	
44.33	4803	0.25	
44.35	4805	0.25	
44.36	4806	0.25	
44.37	4808	0.25	
44.38	4809	0.25	
44.40	4811	0.25	
44.41	4812	0.25	
44.42	4814	0.25	
44.44	4815	0.25	
44.45	4817	0.25	
44.46	4818	0.25	
44.48	4820	0.25	
44.49	4821	0.25	
44.50	4823	0.25	
44.51	4824	0.25	
44.52	4826	0.25	
44.54	4827	0.25	
44.55	4829	0.25	
44.56	4830	0.25	
44.57	4832	0.25	
44.59	4833	0.25	
44.60	4835	0.25	
44.61	4836	0.25	
44.63	4838	0.25	
44.64	4839	0.25	
44.65	4841	0.25	
44.66	4842	0.25	
44.68	4844	0.25	
44.69	4845	0.25	
44.70	4847	0.25	
44.71	4848	0.25	
44.72	4850	0.25	
44.74	4851	0.25	
44.75	4853	0.25	
44.76	4854	0.25	
44.78	4856	0.25	
44.79	4857	0.25	
44.80	4859	0.25	
44.81	4860	0.25	
44.83	4862	0.25	
44.84	4863	0.25	
44.85	4865	0.25	
44.86	4866	0.25	
44.88	4868	0.25	
44.89	4869	0.25	
44.90	4871	0.25	
44.91	4872	0.25	
44.93	4874	0.25	
44.94	4875	0.25	
44.95	4877	0.25	
44.97	4878	0.25	
44.98	4880	0.25	
44.99	4881	0.25	
45.01	4883	0.25	
45.02	4884	0.25	
45.03	4886	0.25	
45.05	4887	0.25	
45.06	4889	0.25	
45.07	4890	0.25	
45.08	4892	0.25	
45.10	4893	0.25	
45.11	4895	0.25	
45.12	4896	0.25	
45.13	4898	0.25	
45.14	4899	0.25	
45.16	4901	0.25	
45.17	4902	0.25	
45.18	4904	0.25	
45.20	4905	0.25	
45.21	4907	0.25	
45.22	4908	0.25	
45.23	4910	0.25	
45.25	4911	0.25	
45.26	4913	0.25	
45.27	4914	0.25	
45.28	4916	0.25	
45.30	4917	0.25	
45.31	4919	0.25	
45.32	4920	0.25	
45.33	4922	0.25	
45.35	4923	0.25	
45.36	4925	0.25	
45.37	4926	0.25	
45.39	4928	0.25	
45.40	4929	0.25	
45.41	4931	0.25	
45.42	4932	0.25	
45.44	4934	0.25	
45.45	4935	0.25	
45.46	4937	0.25	
45.47	4938	0.25	
45.49	4940	0.25	
45.50	4941	0.25	
45.51	4943	0.25	
45.53	4944	0.25	
45.54	4946	0.25	
45.55	4947	0.25	
45.56	4949	0.25	
45.58	4950	0.25	
45.59	4952	0.25	
45.60	4953	0.25	
45.61	4955	0.25	
45.63	4956	0.25	
45.64	4958	0.25	
45.65	4959	0.25	
45.66	4961	0.25	
45.68	4962	0.25	
45.69	4964	0.25	
45.70	4965	0.25	
45.71	4967	0.25	
45.73	4968	0.25	
45.74	4970	0.25	
45.75	4971	0.25	
45.76	4973	0.25	
45.78	4974	0.25	
45.79	4976	0.25	
45.80	4977	0.25	
45.82	4979	0.25	
45.83	4980	0.25	
45.84	4982	0.25	
45.85	4983	0.25	
45.87	4985	0.25	
45.88	4986	0.25	
45.89	4988	0.25	
45.90	4989	0.25	
45.91	4991	0.25	
45.93	4992	0.25	
45.94	4994	0.25	
45.95	4995	0.25	
45.97	4997	0.25	
45.98	4998	0.25	
45.99	5000	0.25	
46.00	5001	0.25	
46.02	5003	0.25	
46.03	5004	0.25	
46.04	5006	0.25	
46.05	5007	0.25	
46.07	5009	0.25	
46.08	5010	0.25	
46.09	5012	0.25	
46.11	5013	0.25	
46.12	5015	0.25	
46.13	5016	0.25	
46.14	5018	0.25	
46.16	5019	0.25	
46.17	5021	0.25	
46.18	5022	0.25	
46.19	5024	0.25	
46.21	5025	0.25	
46.22	5027	0.25	
46.23	5028	0.25	
46.24	5030	0.25	
46.26	5031	0.25	
46.27	5033	0.25	
46.28	5034	0.25	
46.29	5036	0.25	
46.31	5037	0.25	
46.32	5039	0.25	
46.33	5040	0.25	
46.34	5042	0.25	
46.36	5043	0.25	
46.37	5045	0.25	
46.38	5046	0.25	
46.40	5048	0.25	
46.41	5049	0.25	
46.42	5051	0.25	
46.43	5052	0.25	
46.45	5054	0.25	
46.46	5055	0.25	
46.47	5057	0.25	
46.49	5058	0.25	
46.50	5060	0.25	
46.51	5061	0.25	
46.52	5063	0.25	
46.54	5064	0.25	
46.55	5066	0.25	
46.56	5067	0.25	
46.57	5069	0.25	
46.59	5070	0.25	
46.60	5072	0.25	
46.61	5073	0.25	
46.62	5075	0.25	
46.64	5076	0.25	
46.65	5078	0.25	
46.66	5079	0.25	
46.68	5081	0.25	
46.69	5082	0.25	
46.70	5084	0.25	
46.71	5085	0.25	
46.73	5087	0.25	
46.74	5088	0.25	
46.75	5090	0.25	
46.76	5091	0.25	
46.77	5093	0.25	
46.79	5094	0.25	
46.80	5096	0.25	
46.81	5097	0.25	
46.83	5099	0.25	
46.84	5100	0.25	
46.85	5102	0.25	
46.86	5103	0.25	
46.88	5105	0.25	
46.89	5106	0.25	
46.90	5108	0.25	
46.92	5109	0.25	
46.93	5111	0.25	
46.94	5112	0.25	
46.95	5114	0.25	
46.97	5115	0.25	
46.98	5117	0.25	
46.99	5118	0.25	
47.00	5120	0.25	
47.02	5121	0.25	
47.03	5123	0.25	
47.04	5124	0.25	
47.05	5126	0.25	
47.07	5127	0.25	
47.08	5129	0.25	
47.09	5130	0.25	
47.11	5132	0.25	
47.12	5133	0.25	
47.13	5135	0.25	
47.14	5136	0.25	
47.16	5138	0.25	
47.17	5139	0.25	
47.18	5141	0.25	
47.19	5142	0.25	
47.21	5144	0.25	
47.22	5145	0.25	
47.23	5147	0.25	
47.24	5148	0.25	
47.26	5150	0.25	
47.27	5151	0.25	
47.28	5153	0.25	
47.30	5154	0.25	
47.31	5156	0.25	
47.32	5157	0.25	
47.33	5159	0.25	
47.35	5160	0.25	
47.36	5162	0.25	
47.37	5163	0.25	
47.38	5165	0.25	
47.40	5166	0.25	
47.41	5168	0.25	
47.42	5169	0.25	
47.43	5171	0.25	
47.45	5172	0.25	
47.46	5174	0.25	
47.47	5175	0.25	
47.48	5177	0.25	
47.50	5178	0.25	
47.51	5180	0.25	
47.52	5181	0.25	
47.54	5183	0.25	
47.55	5184	0.25	
47.56	5186	0.25	
47.57	5187	0.25	
47.59	5189	0.25	
47.60	5190	0.25	
47.61	5192	0.25	
47.62	5193	0.25	
47.63	5195	0.25	
47.65	5196	0.25	
47.66	5198	0.25	
47.67	5199	0.25	
47.69	5201	0.25	
47.70	5202	0.25	
47.71	5204	0.25	
47.73	5205	0.25	
47.74	5207	0.25	
47.75	5208	0.25	
47.76	5210	0.25	
47.78	5211	0.25	
47.79	5213	0.25	
47.80	5214	0.25	
47.82	5216	0.25	
47.83	5217	0.25	
47.84	5219	0.25	
47.85	5220	0.25	
47.87	5222	0.25	
47.88	5223	0.25	
47.89	5225	0.25	
47.90	5226	0.25	
47.92	5228	0.25	
47.93	5229	0.25	
47.94	5231	0.25	
47.95	5232	0.25	
47.97	5234	0.25	
47.98	5235	0.25	
47.99	5237	0.25	
48.00	5238	0.25	
48.02	5240	0.25	
48.03	5241	0.25	
48.04	5243	0.25	
48.06	5244	0.25	
48.07	5246	0.25	
48.08	5247	0.25	
48.09	5249	0.25	
48.11	5250	0.25	
48.12	5252	0.25	
48.13	5253	0.25	
48.14	5255	0.25	
48.16	5256	0.25	
48.17	5258	0.25	
48.18	5259	0.25	
48.19	5261	0.25	
48.21	5262	0.25	
48.22	5264	0.25	
48.23	5265	0.25	
48.24	5267	0.25	
48.26	5268	0.25	
48.27	5270	0.25	
48.28	5271	0.25	
48.29	5273	0.25	
48.31	5274	0.25	
48.32	5276	0.25	
48.33	5277	0.25	
48.34	5279	0.25	
48.36	5280	0.25	
48.37	5282	0.25	
48.38	5283	0.25	
48.40	5285	0.25	
48.41	5286	0.25	
48.42	5288	0.25	
48.43	5289	0.25	
48.45	5291	0.25	
48.46	5292	0.25	
48.47	5294	0.25	
48.48	5295	0.25	
48.50	5297	0.25	
48.51	5298	0.25	
48.52	5300	0.25	
48.54	5301	0.25	
48.55	5303	0.25	
48.56	5304	0.25	
48.57	5306	0.25	
48.59	5307	0.25	
48.60	5309	0.25	
48.61	5310	0.25	
48.62	5312	0.25	
48.63	5313	0.25	
48.65	5315	0.25	
48.66	5316	0.25	
48.67	5318	0.25	
48.69	5319	0.25	
48.70	5321	0.25	
48.71	5322	0.25	
48.73	5324	0.25	
48.74	5325	0.25	
48.75	5327	0.25	
48.76	5328	0.25	
48.78	5330	0.25	
48.79	5331	0.25	
48.80	5333	0.25	
48.81	5334	0.25	
48.82	5336	0.25	
48.84	5337	0.25	
48.85	5339	0.25	
48.86	5340	0.25	
48.88	5342	0.25	
48.89	5343	0.25	
48.90	5345	0.25	
48.92	5346	0.25	
48.93	5348	0.25	
48.94	5349	0.25	
48.95	5351	0.25	
48.97	5352	0.25	
48.98	5354	0.25	
48.99	5355	0.25	
49.00	5357	0.25	
49.02	5358	0.25	
49.03	5360	0.25	
49.04	5361	0.25	
49.05	5363	0.25	
49.07	5364	0.25	
49.08	5366	0.25	
49.09	5367	0.25	
49.10	5369	0.25	
49.12	5370	0.25	
49.13	5372	0.25	
49.14	5373	0.25	
49.15	5375	0.25	
49.17	5376	0.25	
49.18	5378	0.25	
49.19	5379	0.25	
49.20	5381	0.25	
49.22	5382	0.25	
49.23	5384	0.25	
49.24	5385	0.25	
49.26	5387	0.25	
49.27	5388	0.25	
49.28	5390	0.25	
49.29	5391	0.25	
49.31	5393	0.25	
49.32	5394	0.25	
49.33	5396	0.25	
49.35	5397	0.25	
49.36	5399	0.25	
49.37	5400	0.25	
49.38	5402	0.25	
49.39	5403	0.25	
49.41	5405	0.25	
49.42	5406	0.25	
49.43	5408	0.25	
49.44	5409	0.25	
49.46	5411	0.25	
49.47	5412	0.25	
49.48	5414	0.25	
49.50	5415	0.25	
49.51	5417	0.25	
49.52	5418	0.25	
49.53	5420	0.25	
49.55	5421	0.25	
49.56	5423	0.25	
49.57	5424	0.25	
49.59	5426	0.25	
49.60	5427	0.25	
49.61	5429	0.25	
49.62	5430	0.25	
49.64	5432	0.25	
49.65	5433	0.25	
49.66	5435	0.25	
49.67	5436	0.25	
49.69	5438	0.25	
49.70	5439	0.25	
49.71	5441	0.25	
49.72	5442	0.25	
49.74	5444	0.25	
49.75	5445	0.25	
49.76	5447	0.25	
49.78	5448	0.25	
49.79	5450	0.25	
49.80	5451	0.25	
49.81	5453	0.25	
49.83	5454	0.25	
49.84	5456	0.25	
49.85	5457	0.25	
49.86	5459	0.25	
49.88	5460	0.25	
49.89	5462	0.25	
49.90	5463	0.25	
49.91	5465	0.25	
49.93	5466	0.25	
49.94	5468	0.25	
49.95	5469	0.25	
49.96	5471	0.25	
49.98	5472	0.25	
49.99	5474	0.25	
50.00	5475	0.25	
50.02	5477	0.25	
50.03	5478	0.25	
50.04	5480	0.25	
50.05	5481	0.25	
50.07	5483	0.25	
50.08	5484	0.25	
50.09	5486	0.25	
50.10	5487	0.25	
50.12	5489	0.25	
50.13	5490	0.25	
50.14	5492	0.25	
50.15	5493	0.25	
50.17	5495	0.25	
50.18	5496	0.25	
50.19	5498	0.25	
50.20	5499	0.25	
50.22	5501	0.25	
50.23	5502	0.25	
50.24	5504	0.25	
50.25	5505	0.25	
50.27	5507	0.25	
50.28	5508	0.25	
50.29	5510	0.25	
50.30	5511	0.25	
50.32	5513	0.25	
50.33	5514	0.25	
50.34	5516	0.25	
50.36	5517	0.25	
50.37	5519	0.25	
50.38	5520	0.25	
50.40	5522	0.25	
50.41	5523	0.25	
50.42	5525	0.25	
50.43	5526	0.25	
50.44	5528	0.25	
50.46	5529	0.25	
50.47	5531	0.25	
50.48	5532	0.25	
50.49	5534	0.25	
50.50	5535	0.25	
50.52	5537	0.25	
50.53	5538	0.25	
50.54	5540	0.25	
50.56	5541	0.25	
50.57	5543	0.25	
50.58	5544	0.25	
50.60	5546	0.25	
50.61	5547	0.25	
50.62	5549	0.25	
50.63	5550	0.25	
50.65	5552	0.25	
50.66	5553	0.25	
50.67	5555	0.25	
50.68	5556	0.25	
50.70	5558	0.25	
50.71	5559	0.25	
50.72	5561	0.25	
50.73	5562	0.25	
50.75	5564	0.25	
50.76	5565	0.25	
50.77	5567	0.25	
50.79	5568	0.25	
50.80	5570	0.25	
50.81	5571	0.25	
50.82	5573	0.25	
50.83	5574	0.25	
50.85	5576	0.25	
50.86	5577	0.25	
50.87	5579	0.25	
50.89	5580	0.25	
50.90	5582	0.25	
50.91	5583	0.25	
50.93	5585	0.25	
50.94	5586	0.25	
50.95	5588	0.25	
50.96	5589	0.25	
50.98	5591	0.25	
50.99	5592	0.25	
51.00	5594	0.25	
51.01	5595	0.25	
51.02	5597	0.25	
51.04	5598	0.25	
51.05	5600	0.25	
51.06	5601	0.25	
51.07	5603	0.25	
51.09	5604	0.25	
51.10	5606	0.25	
51.11	5607	0.25	
51.13	5609	0.25	
51.14	5610	0.25	
51.15	5612	0.25	
51.17	5613	0.25	
51.18	5615	0.25	
51.19	5616	0.25	
51.20	5618	0.25	
51.22	5619	0.25	
51.23	5621	0.25	
51.24	5622	0.25	
51.25	5624	0.25	
51.26	5625	0.25	
51.28	5627	0.25	
51.29	5628	0.25	
51.30	5630	0.25	
51.31	5631	0.25	
51.33	5633	0.25	
51.34	5634	0.25	
51.35	5636	0.25	
51.37	5637	0.25	
51.38	5639	0.25	
51.39	5640	0.25	
51.40	5642	0.25	
51.42	5643	0.25	
51.43	5645	0.25	
51.44	5646	0.25	
51.45	5648	0.25	
51.47	5649	0.25	
51.48	5651	0.25	
51.49	5652	0.25	
51.51	5654	0.25	
51.52	5655	0.25	
51.53	5657	0.25	
51.54	5658	0.25	
51.56	5660	0.25	
51.57	5661	0.25	
51.58	5663	0.25	
51.59	5664	0.25	
51.61	5666	0.25	
51.62	5667	0.25	
51.63	5669	0.25	
51.64	5670	0.25	
51.66	5672	0.25	
51.67	5673	0.25	
51.68	5675	0.25	
51.70	5676	0.25	
51.71	5678	0.25	
51.72	5679	0.25	
51.73	5681	0.25	
51.75	5682	0.25	
51.76	5684	0.25	
51.77	5685	0.25	
51.78	5687	0.25	
51.80	5688	0.25	
51.81	5690	0.25	
51.82	5691	0.25	
51.84	5693	0.25	
51.85	5694	0.25	
51.86	5696	0.25	
51.87	5697	0.25	
51.89	5699	0.25	
51.90	5700	0.25	
51.91	5702	0.25	
51.92	5703	0.25	
51.94	5705	0.25	
51.95	5706	0.25	
51.96	5708	0.25	
51.97	5709	0.25	
51.99	5711	0.25	
52.00	5712	0.25	
52.01	5714	0.25	
52.02	5715	0.25	
52.04	5717	0.25	
52.05	5718	0.25	
52.06	5720	0.25	
52.08	5721	0.25	
52.09	5723	0.25	
52.10	5724	0.25	
52.12	5726	0.25	
52.13	5727	0.25	
52.14	5729	0.25	
52.16	5730	0.25	
52.17	5732	0.25	
52.18	5733	0.25	
52.20	5735	0.25	
52.21	5736	0.25	
52.22	5738	0.25	
52.23	5739	0.25	
52.25	5741	0.25	
52.26	5742	0.25	
52.27	5744	0.25	
52.28	5745	0.25	
52.30	5747	0.25	
52.31	5748	0.25	
52.32	5750	0.25	
52.33	5751	0.25	
52.35	5753	0.25	
52.36	5754	0.25	
52.37	5756	0.25	
52.39	5757	0.25	
52.40	5759	0.25	
52.41	5760	0.25	
52.42	5762	0.25	
52.43	5763	0.25	
52.45	5765	0.25	
52.46	5766	0.25	
52.47	5768	0.25	
52.49	5769	0.25	
52.50	5771	0.25	
52.51	5772	0.25	
52.52	5774	0.25	
52.54	5775	0.25	
52.55	5777	0.25	
52.56	5778	0.25	
52.57	5780	0.25	
52.59	5781	0.25	
52.60	5783	0.25	
52.61	5784	0.25	
52.62	5786	0.25	
52.64	5787	0.25	
52.65	5789	0.25	
52.66	5790	0.25	
52.67	5792	0.25	
52.69	5793	0.25	
52.70	5795	0.25	
52.71	5796	0.25	
52.72	5798	0.25	
52.74	5799	0.25	
52.75	5801	0.25	
52.76	5802	0.25	
52.77	5804	0.25	
52.79	5805	0.25	
52.80	5807	0.25	
52.81	5808	0.25	
52.82	5810	0.25	
52.83	5811	0.25	
52.85	5813	0.25	
52.86	5814	0.25	
52.87	5816	0.25	
52.88	5817	0.25	
52.90	5819	0.25	
52.91	5820	0.25	
52.92	5822	0.25	
52.94	5823	0.25	
52.95	5825	0.25	
52.96	5826	0.25	
52.98	5828	0.25	
52.99	5829	0.25	
53.00	5831	0.25	
53.01	5832	0.25	
53.02	5834	0.25	
53.04	5835	0.25	
53.05	5837	0.25	
53.06	5838	0.25	
53.07	5840	0.25	
53.08	5841	0.25	
53.10	5843	0.25	
53.11	5844	0.25	
53.12	5846	0.25	
53.14	5847	0.25	
53.15	5849	0.25	
53.16	5850	0.25	
53.17	5852	0.25	
53.19	5853	0.25	
53.20	5855	0.25	
53.21	5856	0.25	
53.23	5858	0.25	
53.24	5859	0.25	
53.25	5861	0.25	
53.26	5862	0.25	
53.28	5864	0.25	
53.29	5865	0.25	
53.30	5867	0.25	
53.31	5868	0.25	
53.33	5870	0.25	
53.34	5871	0.25	
53.35	5873	0.25	
53.37	5874	0.25	
53.38	5876	0.25	
53.39	5877	0.25	
53.40	5879	0.25	
53.42	5880	0.25	
53.43	5882	0.25	
53.44	5883	0.25	
53.45	5885	0.25	
53.47	5886	0.25	
53.48	5888	0.25	
53.49	5889	0.25	
53.51	5891	0.25	
53.52	5892	0.25	
53.53	5894	0.25	
53.55	5895	0.25	
53.56	5897	0.25	
53.57	5898	0.25	
53.58	5900	0.25	
53.59	5901	0.25	
53.61	5903	0.25	
53.62	5904	0.25	
53.63	5906	0.25	
53.64	5907	0.25	
53.66	5909	0.25	
53.67	5910	0.25	
53.68	5912	0.25	
53.69	5913	0.25	
53.71	5915	0.25	
53.72	5916	0.25	
53.73	5918	0.25	
53.75	5919	0.25	
53.76	5921	0.25	
53.77	5922	0.25	
53.78	5924	0.25	
53.80	5925	0.25	
53.81	5927	0.25	
53.82	5928	0.25	
53.83	5930	0.25	
53.85	5931	0.24	
53.86	5933	0.24	
53.87	5934	0.24	
53.88	5936	0.24	
53.90	5937	0.25	
53.91	5939	0.25	
53.92	5940	0.25	
53.94	5942	0.25	
53.95	5943	0.24	
53.96	5945	0.24	
53.97	5946	0.24	
53.99	5948	0.24	
54.00	5949	0.25	
54.01	5951	0.25	
54.02	5952	0.25	
54.04	5954	0.25	
54.05	5955	0.25	
54.06	5957	0.25	
54.08	5958	0.25	
54.09	5960	0.25	
54.10	5961	0.25	
54.12	5963	0.25	
54.13	5964	0.25	
54.14	5966	0.25	
54.16	5967	0.25	
54.17	5969	0.25	
54.18	5970	0.25	
54.19	5972	0.25	
54.21	5973	0.25	
54.22	5975	0.25	
54.23	5976	0.25	
54.24	5978	0.25	
54.25	5979	0.25	
54.27	5981	0.25	
54.28	5982	0.25	
54.29	5984	0.25	
54.31	5985	0.25	
54.32	5987	0.25	
54.33	5988	0.25	
54.35	5990	0.25	
54.36	5991	0.25	
54.37	5993	0.25	
54.38	5994	0.25	
54.40	5996	0.25	
54.41	5997	0.25	
54.42	5999	0.24	
54.43	6000	0.24	
54.45	6002	0.24	
54.46	6003	0.24	
54.47	6005	0.24	
54.48	6006	0.24	
54.49	6008	0.25	
54.51	6009	0.25	
54.52	6011	0.25	
54.53	6012	0.25	
54.55	6014	0.25	
54.56	6015	0.25	
54.57	6017	0.24	
54.58	6018	0.25	
54.60	6020	0.25	
54.61	6021	0.25	
54.62	6023	0.25	
54.63	6024	0.25	
54.65	6026	0.25	
54.66	6027	0.25	
54.67	6029	0.25	
54.69	6030	0.25	
54.70	6032	0.25	
54.71	6033	0.25	
54.72	6035	0.25	
54.74	6036	0.24	
54.75	6038	0.24	
54.76	6039	0.24	
54.77	6041	0.25	
54.79	6042	0.25	
54.80	6044	0.25	
54.81	6045	0.25	
54.82	6047	0.25	
54.84	6048	0.25	
54.85	6050	0.24	
54.86	6051	0.24	
54.88	6053	0.24	
54.89	6054	0.24	
54.90	6056	0.24	
54.91	6057	0.24	
54.93	6059	0.24	
54.94	6060	0.24	
54.95	6062	0.24	
54.96	6063	0.24	
54.98	6065	0.24	
54.99	6066	0.24	
55.00	6068	0.24	
55.01	6069	0.24	
55.03	6071	0.24	
55.04	6072	0.24	
55.05	6074	0.24	
55.06	6075	0.24	
55.08	6077	0.24	
55.09	6078	0.24	
55.10	6080	0.24	
55.12	6081	0.24	
55.13	6083	0.24	
55.14	6084	0.24	
55.15	6086	0.24	
55.17	6087	0.24	
55.18	6089	0.24	
55.19	6090	0.24	
55.20	6092	0.24	
55.21	6093	0.24	
55.23	6095	0.24	
55.24	6096	0.24	
55.25	6098	0.24	
55.27	6099	0.24	
55.28	6101	0.24	
55.29	6102	0.24	
55.30	6104	0.24	
55.32	6105	0.24	
55.33	6107	0.24	
55.34	6108	0.25	
55.35	6110	0.25	
55.37	6111	0.24	
55.38	6113	0.24	
55.39	6114	0.24	
55.41	6116	0.24	
55.42	6117	0.24	
55.43	6119	0.24	
55.44	6120	0.24	
55.46	6122	0.24	
55.47	6123	0.24	
55.48	6125	0.24	
55.49	6126	0.24	
55.51	6128	0.24	
55.52	6129	0.24	
55.53	6131	0.24	
55.55	6132	0.24	
55.56	6134	0.24	
55.57	6135	0.24	
55.58	6137	0.24	
55.60	6138	0.24	
55.61	6140	0.24	
55.62	6141	0.24	
55.63	6143	0.24	
55.65	6144	0.24	
55.66	6146	0.24	
55.67	6147	0.24	
55.68	6149	0.24	
55.69	6150	0.24	
55.71	6152	0.24	
55.72	6153	0.24	
55.73	6155	0.24	
55.75	6156	0.24	
55.76	6158	0.24	
55.77	6159	0.24	
55.79	6161	0.24	
55.80	6162	0.24	
55.81	6164	0.24	
55.82	6165	0.24	
55.84	6167	0.24	
55.85	6168	0.24	
55.86	6170	0.24	
55.87	6171	0.24	
55.89	6173	0.24	
55.90	6174	0.24	
55.91	6176	0.24	
55.92	6177	0.24	
55.94	6179	0.24	
55.95	6180	0.24	
55.96	6182	0.24	
55.97	6183	0.24	
55.99	6185	0.24	
56.00	6186	0.24	
56.01	6188	0.24	
56.02	6189	0.24	
56.04	6191	0.24	
56.05	6192	0.24	
56.06	6194	0.24	
56.07	6195	0.24	
56.09	6197	0.24	
56.10	6198	0.24	
56.11	6200	0.24	
56.13	6201	0.24	
56.14	6203	0.24	
56.15	6204	0.24	
56.17	6206	0.24	
56.18	6207	0.24	
56.19	6209	0.24	
56.20	6210	0.24	
56.22	6212	0.24	
56.23	6213	0.24	
56.24	6215	0.24	
56.25	6216	0.24	
56.26	6218	0.24	
56.28	6219	0.24	
56.29	6221	0.24	
56.30	6222	0.24	
56.32	6224	0.24	
56.33	6225	0.24	
56.34	6227	0.24	
56.35	6228	0.24	
56.37	6230	0.24	
56.38	6231	0.24	
56.39	6233	0.24	
56.40	6234	0.24	
56.42	6236	0.24	
56.43	6237	0.24	
56.44	6239	0.24	
56.45	6240	0.24	
56.47	6242	0.24	
56.48	6243	0.24	
56.49	6245	0.24	
56.50	6246	0.24	
56.52	6248	0.24	
56.53	6249	0.24	
56.54	6251	0.24	
56.56	6252	0.24	
56.57	6254	0.24	
56.58	6255	0.24	
56.59	6257	0.24	
56.61	6258	0.24	
56.62	6260	0.24	
56.63	6261	0.24	
56.64	6263	0.24	
56.66	6264	0.24	
56.67	6266	0.24	
56.68	6267	0.24	
56.69	6269	0.24	
56.71	6270	0.24	
56.72	6272	0.24	
56.73	6273	0.24	
56.75	6275	0.24	
56.76	6276	0.24	
56.77	6278	0.24	
56.78	6279	0.24	
56.80	6281	0.24	
56.81	6282	0.24	
56.82	6284	0.24	
56.83	6285	0.24	
56.85	6287	0.24	
56.86	6288	0.24	
56.87	6290	0.24	
56.89	6291	0.24	
56.90	6293	0.24	
56.91	6294	0.24	
56.92	6296	0.24	
56.93	6297	0.24	
56.95	6299	0.24	
56.96	6300	0.24	
56.97	6302	0.24	
56.99	6303	0.24	
57.00	6305	0.24	
57.01	6306	0.24	
57.02	6308	0.24	
57.04	6309	0.24	
57.05	6311	0.24	
57.06	6312	0.24	
57.08	6314	0.24	
57.09	6315	0.24	
57.10	6317	0.24	
57.11	6318	0.24	
57.13	6320	0.24	
57.14	6321	0.24	
57.15	6323	0.24	
57.16	6324	0.24	
57.18	6326	0.24	
57.19	6327	0.24	
57.20	6329	0.24	
57.21	6330	0.24	
57.23	6332	0.24	
57.24	6333	0.24	
57.25	6335	0.24	
57.26	6336	0.24	
57.28	6338	0.24	
57.29	6339	0.24	
57.30	6341	0.24	
57.31	6342	0.24	
57.33	6344	0.24	
57.34	6345	0.24	
57.35	6347	0.24	
57.37	6348	0.24	
57.38	6350	0.24	
57.39	6351	0.24	
57.40	6353	0.24	
57.42	6354	0.24	
57.43	6356	0.24	
57.44	6357	0.24	
57.45	6359	0.24	
57.47	6360	0.24	
57.48	6362	0.24	
57.49	6363	0.24	
57.50	6365	0.24	
57.52	6366	0.24	
57.53	6368	0.24	
57.54	6369	0.24	
57.55	6371	0.24	
57.57	6372	0.24	
57.58	6374	0.24	
57.59	6375	0.24	
57.61	6377	0.24	
57.62	6378	0.24	
57.63	6380	0.24	
57.64	6381	0.24	
57.66	6383	0.24	
57.67	6384	0.24	
57.68	6386	0.24	
57.69	6387	0.24	
57.71	6389	0.24	
57.72	6390	0.24	
57.73	6392	0.24	
57.74	6393	0.24	
57.76	6395	0.24	
57.77	6396	0.24	
57.78	6398	0.24	
57.79	6399	0.24	
57.81	6401	0.24	
57.82	6402	0.24	
57.83	6404	0.24	
57.84	6405	0.24	
57.86	6407	0.24	
57.87	6408	0.24	
57.88	6410	0.24	
57.90	6411	0.24	
57.91	6413	0.24	
57.92	6414	0.24	
57.93	6416	0.24	
57.95	6417	0.24	
57.96	6419	0.24	
57.97	6420	0.24	
57.98	6422	0.24	
58.00	6423	0.24	
58.01	6425	0.24	
58.02	6426	0.24	
58.03	6428	0.24	
58.05	6429	0.24	
58.06	6431	0.24	
58.07	6432	0.24	
58.09	6434	0.24	
58.10	6435	0.24	
58.11	6437	0.24	
58.12	6438	0.24	
58.14	6440	0.24	
58.15	6441	0.24	
58.16	6443	0.24	
58.17	6444	0.24	
58.19	6446	0.24	
58.20	6447	0.24	
58.21	6449	0.24	
58.23	6450	0.24	
58.24	6452	0.24	
58.25	6453	0.24	
58.26	6455	0.24	
58.28	6456	0.24	
58.29	6458	0.24	
58.30	6459	0.24	
58.31	6461	0.24	
58.33	6462	0.24	
58.34	6464	0.24	
58.35	6465	0.24	
58.37	6467	0.24	
58.38	6468	0.23	
58.39	6470	0.23	
58.40	6471	0.23	
58.42	6473	0.23	
58.43	6474	0.23	
58.44	6476	0.24	
58.45	6477	0.24	
58.47	6479	0.24	
58.48	6480	0.24	
58.49	6482	0.24	
58.50	6483	0.24	
58.52	6485	0.24	
58.53	6486	0.23	
58.54	6488	0.23	
58.56	6489	0.23	
58.57	6491	0.23	
58.58	6492	0.23	
58.59	6494	0.23	
58.61	6495	0.23	
58.62	6497	0.23	
58.63	6498	0.23	
58.64	6500	0.23	
58.65	6501	0.23	
58.67	6503	0.23	
58.68	6504	0.23	
58.69	6506	0.23	
58.70	6507	0.23	
58.72	6509	0.23	
58.73	6510	0.23	
58.74	6512	0.23	
58.76	6513	0.23	
58.77	6515	0.23	
58.78	6516	0.23	
58.79	6518	0.23	
58.81	6519	0.23	
58.82	6521	0.23	
58.83	6522	0.23	
58.84	6524	0.23	
58.86	6525	0.23	
58.87	6527	0.23	
58.88	6528	0.23	
58.89	6530	0.23	
58.91	6531	0.23	
58.92	6533	0.23	
58.93	6534	0.23	
58.95	6536	0.23	
58.96	6537	0.23	
58.97	6539	0.23	
58.98	6540	0.23	
59.00	6542	0.23	
59.01	6543	0.23	
59.02	6545	0.23	
59.03	6546	0.23	
59.05	6548	0.23	
59.06	6549	0.23	
59.07	6551	0.23	
59.08	6552	0.23	
59.10	6554	0.23	
59.11	6555	0.23	
59.12	6557	0.23	
59.13	6558	0.23	
59.15	6560	0.23	
59.16	6561	0.23	
59.17	6563	0.23	
59.18	6564	0.23	
59.20	6566	0.23	
59.21	6567	0.23	
59.22	6569	0.23	
59.23	6570	0.23	
59.25	6572	0.23	
59.26	6573	0.23	
59.28	6575	0.23	
59.29	6576	0.23	
59.30	6578	0.23	
59.32	6579	0.23	
59.33	6581	0.23	
59.34	6582	0.23	
59.35	6584	0.23	
59.37	6585	0.23	
59.38	6587	0.23	
59.39	6588	0.23	
59.40	6590	0.23	
59.41	6591	0.23	
59.43	6593	0.23	
59.44	6594	0.23	
59.45	6596	0.23	
59.47	6597	0.23	
59.48	6599	0.23	
59.49	6600	0.23	
59.51	6602	0.23	
59.52	6603	0.23	
59.53	6605	0.23	
59.54	6606	0.23	
59.56	6608	0.23	
59.57	6609	0.23	
59.58	6611	0.23	
59.59	6612	0.23	
59.60	6614	0.23	
59.62	6615	0.23	
59.63	6617	0.23	
59.64	6618	0.23	
59.66	6620	0.23	
59.67	6621	0.23	
59.68	6623	0.23	
59.69	6624	0.23	
59.71	6626	0.23	
59.72	6627	0.23	
59.73	6629	0.23	
59.75	6630	0.23	
59.76	6632	0.23	
59.77	6633	0.23	
59.78	6635	0.23	
59.79	6636	0.23	
59.81	6638	0.23	
59.82	6639	0.23	
59.83	6641	0.23	
59.85	6642	0.23	
59.86	6644	0.23	
59.87	6645	0.23	
59.88	6647	0.23	
59.90	6648	0.23	
59.91	6650	0.23	
59.92	6651	0.23	
59.94	6653	0.23	
59.95	6654	0.23	
59.96	6656	0.23	
59.97	6657	0.23	
59.98	6659	0.23	
60.00	6660	0.23	
60.01	6662	0.23	
60.02	6663	0.23	
60.04	6665	0.23	
60.05	6666	0.23	
60.06	6668	0.23	
60.07	6669	0.23	
60.09	6671	0.23	
60.10	6672	0.23	
60.11	6674	0.23	
60.12	6675	0.23	
60.14	6677	0.23	
60.15	6678	0.23	
60.16	6680	0.23	
60.17	6681	0.23	
60.19	6683	0.23	
60.20	6684	0.23	
60.21	6686	0.23	
60.22	6687	0.23	
60.24	6689	0.23	
60.25	6690	0.23	
60.26	6692	0.23	
60.28	6693	0.23	
60.29	6695	0.23	
60.30	6696	0.23	
60.31	6698	0.23	
60.32	6699	0.23	
60.34	6701	0.23	
60.35	6702	0.23	
60.36	6704	0.23	
60.38	6705	0.23	
60.39	6707	0.23	
60.40	6708	0.23	
60.41	6710	0.23	
60.43	6711	0.23	
60.44	6713	0.23	
60.45	6714	0.23	
60.47	6716	0.23	
60.48	6717	0.23	
60.49	6719	0.23	
60.50	6720	0.23	
60.52	6722	0.23	
60.53	6723	0.23	
60.54	6725	0.23	
60.55	6726	0.23	
60.57	6728	0.23	
60.58	6729	0.23	
60.59	6731	0.23	
60.60	6732	0.23	
60.62	6734	0.23	
60.63	6735	0.23	
60.64	6737	0.23	
60.65	6738	0.23	
60.67	6740	0.23	
60.68	6741	0.23	
60.69	6743	0.23	
60.71	6744	0.23	
60.72	6746	0.23	
60.73	6747	0.23	
60.74	6749	0.23	
60.76	6750	0.23	
60.77	6752	0.23	
60.78	6753	0.23	
60.79	6755	0.23	
60.81	6756	0.23	
60.82	6758	0.23	
60.83	6759	0.23	
60.84	6761	0.23	
60.86	6762	0.23	
60.87	6764	0.23	
60.88	6765	0.23	
60.90	6767	0.23	
60.91	6768	0.23	
60.92	6770	0.23	
60.93	6771	0.23	
60.95	6773	0.23	
60.96	6774	0.22	
60.97	6776	0.22	
60.98	6777	0.22	
61.00	6779	0.23	
61.01	6780	0.22	
61.02	6782	0.22	
61.03	6783	0.22	
61.05	6785	0.23	
61.06	6786	0.23	
61.07	6788	0.23	
61.09	6789	0.22	
61.10	6791	0.22	
61.11	6792	0.22	
61.12	6794	0.23	
61.13	6795	0.22	
61.15	6797	0.23	
61.16	6798	0.23	
61.17	6800	0.22	
61.19	6801	0.22	
61.20	6803	0.22	
61.21	6804	0.22	
61.22	6806	0.22	
61.24	6807	0.22	
61.25	6809	0.22	
61.26	6810	0.22	
61.27	6812	0.22	
61.29	6813	0.22	
61.30	6815	0.22	
61.31	6816	0.22	
61.32	6818	0.22	
61.34	6819	0.22	
61.35	6821	0.22	
61.36	6822	0.22	
61.38	6824	0.22	
61.39	6825	0.22	
61.40	6827	0.22	
61.41	6828	0.22	
61.43	6830	0.22	
61.44	6831	0.22	
61.45	6833	0.22	
61.46	6834	0.22	
61.48	6836	0.22	
61.49	6837	0.22	
61.50	6839	0.22	
61.51	6840	0.22	
61.53	6842	0.22	
61.54	6843	0.22	
61.55	6845	0.22	
61.56	6846	0.22	
61.58	6848	0.22	
61.59	6849	0.22	
61.60	6851	0.22	
61.62	6852	0.22	
61.63	6854	0.22	
61.64	6855	0.22	
61.65	6857	0.22	
61.67	6858	0.22	
61.68	6860	0.22	
61.69	6861	0.22	
61.70	6863	0.22	
61.72	6864	0.22	
61.73	6866	0.22	
61.74	6867	0.22	
61.76	6869	0.22	
61.77	6870	0.22	
61.78	6872	0.22	
61.79	6873	0.22	
61.81	6875	0.22	
61.82	6876	0.22	
61.83	6878	0.22	
61.84	6879	0.22	
61.86	6881	0.22	
61.87	6882	0.22	
61.88	6884	0.22	
61.89	6885	0.22	
61.91	6887	0.22	
61.92	6888	0.22	
61.93	6890	0.22	
61.94	6891	0.22	
61.96	6893	0.22	
61.97	6894	0.23	
61.98	6896	0.23	
62.00	6897	0.22	
62.01	6899	0.22	
62.02	6900	0.22	
62.03	6902	0.22	
62.05	6903	0.22	
62.06	6905	0.22	
62.07	6906	0.22	
62.08	6908	0.22	
62.10	6909	0.22	
62.11	6911	0.22	
62.12	6912	0.22	
62.13	6914	0.22	
62.15	6915	0.22	
62.16	6917	0.22	
62.17	6918	0.22	
62.19	6920	0.22	
62.20	6921	0.22	
62.21	6923	0.22	
62.22	6924	0.22	
62.23	6926	0.22	
62.25	6927	0.22	
62.26	6929	0.22	
62.27	6930	0.22	
62.29	6932	0.22	
62.30	6933	0.22	
62.31	6935	0.22	
62.32	6936	0.22	
62.34	6938	0.22	
62.35	6939	0.22	
62.36	6941	0.22	
62.37	6942	0.22	
62.39	6944	0.22	
62.40	6945	0.22	
62.41	6947	0.22	
62.42	6948	0.22	
62.44	6950	0.22	
62.45	6951	0.22	
62.46	6953	0.22	
62.48	6954	0.22	
62.49	6956	0.22	
62.50	6957	0.22	
62.51	6959	0.22	
62.53	6960	0.22	
62.54	6962	0.22	
62.55	6963	0.22	
62.56	6965	0.22	
62.58	6966	0.22	
62.59	6968	0.22	
62.60	6969	0.22	
62.61	6971	0.22	
62.63	6972	0.22	
62.64	6974	0.22	
62.65	6975	0.22	
62.67	6977	0.22	
62.68	6978	0.22	
62.69	6980	0.22	
62.70	6981	0.22	
62.72	6983	0.22	
62.73	6984	0.22	
62.74	6986	0.22	
62.75	6987	0.22	
62.77	6989	0.22	
62.78	6990	0.22	
62.79	6992	0.22	
62.80	6993	0.22	
62.82	6995	0.22	
62.83	6996	0.22	
62.84	6998	0.22	
62.86	6999	0.22	
62.87	7001	0.22	
62.88	7002	0.22	
62.89	7004	0.22	
62.91	7005	0.22	
62.92	7007	0.22	
62.93	7008	0.22	
62.94	7010	0.22	
62.96	7011	0.22	
62.97	7013	0.22	
62.98	7014	0.22	
62.99	7016	0.22	
63.01	7017	0.22	
63.02	7019	0.22	
63.03	7020	0.22	
63.05	7022	0.22	
63.06	7023	0.22	
63.07	7025	0.22	
63.08	7026	0.22	
63.10	7028	0.22	
63.11	7029	0.22	
63.12	7031	0.22	
63.13	7032	0.22	
63.15	7034	0.22	
63.16	7035	0.22	
63.17	7037	0.22	
63.18	7038	0.22	
63.20	7040	0.22	
63.21	7041	0.22	
63.22	7043	0.22	
63.24	7044	0.22	
63.25	7046	0.22	
63.26	7047	0.22	
63.27	7049	0.22	
63.29	7050	0.22	
63.30	7052	0.22	
63.31	7053	0.22	
63.32	7055	0.22	
63.34	7056	0.22	
63.35	7058	0.22	
63.36	7059	0.22	
63.37	7061	0.22	
63.39	7062	0.22	
63.40	7064	0.22	
63.41	7065	0.22	
63.42	7067	0.22	
63.44	7068	0.22	
63.45	7070	0.22	
63.46	7071	0.22	
63.48	7073	0.22	
63.49	7074	0.22	
63.50	7076	0.22	
63.51	7077	0.22	
63.53	7079	0.22	
63.54	7080	0.22	
63.55	7082	0.21	
63.56	7083	0.21	
63.58	7085	0.21	
63.59	7086	0.21	
63.60	7088	0.21	
63.61	7089	0.21	
63.63	7091	0.22	
63.64	7092	0.22	
63.65	7094	0.22	
63.67	7095	0.22	
63.68	7097	0.22	
63.69	7098	0.22	
63.70	7100	0.22	
63.72	7101	0.22	
63.73	7103	0.22	
63.74	7104	0.22	
63.75	7106	0.22	
63.77	7107	0.22	
63.78	7109	0.21	
63.79	7110	0.21	
63.80	7112	0.22	
63.82	7113	0.22	
63.83	7115	0.22	
63.84	7116	0.22	
63.86	7118	0.22	
63.87	7119	0.22	
63.88	7121	0.22	
63.89	7122	0.22	
63.91	7124	0.22	
63.92	7125	0.22	
63.93	7127	0.22	
63.94	7128	0.22	
63.96	7130	0.22	
63.97	7131	0.22	
63.98	7133	0.22	
64.00	7134	0.22	
64.01	7136	0.22	
64.02	7137	0.22	
64.03	7139	0.22	
64.05	7140	0.22	
64.06	7142	0.22	
64.07	7143	0.22	
64.08	7145	0.21	
64.10	7146	0.22	
64.11	7148	0.22	
64.12	7149	0.22	
64.13	7151	0.22	
64.15	7152	0.22	
64.16	7154	0.22	
64.17	7155	0.22	
64.18	7157	0.22	
64.20	7158	0.22	
64.21	7160	0.22	
64.22	7161	0.22	
64.23	7163	0.22	
64.25	7164	0.22	
64.26	7166	0.21	
64.27	7167	0.21	
64.29	7169	0.22	
64.30	7170	0.22	
64.31	7172	0.22	
64.32	7173	0.22	
64.33	7175	0.22	
64.35	7176	0.22	
64.36	7178	0.22	
64.37	7179	0.22	
64.39	7181	0.22	
64.40	7182	0.22	
64.41	7184	0.21	
64.43	7185	0.21	
64.44	7187	0.21	
64.45	7188	0.21	
64.46	7190	0.22	
64.47	7191	0.22	
64.49	7193	0.22	
64.50	7194	0.22	
64.51	7196	0.22	
64.52	7197	0.21	
64.54	7199	0.22	
64.55	7200	0.22	
