empty
Furnace temperature 	Time	HeatFlow	
/°C	/s	/mW	
7.70	0	-0.78	
7.70	2	-0.78	
7.64	3	-0.78	
7.55	5	-0.78	
7.44	6	-0.78	
7.32	8	-0.78	
7.19	9	-0.78	
7.07	11	-0.78	
6.95	12	-0.77	
6.82	14	-0.77	
6.70	15	-0.77	
6.59	17	-0.76	
6.48	18	-0.76	
6.38	20	-0.75	
6.28	21	-0.74	
6.20	23	-0.73	
6.11	24	-0.72	
6.03	26	-0.71	
5.96	27	-0.70	
5.90	29	-0.69	
5.83	30	-0.68	
5.78	32	-0.67	
5.72	33	-0.65	
5.67	35	-0.64	
5.62	36	-0.63	
5.57	38	-0.62	
5.53	39	-0.60	
5.49	41	-0.59	
5.45	42	-0.58	
5.42	44	-0.56	
5.39	45	-0.55	
5.36	47	-0.54	
5.33	48	-0.52	
5.30	50	-0.51	
5.27	51	-0.50	
5.25	53	-0.49	
5.23	54	-0.47	
5.21	56	-0.46	
5.19	57	-0.45	
5.17	59	-0.44	
5.15	60	-0.43	
5.13	62	-0.42	
5.12	63	-0.40	
5.10	65	-0.39	
5.09	66	-0.38	
5.08	68	-0.37	
5.07	69	-0.36	
5.06	71	-0.35	
5.05	72	-0.34	
5.04	74	-0.33	
5.03	75	-0.32	
5.03	77	-0.31	
5.02	78	-0.30	
5.01	80	-0.30	
5.01	81	-0.29	
5.00	83	-0.28	
5.00	84	-0.27	
4.99	86	-0.26	
4.99	87	-0.25	
4.99	89	-0.25	
4.99	90	-0.24	
4.99	92	-0.23	
4.98	93	-0.22	
4.98	95	-0.22	
4.98	96	-0.21	
4.98	98	-0.20	
4.98	99	-0.19	
4.99	101	-0.19	
4.99	102	-0.18	
4.99	104	-0.17	
4.99	105	-0.17	
4.99	107	-0.16	
5.00	108	-0.15	
5.00	110	-0.15	
5.00	111	-0.14	
5.01	113	-0.13	
5.01	114	-0.13	
5.02	116	-0.12	
5.02	117	-0.11	
5.02	119	-0.11	
5.03	120	-0.10	
5.04	122	-0.10	
5.04	123	-0.09	
5.05	125	-0.08	
5.05	126	-0.08	
5.06	128	-0.07	
5.07	129	-0.07	
5.07	131	-0.06	
5.08	132	-0.05	
5.09	134	-0.05	
5.09	135	-0.04	
5.10	137	-0.04	
5.11	138	-0.03	
5.12	140	-0.03	
5.12	141	-0.02	
5.13	143	-0.02	
5.14	144	-0.01	
5.15	146	-0.01	
5.16	147	-0.00	
5.17	149	0.00	
5.17	150	0.01	
5.18	152	0.01	
5.19	153	0.02	
5.20	155	0.02	
5.21	156	0.03	
5.22	158	0.03	
5.23	159	0.04	
5.24	161	0.04	
5.25	162	0.05	
5.23	164	0.05	
5.20	165	0.06	
5.18	167	0.06	
5.16	168	0.07	
5.15	170	0.07	
5.13	171	0.08	
5.12	173	0.08	
5.11	174	0.09	
5.11	176	0.09	
5.10	177	0.09	
5.10	179	0.10	
5.09	180	0.10	
5.09	182	0.11	
5.10	183	0.11	
5.10	185	0.11	
5.10	186	0.12	
5.10	188	0.12	
5.11	189	0.13	
5.11	191	0.13	
5.12	192	0.13	
5.12	194	0.14	
5.13	195	0.14	
5.14	197	0.15	
5.14	198	0.15	
5.15	200	0.15	
5.16	201	0.16	
5.17	203	0.16	
5.18	204	0.16	
5.19	206	0.17	
5.20	207	0.17	
5.21	209	0.17	
5.22	210	0.18	
5.23	212	0.18	
5.24	213	0.18	
5.25	215	0.19	
5.26	216	0.19	
5.27	218	0.19	
5.28	219	0.19	
5.29	221	0.20	
5.31	222	0.20	
5.32	224	0.20	
5.33	225	0.20	
5.34	227	0.21	
5.36	228	0.21	
5.37	230	0.21	
5.38	231	0.22	
5.40	233	0.22	
5.41	234	0.22	
5.42	236	0.22	
5.44	237	0.23	
5.45	239	0.23	
5.46	240	0.23	
5.48	242	0.23	
5.49	243	0.24	
5.50	245	0.24	
5.52	246	0.24	
5.53	248	0.24	
5.55	249	0.24	
5.56	251	0.25	
5.58	252	0.25	
5.59	254	0.25	
5.60	255	0.25	
5.62	257	0.25	
5.63	258	0.25	
5.65	260	0.26	
5.66	261	0.26	
5.68	263	0.26	
5.69	264	0.26	
5.71	266	0.26	
5.72	267	0.26	
5.74	269	0.27	
5.75	270	0.27	
5.77	272	0.27	
5.78	273	0.27	
5.80	275	0.27	
5.81	276	0.27	
5.83	278	0.27	
5.84	279	0.28	
5.86	281	0.28	
5.87	282	0.28	
5.89	284	0.28	
5.90	285	0.28	
5.92	287	0.28	
5.93	288	0.28	
5.95	290	0.28	
5.97	291	0.29	
5.98	293	0.29	
5.99	294	0.29	
6.01	296	0.29	
6.02	297	0.29	
6.04	299	0.29	
6.06	300	0.29	
6.07	302	0.29	
6.09	303	0.29	
6.10	305	0.30	
6.12	306	0.30	
6.13	308	0.30	
6.15	309	0.30	
6.16	311	0.30	
6.18	312	0.30	
6.19	314	0.30	
6.21	315	0.30	
6.22	317	0.30	
6.24	318	0.31	
6.25	320	0.31	
6.27	321	0.31	
6.28	323	0.31	
6.30	324	0.31	
6.31	326	0.31	
6.33	327	0.31	
6.34	329	0.31	
6.36	330	0.31	
6.37	332	0.31	
6.39	333	0.31	
6.40	335	0.31	
6.42	336	0.31	
6.43	338	0.31	
6.45	339	0.31	
6.46	341	0.31	
6.48	342	0.31	
6.49	344	0.31	
6.51	345	0.31	
6.52	347	0.31	
6.54	348	0.32	
6.55	350	0.32	
6.57	351	0.32	
6.58	353	0.32	
6.60	354	0.32	
6.62	356	0.32	
6.63	357	0.32	
6.65	359	0.32	
6.66	360	0.32	
6.67	362	0.32	
6.69	363	0.32	
6.70	365	0.32	
6.72	366	0.32	
6.73	368	0.32	
6.75	369	0.32	
6.76	371	0.32	
6.78	372	0.32	
6.79	374	0.32	
6.80	375	0.32	
6.82	377	0.32	
6.83	378	0.32	
6.85	380	0.32	
6.86	381	0.32	
6.88	383	0.32	
6.89	384	0.32	
6.91	386	0.32	
6.92	387	0.32	
6.94	389	0.32	
6.95	390	0.32	
6.96	392	0.32	
6.98	393	0.32	
6.99	395	0.32	
7.01	396	0.32	
7.02	398	0.32	
7.04	399	0.32	
7.05	401	0.32	
7.07	402	0.32	
7.08	404	0.32	
7.10	405	0.32	
7.11	407	0.32	
7.12	408	0.32	
7.14	410	0.32	
7.15	411	0.32	
7.17	413	0.32	
7.18	414	0.32	
7.19	416	0.32	
7.21	417	0.32	
7.22	419	0.32	
7.24	420	0.32	
7.25	422	0.32	
7.26	423	0.32	
7.28	425	0.32	
7.29	426	0.32	
7.30	428	0.32	
7.32	429	0.33	
7.33	431	0.33	
7.35	432	0.33	
7.36	434	0.33	
7.37	435	0.33	
7.39	437	0.32	
7.40	438	0.33	
7.42	440	0.33	
7.43	441	0.33	
7.45	443	0.33	
7.46	444	0.33	
7.47	446	0.33	
7.49	447	0.33	
7.50	449	0.33	
7.51	450	0.33	
7.53	452	0.33	
7.54	453	0.33	
7.55	455	0.33	
7.57	456	0.33	
7.58	458	0.33	
7.59	459	0.33	
7.61	461	0.33	
7.62	462	0.33	
7.64	464	0.33	
7.65	465	0.33	
7.67	467	0.33	
7.68	468	0.33	
7.69	470	0.33	
7.71	471	0.33	
7.72	473	0.33	
7.74	474	0.33	
7.75	476	0.33	
7.76	477	0.33	
7.78	479	0.33	
7.79	480	0.33	
7.80	482	0.33	
7.82	483	0.33	
7.83	485	0.33	
7.84	486	0.33	
7.86	488	0.33	
7.87	489	0.33	
7.88	491	0.33	
7.90	492	0.33	
7.91	494	0.33	
7.92	495	0.33	
7.94	497	0.33	
7.95	498	0.33	
7.96	500	0.33	
7.98	501	0.33	
7.99	503	0.33	
8.00	504	0.33	
8.02	506	0.33	
8.03	507	0.33	
8.04	509	0.33	
8.06	510	0.33	
8.07	512	0.33	
8.08	513	0.33	
8.10	515	0.33	
8.11	516	0.33	
8.12	518	0.33	
8.13	519	0.33	
8.15	521	0.33	
8.16	522	0.33	
8.17	524	0.33	
8.19	525	0.33	
8.20	527	0.33	
8.21	528	0.33	
8.23	530	0.33	
8.24	531	0.33	
8.25	533	0.33	
8.27	534	0.33	
8.28	536	0.33	
8.29	537	0.33	
8.31	539	0.33	
8.32	540	0.33	
8.33	542	0.33	
8.35	543	0.33	
8.36	545	0.33	
8.37	546	0.33	
8.39	548	0.33	
8.40	549	0.33	
8.41	551	0.33	
8.43	552	0.33	
8.44	554	0.33	
8.45	555	0.33	
8.46	557	0.33	
8.48	558	0.33	
8.49	560	0.33	
8.50	561	0.33	
8.52	563	0.33	
8.53	564	0.33	
8.54	566	0.33	
8.56	567	0.33	
8.57	569	0.33	
8.58	570	0.33	
8.60	572	0.33	
8.61	573	0.33	
8.62	575	0.33	
8.63	576	0.33	
8.65	578	0.33	
8.66	579	0.33	
8.67	581	0.33	
8.69	582	0.33	
8.70	584	0.33	
8.71	585	0.33	
8.73	587	0.33	
8.74	588	0.33	
8.75	590	0.33	
8.76	591	0.33	
8.78	593	0.33	
8.79	594	0.33	
8.80	596	0.33	
8.82	597	0.33	
8.83	599	0.33	
8.84	600	0.33	
8.86	602	0.33	
8.87	603	0.33	
8.88	605	0.33	
8.89	606	0.33	
8.91	608	0.33	
8.92	609	0.33	
8.93	611	0.33	
8.95	612	0.33	
8.96	614	0.33	
8.97	615	0.33	
8.99	617	0.33	
9.00	618	0.33	
9.01	620	0.33	
9.02	621	0.33	
9.04	623	0.33	
9.05	624	0.33	
9.06	626	0.33	
9.08	627	0.33	
9.09	629	0.33	
9.10	630	0.33	
9.11	632	0.33	
9.13	633	0.33	
9.14	635	0.33	
9.15	636	0.33	
9.17	638	0.33	
9.18	639	0.33	
9.19	641	0.33	
9.20	642	0.33	
9.22	644	0.33	
9.23	645	0.33	
9.24	647	0.33	
9.26	648	0.33	
9.27	650	0.33	
9.28	651	0.33	
9.29	653	0.33	
9.31	654	0.33	
9.32	656	0.33	
9.33	657	0.33	
9.35	659	0.33	
9.36	660	0.33	
9.37	662	0.33	
9.38	663	0.33	
9.40	665	0.33	
9.41	666	0.33	
9.42	668	0.33	
9.44	669	0.33	
9.45	671	0.33	
9.46	672	0.33	
9.47	674	0.33	
9.49	675	0.33	
9.50	677	0.33	
9.51	678	0.33	
9.53	680	0.33	
9.54	681	0.33	
9.55	683	0.33	
9.56	684	0.33	
9.58	686	0.33	
9.59	687	0.33	
9.60	689	0.33	
9.62	690	0.33	
9.63	692	0.33	
9.64	693	0.33	
9.65	695	0.33	
9.67	696	0.33	
9.68	698	0.33	
9.69	699	0.33	
9.70	701	0.33	
9.72	702	0.33	
9.73	704	0.33	
9.74	705	0.33	
9.76	707	0.33	
9.77	708	0.33	
9.78	710	0.33	
9.80	711	0.33	
9.81	713	0.33	
9.82	714	0.33	
9.83	716	0.33	
9.85	717	0.33	
9.86	719	0.33	
9.87	720	0.33	
9.88	722	0.33	
9.90	723	0.33	
9.91	725	0.33	
9.92	726	0.33	
9.94	728	0.33	
9.95	729	0.33	
9.96	731	0.33	
9.97	732	0.33	
9.99	734	0.33	
10.00	735	0.33	
10.01	737	0.33	
10.02	738	0.33	
10.04	740	0.33	
10.05	741	0.33	
10.06	743	0.33	
10.08	744	0.33	
10.09	746	0.33	
10.10	747	0.33	
10.11	749	0.33	
10.13	750	0.33	
10.14	752	0.33	
10.15	753	0.33	
10.16	755	0.33	
10.18	756	0.33	
10.19	758	0.33	
10.20	759	0.33	
10.22	761	0.33	
10.23	762	0.33	
10.24	764	0.33	
10.25	765	0.33	
10.27	767	0.33	
10.28	768	0.33	
10.29	770	0.33	
10.31	771	0.33	
10.32	773	0.33	
10.33	774	0.33	
10.34	776	0.33	
10.36	777	0.33	
10.37	779	0.33	
10.38	780	0.33	
10.39	782	0.33	
10.41	783	0.33	
10.42	785	0.33	
10.43	786	0.33	
10.45	788	0.33	
10.46	789	0.33	
10.47	791	0.33	
10.48	792	0.33	
10.50	794	0.33	
10.51	795	0.33	
10.52	797	0.33	
10.53	798	0.33	
10.55	800	0.33	
10.56	801	0.33	
10.57	803	0.33	
10.59	804	0.33	
10.60	806	0.33	
10.61	807	0.33	
10.62	809	0.33	
10.64	810	0.33	
10.65	812	0.33	
10.66	813	0.33	
10.67	815	0.33	
10.69	816	0.32	
10.70	818	0.33	
10.71	819	0.33	
10.73	821	0.33	
10.74	822	0.33	
10.75	824	0.33	
10.76	825	0.33	
10.78	827	0.33	
10.79	828	0.33	
10.80	830	0.33	
10.81	831	0.33	
10.83	833	0.33	
10.84	834	0.33	
10.85	836	0.32	
10.87	837	0.32	
10.88	839	0.32	
10.89	840	0.32	
10.90	842	0.32	
10.92	843	0.32	
10.93	845	0.32	
10.94	846	0.32	
10.95	848	0.32	
10.97	849	0.32	
10.98	851	0.32	
10.99	852	0.32	
11.00	854	0.32	
11.02	855	0.32	
11.03	857	0.32	
11.04	858	0.32	
11.06	860	0.32	
11.07	861	0.32	
11.08	863	0.32	
11.09	864	0.32	
11.11	866	0.32	
11.12	867	0.32	
11.13	869	0.32	
11.14	870	0.32	
11.16	872	0.32	
11.17	873	0.32	
11.18	875	0.32	
11.20	876	0.32	
11.21	878	0.32	
11.22	879	0.32	
11.23	881	0.32	
11.25	882	0.32	
11.26	884	0.32	
11.27	885	0.32	
11.28	887	0.32	
11.30	888	0.32	
11.31	890	0.32	
11.32	891	0.32	
11.34	893	0.32	
11.35	894	0.32	
11.36	896	0.32	
11.37	897	0.32	
11.39	899	0.32	
11.40	900	0.32	
11.41	902	0.32	
11.42	903	0.32	
11.44	905	0.32	
11.45	906	0.32	
11.46	908	0.32	
11.48	909	0.32	
11.49	911	0.32	
11.50	912	0.32	
11.51	914	0.32	
11.53	915	0.32	
11.54	917	0.32	
11.55	918	0.32	
11.56	920	0.32	
11.58	921	0.32	
11.59	923	0.32	
11.60	924	0.32	
11.62	926	0.32	
11.63	927	0.32	
11.64	929	0.32	
11.65	930	0.32	
11.67	932	0.32	
11.68	933	0.32	
11.69	935	0.32	
11.70	936	0.32	
11.72	938	0.32	
11.73	939	0.32	
11.74	941	0.32	
11.75	942	0.32	
11.77	944	0.32	
11.78	945	0.32	
11.79	947	0.32	
11.81	948	0.32	
11.82	950	0.32	
11.83	951	0.32	
11.84	953	0.32	
11.86	954	0.32	
11.87	956	0.32	
11.88	957	0.32	
11.89	959	0.32	
11.91	960	0.32	
11.92	962	0.32	
11.93	963	0.32	
11.94	965	0.32	
11.96	966	0.32	
11.97	968	0.32	
11.98	969	0.32	
12.00	971	0.32	
12.01	972	0.32	
12.02	974	0.32	
12.03	975	0.31	
12.05	977	0.31	
12.06	978	0.31	
12.07	980	0.31	
12.08	981	0.31	
12.10	983	0.31	
12.11	984	0.31	
12.12	986	0.31	
12.14	987	0.31	
12.15	989	0.31	
12.16	990	0.31	
12.17	992	0.31	
12.19	993	0.31	
12.20	995	0.31	
12.21	996	0.31	
12.22	998	0.31	
12.24	999	0.31	
12.25	1001	0.31	
12.26	1002	0.31	
12.27	1004	0.31	
12.29	1005	0.31	
12.30	1007	0.31	
12.31	1008	0.31	
12.33	1010	0.31	
12.34	1011	0.31	
12.35	1013	0.31	
12.36	1014	0.31	
12.38	1016	0.31	
12.39	1017	0.31	
12.40	1019	0.31	
12.41	1020	0.31	
12.43	1022	0.31	
12.44	1023	0.31	
12.45	1025	0.31	
12.47	1026	0.31	
12.48	1028	0.31	
12.49	1029	0.31	
12.50	1031	0.31	
12.52	1032	0.31	
12.53	1034	0.31	
12.54	1035	0.31	
12.55	1037	0.31	
12.57	1038	0.31	
12.58	1040	0.31	
12.59	1041	0.31	
12.61	1043	0.31	
12.62	1044	0.31	
12.63	1046	0.31	
12.64	1047	0.31	
12.66	1049	0.31	
12.67	1050	0.30	
12.68	1052	0.30	
12.69	1053	0.30	
12.71	1055	0.30	
12.72	1056	0.30	
12.73	1058	0.30	
12.75	1059	0.30	
12.76	1061	0.30	
12.77	1062	0.30	
12.78	1064	0.30	
12.80	1065	0.30	
12.81	1067	0.30	
12.82	1068	0.30	
12.83	1070	0.30	
12.85	1071	0.30	
12.86	1073	0.30	
12.87	1074	0.30	
12.88	1076	0.30	
12.90	1077	0.30	
12.91	1079	0.30	
12.92	1080	0.30	
12.94	1082	0.30	
12.95	1083	0.30	
12.96	1085	0.30	
12.97	1086	0.30	
12.99	1088	0.30	
13.00	1089	0.30	
13.01	1091	0.30	
13.02	1092	0.30	
13.04	1094	0.30	
13.05	1095	0.30	
13.06	1097	0.30	
13.07	1098	0.30	
13.09	1100	0.30	
13.10	1101	0.30	
13.11	1103	0.30	
13.13	1104	0.30	
13.14	1106	0.30	
13.15	1107	0.29	
13.16	1109	0.29	
13.18	1110	0.29	
13.19	1112	0.29	
13.20	1113	0.29	
13.21	1115	0.29	
13.23	1116	0.29	
13.24	1118	0.29	
13.25	1119	0.29	
13.26	1121	0.29	
13.28	1122	0.29	
13.29	1124	0.29	
13.30	1125	0.29	
13.32	1127	0.29	
13.33	1128	0.29	
13.34	1130	0.29	
13.35	1131	0.29	
13.37	1133	0.29	
13.38	1134	0.29	
13.39	1136	0.29	
13.40	1137	0.29	
13.42	1139	0.29	
13.43	1140	0.29	
13.44	1142	0.29	
13.45	1143	0.29	
13.47	1145	0.29	
13.48	1146	0.29	
13.49	1148	0.29	
13.51	1149	0.28	
13.52	1151	0.28	
13.53	1152	0.28	
13.54	1154	0.28	
13.56	1155	0.28	
13.57	1157	0.28	
13.58	1158	0.28	
13.59	1160	0.28	
13.61	1161	0.28	
13.62	1163	0.28	
13.63	1164	0.28	
13.64	1166	0.28	
13.66	1167	0.28	
13.67	1169	0.28	
13.68	1170	0.28	
13.70	1172	0.28	
13.71	1173	0.28	
13.72	1175	0.28	
13.73	1176	0.28	
13.75	1178	0.28	
13.76	1179	0.28	
13.77	1181	0.28	
13.78	1182	0.27	
13.80	1184	0.27	
13.81	1185	0.27	
13.82	1187	0.27	
13.83	1188	0.27	
13.85	1190	0.27	
13.86	1191	0.27	
13.87	1193	0.27	
13.89	1194	0.27	
13.90	1196	0.27	
13.91	1197	0.27	
13.92	1199	0.27	
13.94	1200	0.27	
13.95	1202	0.27	
13.96	1203	0.27	
13.97	1205	0.27	
13.99	1206	0.27	
14.00	1208	0.27	
14.01	1209	0.27	
14.02	1211	0.27	
14.04	1212	0.27	
14.05	1214	0.27	
14.06	1215	0.27	
14.08	1217	0.27	
14.09	1218	0.27	
14.10	1220	0.26	
14.11	1221	0.26	
14.13	1223	0.26	
14.14	1224	0.26	
14.15	1226	0.26	
14.16	1227	0.26	
14.18	1229	0.26	
14.19	1230	0.26	
14.20	1232	0.26	
14.21	1233	0.26	
14.23	1235	0.26	
14.24	1236	0.26	
14.25	1238	0.26	
14.27	1239	0.26	
14.28	1241	0.26	
14.29	1242	0.26	
14.30	1244	0.26	
14.32	1245	0.26	
14.33	1247	0.26	
14.34	1248	0.26	
14.35	1250	0.26	
14.37	1251	0.26	
14.38	1253	0.26	
14.39	1254	0.25	
14.41	1256	0.25	
14.42	1257	0.25	
14.43	1259	0.25	
14.44	1260	0.25	
14.46	1262	0.25	
14.47	1263	0.25	
14.48	1265	0.25	
14.49	1266	0.25	
14.51	1268	0.25	
14.52	1269	0.25	
14.53	1271	0.25	
14.54	1272	0.25	
14.56	1274	0.25	
14.57	1275	0.25	
14.58	1277	0.25	
14.59	1278	0.25	
14.61	1280	0.25	
14.62	1281	0.25	
14.63	1283	0.24	
14.65	1284	0.24	
14.66	1286	0.24	
14.67	1287	0.24	
14.68	1289	0.24	
14.70	1290	0.24	
14.71	1292	0.24	
14.72	1293	0.24	
14.73	1295	0.24	
14.75	1296	0.24	
14.76	1298	0.24	
14.77	1299	0.24	
14.79	1301	0.24	
14.80	1302	0.24	
14.81	1304	0.24	
14.82	1305	0.24	
14.84	1307	0.24	
14.85	1308	0.24	
14.86	1310	0.24	
14.87	1311	0.24	
14.89	1313	0.24	
14.90	1314	0.23	
14.91	1316	0.23	
14.92	1317	0.23	
14.94	1319	0.23	
14.95	1320	0.23	
14.96	1322	0.23	
14.98	1323	0.23	
14.99	1325	0.23	
15.00	1326	0.23	
15.01	1328	0.23	
15.03	1329	0.23	
15.04	1331	0.23	
15.05	1332	0.23	
15.06	1334	0.23	
15.08	1335	0.23	
15.09	1337	0.23	
15.10	1338	0.23	
15.11	1340	0.23	
15.13	1341	0.23	
15.14	1343	0.23	
15.15	1344	0.22	
15.17	1346	0.22	
15.18	1347	0.22	
15.19	1349	0.22	
15.20	1350	0.22	
15.22	1352	0.22	
15.23	1353	0.22	
15.24	1355	0.22	
15.25	1356	0.22	
15.27	1358	0.22	
15.28	1359	0.22	
15.29	1361	0.22	
15.30	1362	0.22	
15.32	1364	0.22	
15.33	1365	0.22	
15.34	1367	0.22	
15.36	1368	0.22	
15.37	1370	0.22	
15.38	1371	0.22	
15.39	1373	0.22	
15.41	1374	0.21	
15.42	1376	0.21	
15.43	1377	0.21	
15.44	1379	0.21	
15.46	1380	0.21	
15.47	1382	0.21	
15.48	1383	0.21	
15.49	1385	0.21	
15.51	1386	0.21	
15.52	1388	0.21	
15.53	1389	0.21	
15.55	1391	0.21	
15.56	1392	0.21	
15.57	1394	0.21	
15.58	1395	0.21	
15.60	1397	0.21	
15.61	1398	0.21	
15.62	1400	0.21	
15.63	1401	0.21	
15.65	1403	0.21	
15.66	1404	0.20	
15.67	1406	0.20	
15.68	1407	0.20	
15.70	1409	0.20	
15.71	1410	0.20	
15.72	1412	0.20	
15.74	1413	0.20	
15.75	1415	0.20	
15.76	1416	0.20	
15.77	1418	0.20	
15.79	1419	0.20	
15.80	1421	0.20	
15.81	1422	0.20	
15.82	1424	0.20	
15.84	1425	0.20	
15.85	1427	0.20	
15.86	1428	0.20	
15.87	1430	0.20	
15.89	1431	0.20	
15.90	1433	0.20	
15.91	1434	0.20	
15.92	1436	0.20	
15.94	1437	0.19	
15.95	1439	0.19	
15.96	1440	0.19	
15.98	1442	0.19	
15.99	1443	0.19	
16.00	1445	0.19	
16.01	1446	0.19	
16.03	1448	0.19	
16.04	1449	0.19	
16.05	1451	0.19	
16.06	1452	0.19	
16.08	1454	0.19	
16.09	1455	0.19	
16.10	1457	0.19	
16.11	1458	0.19	
16.13	1460	0.19	
16.14	1461	0.19	
16.15	1463	0.19	
16.17	1464	0.19	
16.18	1466	0.19	
16.19	1467	0.19	
16.20	1469	0.19	
16.22	1470	0.19	
16.23	1472	0.19	
16.24	1473	0.18	
16.25	1475	0.18	
16.27	1476	0.18	
16.28	1478	0.18	
16.29	1479	0.18	
16.31	1481	0.18	
16.32	1482	0.18	
16.33	1484	0.18	
16.34	1485	0.18	
16.35	1487	0.18	
16.37	1488	0.18	
16.38	1490	0.18	
16.39	1491	0.18	
16.41	1493	0.18	
16.42	1494	0.18	
16.43	1496	0.18	
16.44	1497	0.18	
16.46	1499	0.18	
16.47	1500	0.18	
16.48	1502	0.18	
16.49	1503	0.17	
16.51	1505	0.17	
16.52	1506	0.17	
16.53	1508	0.17	
16.54	1509	0.17	
16.56	1511	0.17	
16.57	1512	0.17	
16.58	1514	0.17	
16.60	1515	0.17	
16.61	1517	0.17	
16.62	1518	0.17	
16.63	1520	0.17	
16.65	1521	0.17	
16.66	1523	0.17	
16.67	1524	0.17	
16.68	1526	0.17	
16.70	1527	0.17	
16.71	1529	0.17	
16.72	1530	0.17	
16.73	1532	0.17	
16.75	1533	0.17	
16.76	1535	0.17	
16.77	1536	0.17	
16.79	1538	0.17	
16.80	1539	0.17	
16.81	1541	0.17	
16.82	1542	0.17	
16.84	1544	0.17	
16.85	1545	0.17	
16.86	1547	0.16	
16.87	1548	0.16	
16.89	1550	0.16	
16.90	1551	0.16	
16.91	1553	0.16	
16.92	1554	0.16	
16.94	1556	0.16	
16.95	1557	0.16	
16.96	1559	0.16	
16.98	1560	0.16	
16.99	1562	0.16	
17.00	1563	0.16	
17.01	1565	0.16	
17.03	1566	0.16	
17.04	1568	0.16	
17.05	1569	0.16	
17.06	1571	0.16	
17.08	1572	0.16	
17.09	1574	0.16	
17.10	1575	0.16	
17.11	1577	0.16	
17.13	1578	0.16	
17.14	1580	0.16	
17.15	1581	0.16	
17.17	1583	0.16	
17.18	1584	0.15	
17.19	1586	0.15	
17.20	1587	0.15	
17.22	1589	0.15	
17.23	1590	0.15	
17.24	1592	0.15	
17.25	1593	0.15	
17.27	1595	0.15	
17.28	1596	0.15	
17.29	1598	0.15	
17.30	1599	0.15	
17.32	1601	0.15	
17.33	1602	0.15	
17.34	1604	0.15	
17.36	1605	0.15	
17.37	1607	0.15	
17.38	1608	0.15	
17.39	1610	0.15	
17.41	1611	0.15	
17.42	1613	0.15	
17.43	1614	0.15	
17.44	1616	0.15	
17.46	1617	0.15	
17.47	1619	0.14	
17.48	1620	0.14	
17.49	1622	0.14	
17.51	1623	0.14	
17.52	1625	0.14	
17.53	1626	0.14	
17.55	1628	0.14	
17.56	1629	0.14	
17.57	1631	0.14	
17.58	1632	0.14	
17.60	1634	0.14	
17.61	1635	0.14	
17.62	1637	0.14	
17.63	1638	0.14	
17.65	1640	0.14	
17.66	1641	0.14	
17.67	1643	0.14	
17.68	1644	0.14	
17.70	1646	0.14	
17.71	1647	0.14	
17.72	1649	0.14	
17.74	1650	0.14	
17.75	1652	0.14	
17.76	1653	0.14	
17.77	1655	0.13	
17.79	1656	0.13	
17.80	1658	0.13	
17.81	1659	0.13	
17.82	1661	0.13	
17.84	1662	0.13	
17.85	1664	0.13	
17.86	1665	0.13	
17.87	1667	0.13	
17.89	1668	0.13	
17.90	1670	0.13	
17.91	1671	0.13	
17.93	1673	0.13	
17.94	1674	0.13	
17.95	1676	0.13	
17.96	1677	0.13	
17.98	1679	0.13	
17.99	1680	0.13	
18.00	1682	0.13	
18.01	1683	0.13	
18.03	1685	0.13	
18.04	1686	0.13	
18.05	1688	0.13	
18.06	1689	0.13	
18.08	1691	0.13	
18.09	1692	0.13	
18.10	1694	0.13	
18.12	1695	0.13	
18.13	1697	0.12	
18.14	1698	0.12	
18.15	1700	0.12	
18.17	1701	0.12	
18.18	1703	0.12	
18.19	1704	0.12	
18.20	1706	0.12	
18.22	1707	0.12	
18.23	1709	0.12	
18.24	1710	0.12	
18.25	1712	0.12	
18.27	1713	0.12	
18.28	1715	0.12	
18.29	1716	0.12	
18.31	1718	0.12	
18.32	1719	0.12	
18.33	1721	0.12	
18.34	1722	0.12	
18.36	1724	0.12	
18.37	1725	0.12	
18.38	1727	0.12	
18.39	1728	0.12	
18.41	1730	0.12	
18.42	1731	0.12	
18.43	1733	0.12	
18.44	1734	0.11	
18.46	1736	0.11	
18.47	1737	0.11	
18.48	1739	0.11	
18.50	1740	0.11	
18.51	1742	0.11	
18.52	1743	0.11	
18.53	1745	0.11	
18.55	1746	0.11	
18.56	1748	0.11	
18.57	1749	0.11	
18.58	1751	0.11	
18.60	1752	0.11	
18.61	1754	0.11	
18.62	1755	0.11	
18.63	1757	0.11	
18.65	1758	0.11	
18.66	1760	0.11	
18.67	1761	0.11	
18.69	1763	0.11	
18.70	1764	0.11	
18.71	1766	0.11	
18.72	1767	0.11	
18.74	1769	0.11	
18.75	1770	0.11	
18.76	1772	0.11	
18.77	1773	0.11	
18.79	1775	0.10	
18.80	1776	0.10	
18.81	1778	0.10	
18.82	1779	0.10	
18.84	1781	0.10	
18.85	1782	0.10	
18.86	1784	0.10	
18.88	1785	0.10	
18.89	1787	0.10	
18.90	1788	0.10	
18.91	1790	0.10	
18.93	1791	0.10	
18.94	1793	0.10	
18.95	1794	0.10	
18.96	1796	0.10	
18.98	1797	0.10	
18.99	1799	0.10	
19.00	1800	0.10	
19.01	1802	0.10	
19.03	1803	0.10	
19.04	1805	0.10	
19.05	1806	0.10	
19.07	1808	0.10	
19.08	1809	0.10	
19.09	1811	0.10	
19.10	1812	0.10	
19.12	1814	0.10	
19.13	1815	0.10	
19.14	1817	0.09	
19.15	1818	0.09	
19.17	1820	0.09	
19.18	1821	0.09	
19.19	1823	0.09	
19.20	1824	0.09	
19.22	1826	0.09	
19.23	1827	0.09	
19.24	1829	0.09	
19.26	1830	0.09	
19.27	1832	0.09	
19.28	1833	0.09	
19.29	1835	0.09	
19.31	1836	0.09	
19.32	1838	0.09	
19.33	1839	0.09	
19.34	1841	0.09	
19.36	1842	0.09	
19.37	1844	0.09	
19.38	1845	0.09	
19.40	1847	0.09	
19.41	1848	0.09	
19.42	1850	0.09	
19.43	1851	0.09	
19.45	1853	0.08	
19.46	1854	0.08	
19.47	1856	0.08	
19.48	1857	0.08	
19.50	1859	0.08	
19.51	1860	0.08	
19.52	1862	0.08	
19.53	1863	0.08	
19.55	1865	0.08	
19.56	1866	0.08	
19.57	1868	0.08	
19.58	1869	0.08	
19.60	1871	0.08	
19.61	1872	0.08	
19.62	1874	0.08	
19.64	1875	0.08	
19.65	1877	0.08	
19.66	1878	0.08	
19.67	1880	0.08	
19.69	1881	0.08	
19.70	1883	0.08	
19.71	1884	0.08	
19.72	1886	0.08	
19.74	1887	0.08	
19.75	1889	0.08	
19.76	1890	0.08	
19.77	1892	0.08	
19.79	1893	0.07	
19.80	1895	0.07	
19.81	1896	0.07	
19.83	1898	0.07	
19.84	1899	0.07	
19.85	1901	0.07	
19.86	1902	0.07	
19.88	1904	0.07	
19.89	1905	0.07	
19.90	1907	0.07	
19.91	1908	0.07	
19.93	1910	0.07	
19.94	1911	0.07	
19.95	1913	0.07	
19.96	1914	0.07	
19.98	1916	0.07	
19.99	1917	0.07	
20.00	1919	0.07	
20.02	1920	0.07	
20.03	1922	0.07	
20.04	1923	0.07	
20.05	1925	0.07	
20.07	1926	0.07	
20.08	1928	0.07	
20.09	1929	0.07	
20.10	1931	0.07	
20.12	1932	0.07	
20.13	1934	0.06	
20.14	1935	0.06	
20.15	1937	0.06	
20.17	1938	0.06	
20.18	1940	0.06	
20.19	1941	0.06	
20.21	1943	0.06	
20.22	1944	0.06	
20.23	1946	0.06	
20.24	1947	0.06	
20.26	1949	0.06	
20.27	1950	0.06	
20.28	1952	0.06	
20.29	1953	0.06	
20.31	1955	0.06	
20.32	1956	0.06	
20.33	1958	0.06	
20.34	1959	0.06	
20.36	1961	0.06	
20.37	1962	0.06	
20.38	1964	0.06	
20.40	1965	0.06	
20.41	1967	0.06	
20.42	1968	0.06	
20.43	1970	0.06	
20.45	1971	0.05	
20.46	1973	0.05	
20.47	1974	0.05	
20.48	1976	0.05	
20.50	1977	0.05	
20.51	1979	0.05	
20.52	1980	0.05	
20.53	1982	0.05	
20.55	1983	0.05	
20.56	1985	0.05	
20.57	1986	0.05	
20.58	1988	0.05	
20.60	1989	0.05	
20.61	1991	0.05	
20.62	1992	0.05	
20.63	1994	0.05	
20.65	1995	0.05	
20.66	1997	0.05	
20.67	1998	0.05	
20.69	2000	0.05	
20.70	2001	0.05	
20.71	2003	0.05	
20.72	2004	0.05	
20.74	2006	0.05	
20.75	2007	0.05	
20.76	2009	0.04	
20.77	2010	0.04	
20.79	2012	0.04	
20.80	2013	0.04	
20.81	2015	0.04	
20.82	2016	0.04	
20.84	2018	0.04	
20.85	2019	0.04	
20.86	2021	0.04	
20.87	2022	0.04	
20.89	2024	0.04	
20.90	2025	0.04	
20.91	2027	0.04	
20.92	2028	0.04	
20.94	2030	0.04	
20.95	2031	0.04	
20.96	2033	0.04	
20.98	2034	0.04	
20.99	2036	0.04	
21.00	2037	0.04	
21.01	2039	0.04	
21.03	2040	0.04	
21.04	2042	0.04	
21.05	2043	0.03	
21.06	2045	0.03	
21.08	2046	0.03	
21.09	2048	0.03	
21.10	2049	0.03	
21.11	2051	0.03	
21.13	2052	0.03	
21.14	2054	0.03	
21.15	2055	0.03	
21.16	2057	0.03	
21.18	2058	0.03	
21.19	2060	0.03	
21.20	2061	0.03	
21.21	2063	0.03	
21.23	2064	0.03	
21.24	2066	0.03	
21.25	2067	0.03	
21.26	2069	0.03	
21.28	2070	0.03	
21.29	2072	0.03	
21.30	2073	0.03	
21.32	2075	0.02	
21.33	2076	0.02	
21.34	2078	0.02	
21.35	2079	0.02	
21.37	2081	0.02	
21.38	2082	0.02	
21.39	2084	0.02	
21.40	2085	0.02	
21.42	2087	0.02	
21.43	2088	0.02	
21.44	2090	0.02	
21.46	2091	0.02	
21.47	2093	0.02	
21.48	2094	0.02	
21.49	2096	0.02	
21.51	2097	0.02	
21.52	2099	0.02	
21.53	2100	0.02	
21.54	2102	0.02	
21.56	2103	0.02	
21.57	2105	0.02	
21.58	2106	0.02	
21.59	2108	0.02	
21.61	2109	0.02	
21.62	2111	0.02	
21.63	2112	0.02	
21.64	2114	0.02	
21.66	2115	0.01	
21.67	2117	0.01	
21.68	2118	0.01	
21.70	2120	0.01	
21.71	2121	0.01	
21.72	2123	0.01	
21.73	2124	0.01	
21.75	2126	0.01	
21.76	2127	0.01	
21.77	2129	0.01	
21.78	2130	0.01	
21.80	2132	0.01	
21.81	2133	0.01	
21.82	2135	0.01	
21.84	2136	0.01	
21.85	2138	0.01	
21.86	2139	0.01	
21.87	2141	0.01	
21.89	2142	0.01	
21.90	2144	0.01	
21.91	2145	0.01	
21.92	2147	0.01	
21.94	2148	0.01	
21.95	2150	0.01	
21.96	2151	0.00	
21.97	2153	0.00	
21.99	2154	0.00	
22.00	2156	0.00	
22.01	2157	0.00	
22.03	2159	0.00	
22.04	2160	0.00	
22.05	2162	0.00	
22.06	2163	0.00	
22.08	2165	0.00	
22.09	2166	0.00	
22.10	2168	0.00	
22.11	2169	-0.00	
22.13	2171	-0.00	
22.14	2172	-0.00	
22.15	2174	-0.00	
22.17	2175	-0.00	
22.18	2177	-0.00	
22.19	2178	-0.00	
22.20	2180	-0.00	
22.22	2181	-0.00	
22.23	2183	-0.00	
22.24	2184	-0.00	
22.25	2186	-0.00	
22.27	2187	-0.00	
22.28	2189	-0.01	
22.29	2190	-0.01	
22.30	2192	-0.01	
22.32	2193	-0.01	
22.33	2195	-0.01	
22.34	2196	-0.01	
22.36	2198	-0.01	
22.37	2199	-0.01	
22.38	2201	-0.01	
22.39	2202	-0.01	
22.41	2204	-0.01	
22.42	2205	-0.01	
22.43	2207	-0.01	
22.44	2208	-0.01	
22.46	2210	-0.01	
22.47	2211	-0.01	
22.48	2213	-0.01	
22.50	2214	-0.01	
22.51	2216	-0.01	
22.52	2217	-0.01	
22.53	2219	-0.02	
22.55	2220	-0.02	
22.56	2222	-0.02	
22.57	2223	-0.02	
22.58	2225	-0.02	
22.60	2226	-0.02	
22.61	2228	-0.02	
22.62	2229	-0.02	
22.63	2231	-0.02	
22.65	2232	-0.02	
22.66	2234	-0.02	
22.67	2235	-0.02	
22.68	2237	-0.02	
22.70	2238	-0.02	
22.71	2240	-0.02	
22.72	2241	-0.02	
22.73	2243	-0.02	
22.75	2244	-0.02	
22.76	2246	-0.02	
22.77	2247	-0.02	
22.79	2249	-0.02	
22.80	2250	-0.02	
22.81	2252	-0.03	
22.82	2253	-0.03	
22.84	2255	-0.03	
22.85	2256	-0.03	
22.86	2258	-0.03	
22.87	2259	-0.03	
22.89	2261	-0.03	
22.90	2262	-0.03	
22.91	2264	-0.03	
22.92	2265	-0.03	
22.94	2267	-0.03	
22.95	2268	-0.03	
22.96	2270	-0.03	
22.97	2271	-0.03	
22.99	2273	-0.03	
23.00	2274	-0.03	
23.01	2276	-0.03	
23.03	2277	-0.03	
23.04	2279	-0.03	
23.05	2280	-0.03	
23.06	2282	-0.03	
23.08	2283	-0.03	
23.09	2285	-0.03	
23.10	2286	-0.03	
23.12	2288	-0.03	
23.13	2289	-0.04	
23.14	2291	-0.04	
23.15	2292	-0.04	
23.17	2294	-0.04	
23.18	2295	-0.04	
23.19	2297	-0.04	
23.20	2298	-0.04	
23.22	2300	-0.04	
23.23	2301	-0.04	
23.24	2303	-0.04	
23.25	2304	-0.04	
23.27	2306	-0.04	
23.28	2307	-0.04	
23.29	2309	-0.04	
23.30	2310	-0.04	
23.32	2312	-0.04	
23.33	2313	-0.04	
23.34	2315	-0.04	
23.35	2316	-0.04	
23.37	2318	-0.05	
23.38	2319	-0.05	
23.39	2321	-0.05	
23.40	2322	-0.05	
23.42	2324	-0.05	
23.43	2325	-0.05	
23.44	2327	-0.05	
23.46	2328	-0.05	
23.47	2330	-0.05	
23.48	2331	-0.05	
23.49	2333	-0.05	
23.51	2334	-0.05	
23.52	2336	-0.05	
23.53	2337	-0.05	
23.54	2339	-0.05	
23.56	2340	-0.05	
23.57	2342	-0.05	
23.58	2343	-0.05	
23.59	2345	-0.05	
23.61	2346	-0.05	
23.62	2348	-0.05	
23.63	2349	-0.06	
23.64	2351	-0.06	
23.66	2352	-0.06	
23.67	2354	-0.06	
23.68	2355	-0.06	
23.70	2357	-0.06	
23.71	2358	-0.06	
23.72	2360	-0.06	
23.73	2361	-0.06	
23.75	2363	-0.06	
23.76	2364	-0.06	
23.77	2366	-0.06	
23.78	2367	-0.06	
23.80	2369	-0.06	
23.81	2370	-0.06	
23.82	2372	-0.06	
23.84	2373	-0.06	
23.85	2375	-0.06	
23.86	2376	-0.06	
23.88	2378	-0.06	
23.89	2379	-0.06	
23.90	2381	-0.06	
23.91	2382	-0.07	
23.92	2384	-0.07	
23.94	2385	-0.07	
23.95	2387	-0.07	
23.96	2388	-0.07	
23.97	2390	-0.07	
23.99	2391	-0.07	
24.00	2393	-0.07	
24.01	2394	-0.07	
24.02	2396	-0.07	
24.04	2397	-0.07	
24.05	2399	-0.07	
24.06	2400	-0.07	
24.08	2402	-0.07	
24.09	2403	-0.07	
24.10	2405	-0.07	
24.11	2406	-0.07	
24.13	2408	-0.07	
24.14	2409	-0.07	
24.15	2411	-0.07	
24.16	2412	-0.07	
24.18	2414	-0.07	
24.19	2415	-0.08	
24.20	2417	-0.08	
24.22	2418	-0.08	
24.23	2420	-0.08	
24.24	2421	-0.08	
24.25	2423	-0.08	
24.27	2424	-0.08	
24.28	2426	-0.08	
24.29	2427	-0.08	
24.31	2429	-0.08	
24.32	2430	-0.08	
24.33	2432	-0.08	
24.34	2433	-0.08	
24.35	2435	-0.08	
24.37	2436	-0.08	
24.38	2438	-0.08	
24.39	2439	-0.08	
24.41	2441	-0.08	
24.42	2442	-0.09	
24.43	2444	-0.09	
24.44	2445	-0.09	
24.46	2447	-0.09	
24.47	2448	-0.09	
24.48	2450	-0.09	
24.49	2451	-0.09	
24.51	2453	-0.09	
24.52	2454	-0.09	
24.53	2456	-0.09	
24.55	2457	-0.09	
24.56	2459	-0.09	
24.57	2460	-0.09	
24.58	2462	-0.09	
24.60	2463	-0.09	
24.61	2465	-0.09	
24.62	2466	-0.09	
24.63	2468	-0.09	
24.65	2469	-0.09	
24.66	2471	-0.09	
24.67	2472	-0.09	
24.68	2474	-0.09	
24.70	2475	-0.10	
24.71	2477	-0.10	
24.72	2478	-0.10	
24.73	2480	-0.10	
24.75	2481	-0.10	
24.76	2483	-0.10	
24.77	2484	-0.10	
24.79	2486	-0.10	
24.80	2487	-0.10	
24.81	2489	-0.10	
24.82	2490	-0.10	
24.84	2492	-0.10	
24.85	2493	-0.10	
24.86	2495	-0.10	
24.87	2496	-0.10	
24.89	2498	-0.10	
24.90	2499	-0.10	
24.91	2501	-0.10	
24.92	2502	-0.10	
24.94	2504	-0.10	
24.95	2505	-0.11	
24.96	2507	-0.11	
24.98	2508	-0.11	
24.99	2510	-0.11	
25.00	2511	-0.11	
25.01	2513	-0.11	
25.03	2514	-0.11	
25.04	2516	-0.11	
25.05	2517	-0.11	
25.06	2519	-0.11	
25.08	2520	-0.11	
25.09	2522	-0.11	
25.10	2523	-0.11	
25.11	2525	-0.11	
25.13	2526	-0.11	
25.14	2528	-0.11	
25.15	2529	-0.11	
25.17	2531	-0.11	
25.18	2532	-0.11	
25.19	2534	-0.11	
25.20	2535	-0.12	
25.22	2537	-0.12	
25.23	2538	-0.12	
25.24	2540	-0.12	
25.25	2541	-0.12	
25.27	2543	-0.12	
25.28	2544	-0.12	
25.29	2546	-0.12	
25.30	2547	-0.12	
25.32	2549	-0.12	
25.33	2550	-0.12	
25.34	2552	-0.12	
25.36	2553	-0.12	
25.37	2555	-0.12	
25.38	2556	-0.12	
25.39	2558	-0.12	
25.41	2559	-0.12	
25.42	2561	-0.12	
25.43	2562	-0.12	
25.44	2564	-0.13	
25.46	2565	-0.13	
25.47	2567	-0.13	
25.48	2568	-0.13	
25.49	2570	-0.13	
25.51	2571	-0.13	
25.52	2573	-0.13	
25.53	2574	-0.13	
25.54	2576	-0.13	
25.56	2577	-0.13	
25.57	2579	-0.13	
25.58	2580	-0.13	
25.60	2582	-0.13	
25.61	2583	-0.13	
25.62	2585	-0.13	
25.63	2586	-0.13	
25.65	2588	-0.13	
25.66	2589	-0.14	
25.67	2591	-0.14	
25.68	2592	-0.14	
25.70	2594	-0.14	
25.71	2595	-0.14	
25.72	2597	-0.14	
25.74	2598	-0.14	
25.75	2600	-0.14	
25.76	2601	-0.14	
25.77	2603	-0.14	
25.79	2604	-0.14	
25.80	2606	-0.14	
25.81	2607	-0.14	
25.82	2609	-0.14	
25.84	2610	-0.14	
25.85	2612	-0.14	
25.86	2613	-0.14	
25.87	2615	-0.15	
25.89	2616	-0.15	
25.90	2618	-0.15	
25.91	2619	-0.15	
25.92	2621	-0.15	
25.94	2622	-0.15	
25.95	2624	-0.15	
25.96	2625	-0.15	
25.98	2627	-0.15	
25.99	2628	-0.15	
26.00	2630	-0.15	
26.01	2631	-0.15	
26.03	2633	-0.15	
26.04	2634	-0.15	
26.05	2636	-0.15	
26.06	2637	-0.15	
26.08	2639	-0.15	
26.09	2640	-0.15	
26.10	2642	-0.15	
26.11	2643	-0.15	
26.13	2645	-0.16	
26.14	2646	-0.16	
26.15	2648	-0.16	
26.17	2649	-0.16	
26.18	2651	-0.16	
26.19	2652	-0.16	
26.20	2654	-0.16	
26.22	2655	-0.16	
26.23	2657	-0.16	
26.24	2658	-0.16	
26.25	2660	-0.16	
26.27	2661	-0.16	
26.28	2663	-0.16	
26.29	2664	-0.16	
26.30	2666	-0.16	
26.32	2667	-0.16	
26.33	2669	-0.16	
26.34	2670	-0.16	
26.36	2672	-0.17	
26.37	2673	-0.17	
26.38	2675	-0.17	
26.39	2676	-0.17	
26.40	2678	-0.17	
26.42	2679	-0.17	
26.43	2681	-0.17	
26.44	2682	-0.17	
26.46	2684	-0.17	
26.47	2685	-0.17	
26.48	2687	-0.17	
26.49	2688	-0.17	
26.51	2690	-0.17	
26.52	2691	-0.17	
26.53	2693	-0.17	
26.54	2694	-0.17	
26.56	2696	-0.17	
26.57	2697	-0.18	
26.58	2699	-0.18	
26.59	2700	-0.18	
26.61	2702	-0.18	
26.62	2703	-0.18	
26.63	2705	-0.18	
26.65	2706	-0.18	
26.66	2708	-0.18	
26.67	2709	-0.18	
26.68	2711	-0.18	
26.70	2712	-0.18	
26.71	2714	-0.18	
26.72	2715	-0.18	
26.73	2717	-0.18	
26.75	2718	-0.18	
26.76	2720	-0.18	
26.77	2721	-0.18	
26.78	2723	-0.19	
26.80	2724	-0.19	
26.81	2726	-0.19	
26.82	2727	-0.19	
26.84	2729	-0.19	
26.85	2730	-0.19	
26.86	2732	-0.19	
26.87	2733	-0.19	
26.89	2735	-0.19	
26.90	2736	-0.19	
26.91	2738	-0.19	
26.92	2739	-0.19	
26.94	2741	-0.19	
26.95	2742	-0.19	
26.96	2744	-0.19	
26.97	2745	-0.19	
26.99	2747	-0.19	
27.00	2748	-0.19	
27.01	2750	-0.19	
27.03	2751	-0.19	
27.04	2753	-0.20	
27.05	2754	-0.20	
27.06	2756	-0.20	
27.08	2757	-0.20	
27.09	2759	-0.20	
27.10	2760	-0.20	
27.11	2762	-0.20	
27.13	2763	-0.20	
27.14	2765	-0.20	
27.15	2766	-0.20	
27.16	2768	-0.20	
27.18	2769	-0.20	
27.19	2771	-0.20	
27.20	2772	-0.20	
27.22	2774	-0.20	
27.23	2775	-0.21	
27.24	2777	-0.21	
27.25	2778	-0.21	
27.27	2780	-0.21	
27.28	2781	-0.21	
27.29	2783	-0.21	
27.30	2784	-0.21	
27.32	2786	-0.21	
27.33	2787	-0.21	
27.34	2789	-0.21	
27.36	2790	-0.21	
27.37	2792	-0.21	
27.38	2793	-0.21	
27.39	2795	-0.21	
27.41	2796	-0.21	
27.42	2798	-0.21	
27.43	2799	-0.21	
27.44	2801	-0.22	
27.46	2802	-0.22	
27.47	2804	-0.22	
27.48	2805	-0.22	
27.49	2807	-0.22	
27.51	2808	-0.22	
27.52	2810	-0.22	
27.53	2811	-0.22	
27.54	2813	-0.22	
27.56	2814	-0.22	
27.57	2816	-0.22	
27.58	2817	-0.22	
27.60	2819	-0.22	
27.61	2820	-0.22	
27.62	2822	-0.22	
27.63	2823	-0.22	
27.65	2825	-0.22	
27.66	2826	-0.22	
27.67	2828	-0.23	
27.68	2829	-0.23	
27.70	2831	-0.23	
27.71	2832	-0.23	
27.72	2834	-0.23	
27.73	2835	-0.23	
27.75	2837	-0.23	
27.76	2838	-0.23	
27.77	2840	-0.23	
27.79	2841	-0.23	
27.80	2843	-0.23	
27.81	2844	-0.23	
27.82	2846	-0.23	
27.84	2847	-0.23	
27.85	2849	-0.23	
27.86	2850	-0.23	
27.87	2852	-0.24	
27.89	2853	-0.24	
27.90	2855	-0.24	
27.91	2856	-0.24	
27.92	2858	-0.24	
27.94	2859	-0.24	
27.95	2861	-0.24	
27.96	2862	-0.24	
27.98	2864	-0.24	
27.99	2865	-0.24	
28.00	2867	-0.24	
28.01	2868	-0.24	
28.03	2870	-0.24	
28.04	2871	-0.24	
28.05	2873	-0.24	
28.06	2874	-0.24	
28.08	2876	-0.24	
28.09	2877	-0.24	
28.10	2879	-0.25	
28.11	2880	-0.25	
28.13	2882	-0.25	
28.14	2883	-0.25	
28.15	2885	-0.25	
28.16	2886	-0.25	
28.18	2888	-0.25	
28.19	2889	-0.25	
28.20	2891	-0.25	
28.22	2892	-0.25	
28.23	2894	-0.25	
28.24	2895	-0.25	
28.25	2897	-0.25	
28.27	2898	-0.25	
28.28	2900	-0.25	
28.29	2901	-0.25	
28.30	2903	-0.26	
28.32	2904	-0.26	
28.33	2906	-0.26	
28.34	2907	-0.26	
28.35	2909	-0.26	
28.37	2910	-0.26	
28.38	2912	-0.26	
28.39	2913	-0.26	
28.40	2915	-0.26	
28.42	2916	-0.26	
28.43	2918	-0.26	
28.44	2919	-0.26	
28.45	2921	-0.26	
28.47	2922	-0.26	
28.48	2924	-0.26	
28.49	2925	-0.26	
28.51	2927	-0.26	
28.52	2928	-0.26	
28.53	2930	-0.27	
28.55	2931	-0.27	
28.56	2933	-0.27	
28.57	2934	-0.27	
28.58	2936	-0.27	
28.59	2937	-0.27	
28.61	2939	-0.27	
28.62	2940	-0.27	
28.63	2942	-0.27	
28.64	2943	-0.27	
28.66	2945	-0.27	
28.67	2946	-0.27	
28.68	2948	-0.27	
28.70	2949	-0.28	
28.71	2951	-0.28	
28.72	2952	-0.28	
28.73	2954	-0.28	
28.75	2955	-0.28	
28.76	2957	-0.28	
28.77	2958	-0.28	
28.78	2960	-0.28	
28.80	2961	-0.28	
28.81	2963	-0.28	
28.82	2964	-0.28	
28.83	2966	-0.28	
28.85	2967	-0.28	
28.86	2969	-0.28	
28.87	2970	-0.28	
28.89	2972	-0.28	
28.90	2973	-0.28	
28.91	2975	-0.29	
28.92	2976	-0.29	
28.94	2978	-0.29	
28.95	2979	-0.29	
28.96	2981	-0.29	
28.97	2982	-0.29	
28.99	2984	-0.29	
29.00	2985	-0.29	
29.01	2987	-0.29	
29.02	2988	-0.29	
29.04	2990	-0.29	
29.05	2991	-0.29	
29.06	2993	-0.29	
29.08	2994	-0.29	
29.09	2996	-0.29	
29.10	2997	-0.30	
29.11	2999	-0.30	
29.13	3000	-0.30	
29.14	3002	-0.30	
29.15	3003	-0.30	
29.16	3005	-0.30	
29.18	3006	-0.30	
29.19	3008	-0.30	
29.20	3009	-0.30	
29.22	3011	-0.30	
29.23	3012	-0.30	
29.24	3014	-0.30	
29.25	3015	-0.30	
29.27	3017	-0.30	
29.28	3018	-0.30	
29.29	3020	-0.30	
29.30	3021	-0.30	
29.32	3023	-0.31	
29.33	3024	-0.31	
29.34	3026	-0.31	
29.35	3027	-0.31	
29.37	3029	-0.31	
29.38	3030	-0.31	
29.39	3032	-0.31	
29.41	3033	-0.31	
29.42	3035	-0.31	
29.43	3036	-0.31	
29.44	3038	-0.31	
29.46	3039	-0.31	
29.47	3041	-0.31	
29.48	3042	-0.31	
29.49	3044	-0.31	
29.51	3045	-0.31	
29.52	3047	-0.31	
29.53	3048	-0.31	
29.54	3050	-0.31	
29.56	3051	-0.32	
29.57	3053	-0.32	
29.58	3054	-0.32	
29.59	3056	-0.32	
29.61	3057	-0.32	
29.62	3059	-0.32	
29.63	3060	-0.32	
29.64	3062	-0.32	
29.66	3063	-0.32	
29.67	3065	-0.32	
29.68	3066	-0.33	
29.70	3068	-0.33	
29.71	3069	-0.33	
29.72	3071	-0.33	
29.73	3072	-0.33	
29.75	3074	-0.33	
29.76	3075	-0.33	
29.77	3077	-0.33	
29.78	3078	-0.33	
29.80	3080	-0.33	
29.81	3081	-0.33	
29.82	3083	-0.34	
29.84	3084	-0.34	
29.85	3086	-0.34	
29.86	3087	-0.34	
29.87	3089	-0.34	
29.89	3090	-0.34	
29.90	3092	-0.34	
29.91	3093	-0.34	
29.92	3095	-0.34	
29.94	3096	-0.34	
29.95	3098	-0.34	
29.96	3099	-0.34	
29.97	3101	-0.34	
29.99	3102	-0.34	
30.00	3104	-0.34	
30.01	3105	-0.34	
30.03	3107	-0.34	
30.04	3108	-0.34	
30.05	3110	-0.35	
30.06	3111	-0.35	
30.08	3113	-0.35	
30.09	3114	-0.35	
30.10	3116	-0.35	
30.11	3117	-0.35	
30.13	3119	-0.35	
30.14	3120	-0.35	
30.15	3122	-0.35	
30.17	3123	-0.35	
30.18	3125	-0.35	
30.19	3126	-0.35	
30.20	3128	-0.35	
30.21	3129	-0.35	
30.23	3131	-0.35	
30.24	3132	-0.36	
30.25	3134	-0.36	
30.26	3135	-0.36	
30.28	3137	-0.36	
30.29	3138	-0.36	
30.30	3140	-0.36	
30.31	3141	-0.36	
30.33	3143	-0.36	
30.34	3144	-0.36	
30.35	3146	-0.36	
30.37	3147	-0.36	
30.38	3149	-0.36	
30.39	3150	-0.36	
30.40	3152	-0.36	
30.42	3153	-0.36	
30.43	3155	-0.37	
30.44	3156	-0.37	
30.45	3158	-0.37	
30.47	3159	-0.37	
30.48	3161	-0.37	
30.49	3162	-0.37	
30.50	3164	-0.37	
30.52	3165	-0.37	
30.53	3167	-0.37	
30.54	3168	-0.37	
30.56	3170	-0.37	
30.57	3171	-0.37	
30.58	3173	-0.37	
30.59	3174	-0.37	
30.61	3176	-0.37	
30.62	3177	-0.38	
30.63	3179	-0.38	
30.65	3180	-0.38	
30.66	3182	-0.38	
30.67	3183	-0.38	
30.68	3185	-0.38	
30.70	3186	-0.38	
30.71	3188	-0.38	
30.72	3189	-0.38	
30.73	3191	-0.38	
30.75	3192	-0.38	
30.76	3194	-0.38	
30.77	3195	-0.39	
30.78	3197	-0.39	
30.80	3198	-0.39	
30.81	3200	-0.39	
30.83	3201	-0.39	
30.84	3203	-0.39	
30.86	3204	-0.39	
30.87	3206	-0.39	
30.88	3207	-0.39	
30.90	3209	-0.39	
30.91	3210	-0.39	
30.92	3212	-0.39	
30.93	3213	-0.39	
30.95	3215	-0.39	
30.96	3216	-0.39	
30.97	3218	-0.39	
30.98	3219	-0.40	
30.99	3221	-0.40	
31.00	3222	-0.40	
31.01	3224	-0.40	
31.03	3225	-0.40	
31.04	3227	-0.40	
31.05	3228	-0.40	
31.06	3230	-0.40	
31.08	3231	-0.40	
31.09	3233	-0.40	
31.10	3234	-0.40	
31.11	3236	-0.40	
31.12	3237	-0.40	
31.14	3239	-0.40	
31.15	3240	-0.40	
31.16	3242	-0.41	
31.17	3243	-0.41	
31.19	3245	-0.41	
31.20	3246	-0.41	
31.21	3248	-0.41	
31.23	3249	-0.41	
31.24	3251	-0.41	
31.25	3252	-0.41	
31.26	3254	-0.41	
31.28	3255	-0.41	
31.29	3257	-0.41	
31.30	3258	-0.41	
31.31	3260	-0.41	
31.33	3261	-0.42	
31.34	3263	-0.42	
31.35	3264	-0.42	
31.36	3266	-0.42	
31.38	3267	-0.42	
31.39	3269	-0.42	
31.40	3270	-0.42	
31.41	3272	-0.42	
31.43	3273	-0.42	
31.44	3275	-0.42	
31.45	3276	-0.42	
31.47	3278	-0.42	
31.48	3279	-0.42	
31.49	3281	-0.42	
31.51	3282	-0.43	
31.52	3284	-0.43	
31.53	3285	-0.43	
31.54	3287	-0.43	
31.55	3288	-0.43	
31.57	3290	-0.43	
31.58	3291	-0.43	
31.59	3293	-0.43	
31.60	3294	-0.43	
31.62	3296	-0.43	
31.63	3297	-0.43	
31.64	3299	-0.43	
31.66	3300	-0.43	
31.67	3302	-0.43	
31.68	3303	-0.43	
31.69	3305	-0.44	
31.71	3306	-0.44	
31.72	3308	-0.44	
31.73	3309	-0.44	
31.74	3311	-0.44	
31.76	3312	-0.44	
31.77	3314	-0.44	
31.78	3315	-0.44	
31.79	3317	-0.44	
31.81	3318	-0.44	
31.82	3320	-0.44	
31.83	3321	-0.44	
31.85	3323	-0.44	
31.86	3324	-0.45	
31.87	3326	-0.45	
31.88	3327	-0.45	
31.90	3329	-0.45	
31.91	3330	-0.45	
31.92	3332	-0.45	
31.93	3333	-0.45	
31.95	3335	-0.45	
31.96	3336	-0.45	
31.97	3338	-0.45	
31.99	3339	-0.45	
32.00	3341	-0.45	
32.01	3342	-0.46	
32.02	3344	-0.46	
32.04	3345	-0.46	
32.05	3347	-0.46	
32.06	3348	-0.46	
32.07	3350	-0.46	
32.09	3351	-0.46	
32.10	3353	-0.46	
32.11	3354	-0.46	
32.12	3356	-0.46	
32.14	3357	-0.46	
32.15	3359	-0.46	
32.16	3360	-0.46	
32.17	3362	-0.47	
32.19	3363	-0.47	
32.20	3365	-0.47	
32.21	3366	-0.47	
32.23	3368	-0.47	
32.24	3369	-0.47	
32.25	3371	-0.47	
32.26	3372	-0.47	
32.28	3374	-0.47	
32.29	3375	-0.47	
32.30	3377	-0.47	
32.31	3378	-0.47	
32.33	3380	-0.47	
32.34	3381	-0.48	
32.35	3383	-0.48	
32.36	3384	-0.48	
32.38	3386	-0.48	
32.39	3387	-0.48	
32.40	3389	-0.48	
32.42	3390	-0.48	
32.43	3392	-0.48	
32.44	3393	-0.48	
32.45	3395	-0.48	
32.47	3396	-0.48	
32.48	3398	-0.48	
32.49	3399	-0.48	
32.50	3401	-0.48	
32.52	3402	-0.49	
32.53	3404	-0.49	
32.54	3405	-0.49	
32.55	3407	-0.49	
32.57	3408	-0.49	
32.58	3410	-0.49	
32.59	3411	-0.49	
32.61	3413	-0.49	
32.62	3414	-0.49	
32.63	3416	-0.49	
32.64	3417	-0.49	
32.66	3419	-0.49	
32.67	3420	-0.49	
32.68	3422	-0.49	
32.69	3423	-0.50	
32.71	3425	-0.50	
32.72	3426	-0.50	
32.73	3428	-0.50	
32.74	3429	-0.50	
32.76	3431	-0.50	
32.77	3432	-0.50	
32.78	3434	-0.50	
32.80	3435	-0.50	
32.81	3437	-0.50	
32.82	3438	-0.50	
32.83	3440	-0.51	
32.85	3441	-0.51	
32.86	3443	-0.51	
32.87	3444	-0.51	
32.88	3446	-0.51	
32.90	3447	-0.51	
32.91	3449	-0.51	
32.92	3450	-0.51	
32.93	3452	-0.51	
32.95	3453	-0.51	
32.96	3455	-0.51	
32.97	3456	-0.51	
32.99	3458	-0.52	
33.00	3459	-0.52	
33.01	3461	-0.52	
33.02	3462	-0.52	
33.04	3464	-0.52	
33.05	3465	-0.52	
33.06	3467	-0.52	
33.07	3468	-0.52	
33.09	3470	-0.52	
33.10	3471	-0.52	
33.11	3473	-0.52	
33.12	3474	-0.52	
33.14	3476	-0.52	
33.15	3477	-0.52	
33.16	3479	-0.52	
33.18	3480	-0.53	
33.19	3482	-0.53	
33.20	3483	-0.53	
33.21	3485	-0.53	
33.23	3486	-0.53	
33.24	3488	-0.53	
33.25	3489	-0.53	
33.26	3491	-0.53	
33.28	3492	-0.53	
33.29	3494	-0.53	
33.30	3495	-0.53	
33.31	3497	-0.53	
33.33	3498	-0.53	
33.34	3500	-0.54	
33.35	3501	-0.54	
33.37	3503	-0.54	
33.38	3504	-0.54	
33.39	3506	-0.54	
33.40	3507	-0.54	
33.42	3509	-0.54	
33.43	3510	-0.54	
33.44	3512	-0.54	
33.45	3513	-0.54	
33.47	3515	-0.54	
33.48	3516	-0.54	
33.49	3518	-0.55	
33.50	3519	-0.55	
33.52	3521	-0.55	
33.53	3522	-0.55	
33.54	3524	-0.55	
33.56	3525	-0.55	
33.57	3527	-0.55	
33.58	3528	-0.55	
33.59	3530	-0.55	
33.61	3531	-0.55	
33.62	3533	-0.55	
33.63	3534	-0.55	
33.64	3536	-0.55	
33.65	3537	-0.55	
33.67	3539	-0.56	
33.68	3540	-0.56	
33.69	3542	-0.56	
33.70	3543	-0.56	
33.72	3545	-0.56	
33.73	3546	-0.56	
33.75	3548	-0.56	
33.76	3549	-0.56	
33.77	3551	-0.56	
33.79	3552	-0.56	
33.80	3554	-0.56	
33.81	3555	-0.56	
33.82	3557	-0.56	
33.83	3558	-0.57	
33.85	3560	-0.57	
33.86	3561	-0.57	
33.87	3563	-0.57	
33.88	3564	-0.57	
33.89	3566	-0.57	
33.91	3567	-0.57	
33.92	3569	-0.57	
33.93	3570	-0.57	
33.95	3572	-0.57	
33.96	3573	-0.57	
33.97	3575	-0.57	
33.99	3576	-0.58	
34.00	3578	-0.58	
34.01	3579	-0.58	
34.03	3581	-0.58	
34.04	3582	-0.58	
34.05	3584	-0.58	
34.06	3585	-0.58	
34.07	3587	-0.58	
34.09	3588	-0.58	
34.10	3590	-0.58	
34.11	3591	-0.58	
34.12	3593	-0.58	
34.14	3594	-0.58	
34.15	3596	-0.58	
34.16	3597	-0.58	
34.18	3599	-0.58	
34.19	3600	-0.58	
34.20	3602	-0.58	
34.21	3603	-0.58	
34.23	3605	-0.59	
34.24	3606	-0.59	
34.25	3608	-0.59	
34.26	3609	-0.59	
34.28	3611	-0.59	
34.29	3612	-0.59	
34.30	3614	-0.59	
34.31	3615	-0.59	
34.33	3617	-0.59	
34.34	3618	-0.59	
34.35	3620	-0.60	
34.36	3621	-0.60	
34.38	3623	-0.60	
34.39	3624	-0.60	
34.40	3626	-0.60	
34.41	3627	-0.60	
34.43	3629	-0.60	
34.44	3630	-0.60	
34.45	3632	-0.60	
34.47	3633	-0.61	
34.48	3635	-0.61	
34.49	3636	-0.61	
34.50	3638	-0.61	
34.52	3639	-0.61	
34.53	3641	-0.61	
34.54	3642	-0.61	
34.55	3644	-0.61	
34.57	3645	-0.61	
34.58	3647	-0.61	
34.59	3648	-0.61	
34.60	3650	-0.61	
34.62	3651	-0.62	
34.63	3653	-0.62	
34.64	3654	-0.62	
34.66	3656	-0.62	
34.67	3657	-0.62	
34.68	3659	-0.62	
34.69	3660	-0.62	
34.71	3662	-0.62	
34.72	3663	-0.63	
34.73	3665	-0.63	
34.74	3666	-0.63	
34.76	3668	-0.63	
34.77	3669	-0.63	
34.78	3671	-0.63	
34.79	3672	-0.63	
34.81	3674	-0.63	
34.82	3675	-0.63	
34.83	3677	-0.63	
34.85	3678	-0.63	
34.86	3680	-0.63	
34.87	3681	-0.63	
34.88	3683	-0.63	
34.90	3684	-0.63	
34.91	3686	-0.63	
34.92	3687	-0.63	
34.93	3689	-0.63	
34.95	3690	-0.63	
34.96	3692	-0.64	
34.97	3693	-0.64	
34.98	3695	-0.64	
35.00	3696	-0.64	
35.01	3698	-0.64	
35.02	3699	-0.64	
35.04	3701	-0.64	
35.05	3702	-0.64	
35.06	3704	-0.64	
35.07	3705	-0.64	
35.09	3707	-0.64	
35.10	3708	-0.65	
35.11	3710	-0.65	
35.12	3711	-0.65	
35.14	3713	-0.65	
35.15	3714	-0.65	
35.16	3716	-0.65	
35.17	3717	-0.65	
35.19	3719	-0.65	
35.20	3720	-0.65	
35.21	3722	-0.65	
35.23	3723	-0.65	
35.24	3725	-0.65	
35.25	3726	-0.65	
35.26	3728	-0.65	
35.28	3729	-0.66	
35.29	3731	-0.66	
35.30	3732	-0.66	
35.31	3734	-0.66	
35.33	3735	-0.66	
35.34	3737	-0.66	
35.35	3738	-0.66	
35.36	3740	-0.66	
35.38	3741	-0.66	
35.39	3743	-0.66	
35.41	3744	-0.66	
35.42	3746	-0.66	
35.44	3747	-0.67	
35.45	3749	-0.67	
35.47	3750	-0.67	
35.48	3752	-0.67	
35.49	3753	-0.67	
35.50	3755	-0.67	
35.51	3756	-0.67	
35.53	3758	-0.67	
35.54	3759	-0.67	
35.55	3761	-0.67	
35.56	3762	-0.67	
35.57	3764	-0.68	
35.59	3765	-0.68	
35.60	3767	-0.68	
35.61	3768	-0.68	
35.63	3770	-0.68	
35.64	3771	-0.68	
35.65	3773	-0.68	
35.67	3774	-0.68	
35.68	3776	-0.68	
35.69	3777	-0.68	
35.70	3779	-0.68	
35.72	3780	-0.68	
35.73	3782	-0.68	
35.74	3783	-0.68	
35.75	3785	-0.69	
35.76	3786	-0.69	
35.78	3788	-0.69	
35.79	3789	-0.69	
35.80	3791	-0.69	
35.81	3792	-0.69	
35.83	3794	-0.69	
35.84	3795	-0.69	
35.85	3797	-0.69	
35.87	3798	-0.69	
35.88	3800	-0.69	
35.89	3801	-0.70	
35.90	3803	-0.70	
35.92	3804	-0.70	
35.93	3806	-0.70	
35.94	3807	-0.70	
35.95	3809	-0.70	
35.96	3810	-0.70	
35.98	3812	-0.70	
35.99	3813	-0.70	
36.00	3815	-0.70	
36.01	3816	-0.70	
36.02	3818	-0.70	
36.03	3819	-0.70	
36.05	3821	-0.70	
36.06	3822	-0.71	
36.07	3824	-0.71	
36.08	3825	-0.71	
36.10	3827	-0.71	
36.11	3828	-0.71	
36.13	3830	-0.71	
36.14	3831	-0.71	
36.16	3833	-0.71	
36.17	3834	-0.71	
36.18	3836	-0.71	
36.20	3837	-0.71	
36.21	3839	-0.72	
36.22	3840	-0.72	
36.23	3842	-0.72	
36.24	3843	-0.72	
36.25	3845	-0.72	
36.27	3846	-0.72	
36.28	3848	-0.72	
36.29	3849	-0.72	
36.30	3851	-0.72	
36.32	3852	-0.72	
36.33	3854	-0.72	
36.34	3855	-0.72	
36.36	3857	-0.72	
36.37	3858	-0.72	
36.38	3860	-0.72	
36.39	3861	-0.72	
36.41	3863	-0.73	
36.42	3864	-0.73	
36.43	3866	-0.73	
36.44	3867	-0.73	
36.46	3869	-0.73	
36.47	3870	-0.73	
36.48	3872	-0.73	
36.49	3873	-0.73	
36.51	3875	-0.73	
36.52	3876	-0.73	
36.53	3878	-0.73	
36.55	3879	-0.74	
36.56	3881	-0.73	
36.57	3882	-0.74	
36.58	3884	-0.74	
36.60	3885	-0.74	
36.61	3887	-0.74	
36.62	3888	-0.74	
36.63	3890	-0.74	
36.65	3891	-0.74	
36.66	3893	-0.74	
36.67	3894	-0.74	
36.68	3896	-0.74	
36.70	3897	-0.74	
36.71	3899	-0.74	
36.72	3900	-0.74	
36.73	3902	-0.74	
36.75	3903	-0.74	
36.76	3905	-0.75	
36.77	3906	-0.75	
36.78	3908	-0.75	
36.80	3909	-0.75	
36.81	3911	-0.75	
36.82	3912	-0.75	
36.84	3914	-0.75	
36.85	3915	-0.75	
36.86	3917	-0.75	
36.88	3918	-0.75	
36.89	3920	-0.75	
36.90	3921	-0.75	
36.91	3923	-0.75	
36.92	3924	-0.75	
36.94	3926	-0.75	
36.95	3927	-0.75	
36.96	3929	-0.75	
36.97	3930	-0.76	
36.99	3932	-0.76	
37.00	3933	-0.76	
37.01	3935	-0.76	
37.02	3936	-0.76	
37.04	3938	-0.76	
37.05	3939	-0.76	
37.06	3941	-0.76	
37.08	3942	-0.76	
37.09	3944	-0.76	
37.10	3945	-0.76	
37.11	3947	-0.76	
37.13	3948	-0.76	
37.14	3950	-0.76	
37.15	3951	-0.76	
37.16	3953	-0.77	
37.17	3954	-0.77	
37.19	3956	-0.77	
37.20	3957	-0.77	
37.21	3959	-0.77	
37.23	3960	-0.77	
37.24	3962	-0.77	
37.25	3963	-0.77	
37.26	3965	-0.77	
37.28	3966	-0.77	
37.29	3968	-0.77	
37.30	3969	-0.77	
37.32	3971	-0.77	
37.33	3972	-0.77	
37.34	3974	-0.77	
37.35	3975	-0.77	
37.36	3977	-0.77	
37.38	3978	-0.77	
37.39	3980	-0.77	
37.40	3981	-0.77	
37.42	3983	-0.77	
37.43	3984	-0.77	
37.44	3986	-0.77	
37.45	3987	-0.77	
37.47	3989	-0.77	
37.48	3990	-0.77	
37.49	3992	-0.78	
37.50	3993	-0.78	
37.51	3995	-0.78	
37.52	3996	-0.78	
37.54	3998	-0.78	
37.55	3999	-0.78	
37.57	4001	-0.78	
37.58	4002	-0.78	
37.59	4004	-0.78	
37.61	4005	-0.78	
37.62	4007	-0.78	
37.63	4008	-0.78	
37.64	4010	-0.78	
37.66	4011	-0.78	
37.67	4013	-0.78	
37.68	4014	-0.78	
37.69	4016	-0.78	
37.71	4017	-0.78	
37.72	4019	-0.78	
37.73	4020	-0.78	
37.74	4022	-0.78	
37.76	4023	-0.78	
37.77	4025	-0.78	
37.78	4026	-0.78	
37.79	4028	-0.78	
37.81	4029	-0.78	
37.82	4031	-0.78	
37.83	4032	-0.78	
37.84	4034	-0.78	
37.86	4035	-0.78	
37.87	4037	-0.78	
37.88	4038	-0.78	
37.90	4040	-0.78	
37.91	4041	-0.78	
37.92	4043	-0.78	
37.93	4044	-0.78	
37.95	4046	-0.78	
37.96	4047	-0.78	
37.97	4049	-0.78	
37.98	4050	-0.78	
38.00	4052	-0.78	
38.01	4053	-0.78	
38.02	4055	-0.78	
38.03	4056	-0.78	
38.05	4058	-0.77	
38.06	4059	-0.77	
38.07	4061	-0.77	
38.09	4062	-0.77	
38.10	4064	-0.77	
38.11	4065	-0.77	
38.12	4067	-0.77	
38.14	4068	-0.77	
38.15	4070	-0.77	
38.16	4071	-0.77	
38.17	4073	-0.76	
38.19	4074	-0.76	
38.20	4076	-0.76	
38.21	4077	-0.76	
38.22	4079	-0.76	
38.24	4080	-0.76	
38.25	4082	-0.76	
38.26	4083	-0.76	
38.28	4085	-0.75	
38.29	4086	-0.75	
38.30	4088	-0.75	
38.31	4089	-0.75	
38.33	4091	-0.75	
38.34	4092	-0.74	
38.35	4094	-0.74	
38.36	4095	-0.74	
38.38	4097	-0.73	
38.39	4098	-0.73	
38.40	4100	-0.73	
38.42	4101	-0.72	
38.43	4103	-0.72	
38.44	4104	-0.72	
38.45	4106	-0.71	
38.46	4107	-0.71	
38.48	4109	-0.70	
38.49	4110	-0.70	
38.50	4112	-0.69	
38.51	4113	-0.69	
38.53	4115	-0.68	
38.54	4116	-0.68	
38.55	4118	-0.67	
38.57	4119	-0.66	
38.58	4121	-0.66	
38.59	4122	-0.65	
38.60	4124	-0.64	
38.62	4125	-0.63	
38.63	4127	-0.63	
38.64	4128	-0.62	
38.65	4130	-0.61	
38.66	4131	-0.60	
38.68	4133	-0.59	
38.69	4134	-0.58	
38.70	4136	-0.58	
38.72	4137	-0.57	
38.73	4139	-0.56	
38.74	4140	-0.55	
38.76	4142	-0.54	
38.77	4143	-0.52	
38.78	4145	-0.51	
38.79	4146	-0.50	
38.81	4148	-0.49	
38.82	4149	-0.48	
38.83	4151	-0.47	
38.84	4152	-0.46	
38.86	4154	-0.45	
38.87	4155	-0.44	
38.88	4157	-0.42	
38.90	4158	-0.41	
38.91	4160	-0.40	
38.92	4161	-0.39	
38.93	4163	-0.38	
38.95	4164	-0.37	
38.96	4166	-0.36	
38.97	4167	-0.35	
38.98	4169	-0.34	
39.00	4170	-0.32	
39.01	4172	-0.31	
39.02	4173	-0.30	
39.04	4175	-0.29	
39.05	4176	-0.28	
39.06	4178	-0.27	
39.07	4179	-0.26	
39.09	4181	-0.25	
39.10	4182	-0.24	
39.11	4184	-0.24	
39.13	4185	-0.23	
39.14	4187	-0.22	
39.15	4188	-0.21	
39.16	4190	-0.20	
39.18	4191	-0.19	
39.19	4193	-0.18	
39.20	4194	-0.17	
39.21	4196	-0.17	
39.22	4197	-0.16	
39.24	4199	-0.15	
39.25	4200	-0.14	
39.26	4202	-0.13	
39.27	4203	-0.13	
39.29	4205	-0.12	
39.30	4206	-0.11	
39.31	4208	-0.11	
39.33	4209	-0.10	
39.34	4211	-0.09	
39.35	4212	-0.09	
39.37	4214	-0.08	
39.38	4215	-0.07	
39.39	4217	-0.07	
39.41	4218	-0.06	
39.42	4220	-0.06	
39.43	4221	-0.05	
39.44	4223	-0.05	
39.46	4224	-0.04	
39.47	4226	-0.04	
39.48	4227	-0.03	
39.50	4229	-0.03	
39.51	4230	-0.02	
39.52	4232	-0.02	
39.53	4233	-0.01	
39.55	4235	-0.01	
39.56	4236	-0.01	
39.57	4238	-0.00	
39.58	4239	0.00	
39.60	4241	0.01	
39.61	4242	0.01	
39.62	4244	0.01	
39.63	4245	0.02	
39.65	4247	0.02	
39.66	4248	0.03	
39.67	4250	0.03	
39.68	4251	0.03	
39.70	4253	0.03	
39.71	4254	0.04	
39.72	4256	0.04	
39.73	4257	0.04	
39.74	4259	0.05	
39.76	4260	0.05	
39.77	4262	0.05	
39.78	4263	0.05	
39.79	4265	0.06	
39.81	4266	0.06	
39.82	4268	0.06	
39.83	4269	0.06	
39.85	4271	0.07	
39.86	4272	0.07	
39.87	4274	0.07	
39.88	4275	0.07	
39.90	4277	0.08	
39.91	4278	0.08	
39.92	4280	0.08	
39.93	4281	0.08	
39.95	4283	0.08	
39.96	4284	0.09	
39.97	4286	0.09	
39.98	4287	0.09	
40.00	4289	0.09	
40.01	4290	0.09	
40.02	4292	0.09	
40.03	4293	0.10	
40.05	4295	0.10	
40.06	4296	0.10	
40.07	4298	0.10	
40.09	4299	0.10	
40.10	4301	0.10	
40.11	4302	0.11	
40.13	4304	0.11	
40.14	4305	0.11	
40.15	4307	0.11	
40.16	4308	0.11	
40.18	4310	0.11	
40.19	4311	0.11	
40.20	4313	0.11	
40.21	4314	0.12	
40.23	4316	0.12	
40.24	4317	0.12	
40.25	4319	0.12	
40.26	4320	0.12	
40.28	4322	0.12	
40.29	4323	0.12	
40.30	4325	0.13	
40.31	4326	0.13	
40.33	4328	0.13	
40.34	4329	0.13	
40.35	4331	0.13	
40.36	4332	0.13	
40.38	4334	0.13	
40.39	4335	0.13	
40.40	4337	0.13	
40.41	4338	0.13	
40.43	4340	0.13	
40.44	4341	0.14	
40.45	4343	0.14	
40.46	4344	0.14	
40.48	4346	0.14	
40.49	4347	0.14	
40.50	4349	0.14	
40.51	4350	0.14	
40.53	4352	0.14	
40.54	4353	0.14	
40.55	4355	0.15	
40.57	4356	0.15	
40.58	4358	0.15	
40.59	4359	0.15	
40.60	4361	0.15	
40.62	4362	0.15	
40.63	4364	0.15	
40.64	4365	0.15	
40.65	4367	0.15	
40.67	4368	0.15	
40.68	4370	0.15	
40.69	4371	0.15	
40.70	4373	0.15	
40.72	4374	0.15	
40.73	4376	0.16	
40.74	4377	0.16	
40.75	4379	0.16	
40.77	4380	0.16	
40.78	4382	0.16	
40.79	4383	0.16	
40.81	4385	0.16	
40.82	4386	0.16	
40.83	4388	0.16	
40.84	4389	0.16	
40.86	4391	0.16	
40.87	4392	0.16	
40.88	4394	0.16	
40.89	4395	0.16	
40.91	4397	0.16	
40.92	4398	0.16	
40.93	4400	0.16	
40.95	4401	0.16	
40.96	4403	0.16	
40.97	4404	0.17	
40.99	4406	0.17	
41.00	4407	0.17	
41.01	4409	0.17	
41.02	4410	0.17	
41.03	4412	0.17	
41.04	4413	0.17	
41.06	4415	0.17	
41.07	4416	0.17	
41.08	4418	0.17	
41.09	4419	0.17	
41.11	4421	0.17	
41.12	4422	0.17	
41.14	4424	0.17	
41.15	4425	0.17	
41.16	4427	0.17	
41.17	4428	0.17	
41.19	4430	0.18	
41.20	4431	0.18	
41.21	4433	0.18	
41.22	4434	0.18	
41.23	4436	0.18	
41.25	4437	0.18	
41.26	4439	0.18	
41.27	4440	0.18	
41.28	4442	0.18	
41.30	4443	0.18	
41.31	4445	0.18	
41.32	4446	0.18	
41.34	4448	0.18	
41.35	4449	0.18	
41.36	4451	0.18	
41.38	4452	0.18	
41.39	4454	0.18	
41.40	4455	0.18	
41.41	4457	0.18	
41.42	4458	0.19	
41.44	4460	0.19	
41.45	4461	0.19	
41.46	4463	0.19	
41.48	4464	0.19	
41.49	4466	0.19	
41.50	4467	0.19	
41.51	4469	0.19	
41.53	4470	0.19	
41.54	4472	0.19	
41.55	4473	0.19	
41.56	4475	0.19	
41.58	4476	0.19	
41.59	4478	0.19	
41.60	4479	0.19	
41.61	4481	0.19	
41.63	4482	0.19	
41.64	4484	0.19	
41.65	4485	0.19	
41.67	4487	0.19	
41.68	4488	0.19	
41.69	4490	0.19	
41.70	4491	0.19	
41.72	4493	0.19	
41.73	4494	0.20	
41.74	4496	0.20	
41.75	4497	0.20	
41.77	4499	0.20	
41.78	4500	0.20	
41.79	4502	0.20	
41.80	4503	0.20	
41.82	4505	0.20	
41.83	4506	0.20	
41.84	4508	0.20	
41.85	4509	0.20	
41.87	4511	0.20	
41.88	4512	0.20	
41.90	4514	0.20	
41.91	4515	0.20	
41.92	4517	0.20	
41.93	4518	0.20	
41.95	4520	0.20	
41.96	4521	0.20	
41.97	4523	0.20	
41.98	4524	0.20	
42.00	4526	0.20	
42.01	4527	0.20	
42.02	4529	0.20	
42.03	4530	0.20	
42.05	4532	0.20	
42.06	4533	0.20	
42.07	4535	0.20	
42.09	4536	0.20	
42.10	4538	0.20	
42.11	4539	0.20	
42.12	4541	0.20	
42.14	4542	0.20	
42.15	4544	0.20	
42.16	4545	0.21	
42.17	4547	0.21	
42.19	4548	0.21	
42.20	4550	0.21	
42.21	4551	0.21	
42.22	4553	0.21	
42.24	4554	0.21	
42.25	4556	0.21	
42.26	4557	0.21	
42.27	4559	0.21	
42.29	4560	0.21	
42.30	4562	0.21	
42.31	4563	0.21	
42.33	4565	0.21	
42.34	4566	0.21	
42.35	4568	0.21	
42.36	4569	0.21	
42.37	4571	0.21	
42.39	4572	0.21	
42.40	4574	0.21	
42.41	4575	0.21	
42.42	4577	0.21	
42.44	4578	0.21	
42.45	4580	0.21	
42.47	4581	0.21	
42.48	4583	0.21	
42.49	4584	0.21	
42.50	4586	0.21	
42.51	4587	0.21	
42.53	4589	0.21	
42.54	4590	0.21	
42.55	4592	0.21	
42.56	4593	0.21	
42.58	4595	0.21	
42.59	4596	0.21	
42.60	4598	0.21	
42.61	4599	0.21	
42.63	4601	0.22	
42.64	4602	0.22	
42.65	4604	0.22	
42.66	4605	0.22	
42.68	4607	0.22	
42.69	4608	0.22	
42.70	4610	0.22	
42.72	4611	0.22	
42.73	4613	0.22	
42.74	4614	0.22	
42.75	4616	0.22	
42.77	4617	0.22	
42.78	4619	0.22	
42.79	4620	0.22	
42.81	4622	0.22	
42.82	4623	0.22	
42.83	4625	0.22	
42.84	4626	0.22	
42.86	4628	0.22	
42.87	4629	0.22	
42.88	4631	0.22	
42.89	4632	0.22	
42.90	4634	0.22	
42.92	4635	0.22	
42.93	4637	0.22	
42.94	4638	0.22	
42.96	4640	0.22	
42.97	4641	0.22	
42.98	4643	0.22	
42.99	4644	0.22	
43.01	4646	0.22	
43.02	4647	0.22	
43.03	4649	0.22	
43.04	4650	0.22	
43.06	4652	0.22	
43.07	4653	0.22	
43.08	4655	0.22	
43.09	4656	0.22	
43.11	4658	0.22	
43.12	4659	0.22	
43.13	4661	0.22	
43.15	4662	0.22	
43.16	4664	0.22	
43.17	4665	0.22	
43.18	4667	0.22	
43.20	4668	0.22	
43.21	4670	0.22	
43.22	4671	0.22	
43.24	4673	0.22	
43.25	4674	0.22	
43.26	4676	0.22	
43.27	4677	0.22	
43.29	4679	0.22	
43.30	4680	0.22	
43.31	4682	0.22	
43.32	4683	0.23	
43.34	4685	0.23	
43.35	4686	0.23	
43.36	4688	0.23	
43.37	4689	0.23	
43.39	4691	0.23	
43.40	4692	0.22	
43.41	4694	0.22	
43.43	4695	0.22	
43.44	4697	0.23	
43.45	4698	0.23	
43.46	4700	0.23	
43.48	4701	0.23	
43.49	4703	0.23	
43.50	4704	0.23	
43.51	4706	0.23	
43.53	4707	0.23	
43.54	4709	0.23	
43.55	4710	0.23	
43.56	4712	0.23	
43.58	4713	0.23	
43.59	4715	0.23	
43.60	4716	0.23	
43.61	4718	0.23	
43.63	4719	0.23	
43.64	4721	0.23	
43.65	4722	0.23	
43.66	4724	0.23	
43.68	4725	0.23	
43.69	4727	0.23	
43.70	4728	0.23	
43.72	4730	0.23	
43.73	4731	0.23	
43.74	4733	0.23	
43.76	4734	0.23	
43.77	4736	0.23	
43.78	4737	0.23	
43.79	4739	0.23	
43.80	4740	0.23	
43.82	4742	0.23	
43.83	4743	0.23	
43.84	4745	0.23	
43.85	4746	0.23	
43.87	4748	0.23	
43.88	4749	0.23	
43.89	4751	0.23	
43.91	4752	0.23	
43.92	4754	0.23	
43.93	4755	0.23	
43.94	4757	0.23	
43.96	4758	0.23	
43.97	4760	0.23	
43.98	4761	0.23	
43.99	4763	0.23	
44.00	4764	0.23	
44.02	4766	0.23	
44.03	4767	0.23	
44.04	4769	0.23	
44.06	4770	0.23	
44.07	4772	0.23	
44.08	4773	0.23	
44.10	4775	0.23	
44.11	4776	0.23	
44.12	4778	0.23	
44.13	4779	0.23	
44.15	4781	0.23	
44.16	4782	0.23	
44.17	4784	0.23	
44.18	4785	0.23	
44.20	4787	0.23	
44.21	4788	0.23	
44.22	4790	0.23	
44.23	4791	0.23	
44.25	4793	0.23	
44.26	4794	0.23	
44.27	4796	0.23	
44.28	4797	0.23	
44.30	4799	0.23	
44.31	4800	0.23	
44.32	4802	0.23	
44.33	4803	0.23	
44.35	4805	0.23	
44.36	4806	0.23	
44.37	4808	0.23	
44.39	4809	0.23	
44.40	4811	0.23	
44.41	4812	0.23	
44.42	4814	0.23	
44.44	4815	0.23	
44.45	4817	0.23	
44.46	4818	0.23	
44.47	4820	0.23	
44.49	4821	0.23	
44.50	4823	0.23	
44.51	4824	0.23	
44.52	4826	0.23	
44.54	4827	0.23	
44.55	4829	0.23	
44.56	4830	0.23	
44.57	4832	0.23	
44.59	4833	0.23	
44.60	4835	0.23	
44.61	4836	0.23	
44.63	4838	0.23	
44.64	4839	0.23	
44.65	4841	0.23	
44.67	4842	0.24	
44.68	4844	0.24	
44.69	4845	0.24	
44.70	4847	0.24	
44.71	4848	0.24	
44.73	4850	0.24	
44.74	4851	0.24	
44.75	4853	0.24	
44.76	4854	0.24	
44.78	4856	0.24	
44.79	4857	0.24	
44.80	4859	0.24	
44.81	4860	0.24	
44.83	4862	0.24	
44.84	4863	0.24	
44.85	4865	0.24	
44.87	4866	0.24	
44.88	4868	0.24	
44.89	4869	0.24	
44.90	4871	0.24	
44.92	4872	0.24	
44.93	4874	0.24	
44.94	4875	0.24	
44.95	4877	0.24	
44.97	4878	0.24	
44.98	4880	0.24	
44.99	4881	0.24	
45.01	4883	0.24	
45.02	4884	0.24	
45.03	4886	0.24	
45.04	4887	0.24	
45.06	4889	0.24	
45.07	4890	0.24	
45.08	4892	0.24	
45.09	4893	0.24	
45.11	4895	0.24	
45.12	4896	0.24	
45.13	4898	0.24	
45.14	4899	0.24	
45.15	4901	0.24	
45.17	4902	0.24	
45.18	4904	0.24	
45.20	4905	0.24	
45.21	4907	0.24	
45.22	4908	0.24	
45.23	4910	0.24	
45.25	4911	0.24	
45.26	4913	0.24	
45.27	4914	0.24	
45.28	4916	0.24	
45.30	4917	0.24	
45.31	4919	0.24	
45.32	4920	0.24	
45.33	4922	0.24	
45.35	4923	0.24	
45.36	4925	0.24	
45.37	4926	0.24	
45.38	4928	0.24	
45.40	4929	0.24	
45.41	4931	0.24	
45.42	4932	0.24	
45.44	4934	0.24	
45.45	4935	0.24	
45.46	4937	0.24	
45.47	4938	0.24	
45.49	4940	0.24	
45.50	4941	0.24	
45.51	4943	0.24	
45.52	4944	0.24	
45.54	4946	0.24	
45.55	4947	0.24	
45.56	4949	0.24	
45.58	4950	0.24	
45.59	4952	0.24	
45.60	4953	0.24	
45.61	4955	0.24	
45.63	4956	0.24	
45.64	4958	0.24	
45.65	4959	0.24	
45.66	4961	0.24	
45.67	4962	0.24	
45.69	4964	0.24	
45.70	4965	0.24	
45.71	4967	0.24	
45.73	4968	0.24	
45.74	4970	0.24	
45.75	4971	0.24	
45.77	4973	0.24	
45.78	4974	0.24	
45.79	4976	0.24	
45.80	4977	0.24	
45.82	4979	0.24	
45.83	4980	0.24	
45.84	4982	0.24	
45.85	4983	0.24	
45.87	4985	0.24	
45.88	4986	0.24	
45.89	4988	0.24	
45.90	4989	0.24	
45.92	4991	0.24	
45.93	4992	0.24	
45.94	4994	0.24	
45.96	4995	0.24	
45.97	4997	0.24	
45.98	4998	0.24	
45.99	5000	0.24	
46.01	5001	0.24	
46.02	5003	0.24	
46.03	5004	0.24	
46.04	5006	0.24	
46.06	5007	0.24	
46.07	5009	0.24	
46.08	5010	0.24	
46.09	5012	0.24	
46.11	5013	0.24	
46.12	5015	0.24	
46.13	5016	0.24	
46.15	5018	0.24	
46.16	5019	0.24	
46.17	5021	0.24	
46.18	5022	0.24	
46.20	5024	0.24	
46.21	5025	0.24	
46.22	5027	0.24	
46.23	5028	0.24	
46.25	5030	0.24	
46.26	5031	0.24	
46.27	5033	0.24	
46.28	5034	0.24	
46.30	5036	0.24	
46.31	5037	0.24	
46.32	5039	0.24	
46.34	5040	0.24	
46.35	5042	0.24	
46.36	5043	0.24	
46.37	5045	0.24	
46.39	5046	0.24	
46.40	5048	0.24	
46.41	5049	0.24	
46.42	5051	0.24	
46.43	5052	0.24	
46.45	5054	0.24	
46.46	5055	0.24	
46.47	5057	0.24	
46.48	5058	0.24	
46.50	5060	0.24	
46.51	5061	0.24	
46.52	5063	0.24	
46.53	5064	0.24	
46.55	5066	0.24	
46.56	5067	0.24	
46.57	5069	0.24	
46.59	5070	0.24	
46.60	5072	0.24	
46.61	5073	0.24	
46.62	5075	0.24	
46.64	5076	0.24	
46.65	5078	0.24	
46.66	5079	0.24	
46.68	5081	0.24	
46.69	5082	0.24	
46.70	5084	0.24	
46.71	5085	0.24	
46.73	5087	0.24	
46.74	5088	0.24	
46.75	5090	0.24	
46.76	5091	0.24	
46.78	5093	0.24	
46.79	5094	0.24	
46.80	5096	0.24	
46.81	5097	0.24	
46.83	5099	0.24	
46.84	5100	0.24	
46.85	5102	0.24	
46.87	5103	0.24	
46.88	5105	0.24	
46.89	5106	0.24	
46.90	5108	0.24	
46.92	5109	0.24	
46.93	5111	0.24	
46.94	5112	0.24	
46.95	5114	0.24	
46.97	5115	0.24	
46.98	5117	0.24	
46.99	5118	0.24	
47.00	5120	0.24	
47.02	5121	0.24	
47.03	5123	0.24	
47.04	5124	0.24	
47.06	5126	0.24	
47.07	5127	0.24	
47.08	5129	0.24	
47.09	5130	0.24	
47.11	5132	0.24	
47.12	5133	0.24	
47.13	5135	0.24	
47.14	5136	0.24	
47.16	5138	0.24	
47.17	5139	0.24	
47.18	5141	0.24	
47.19	5142	0.24	
47.21	5144	0.24	
47.22	5145	0.24	
47.23	5147	0.24	
47.24	5148	0.24	
47.26	5150	0.24	
47.27	5151	0.24	
47.28	5153	0.24	
47.30	5154	0.25	
47.31	5156	0.25	
47.32	5157	0.24	
47.33	5159	0.24	
47.35	5160	0.24	
47.36	5162	0.24	
47.37	5163	0.24	
47.38	5165	0.24	
47.40	5166	0.24	
47.41	5168	0.24	
47.42	5169	0.24	
47.43	5171	0.24	
47.45	5172	0.24	
47.46	5174	0.24	
47.47	5175	0.24	
47.49	5177	0.24	
47.50	5178	0.24	
47.51	5180	0.24	
47.52	5181	0.24	
47.54	5183	0.24	
47.55	5184	0.25	
47.56	5186	0.25	
47.57	5187	0.25	
47.59	5189	0.25	
47.60	5190	0.25	
47.61	5192	0.25	
47.62	5193	0.25	
47.64	5195	0.25	
47.65	5196	0.25	
47.66	5198	0.25	
47.67	5199	0.24	
47.69	5201	0.24	
47.70	5202	0.24	
47.71	5204	0.24	
47.73	5205	0.24	
47.74	5207	0.24	
47.75	5208	0.24	
47.76	5210	0.24	
47.78	5211	0.24	
47.79	5213	0.24	
47.80	5214	0.24	
47.81	5216	0.24	
47.83	5217	0.24	
47.84	5219	0.24	
47.85	5220	0.24	
47.86	5222	0.24	
47.88	5223	0.24	
47.89	5225	0.25	
47.90	5226	0.25	
47.91	5228	0.25	
47.93	5229	0.25	
47.94	5231	0.24	
47.95	5232	0.24	
47.96	5234	0.24	
47.98	5235	0.24	
47.99	5237	0.24	
48.00	5238	0.24	
48.02	5240	0.24	
48.03	5241	0.25	
48.04	5243	0.25	
48.05	5244	0.25	
48.07	5246	0.24	
48.08	5247	0.24	
48.09	5249	0.25	
48.10	5250	0.25	
48.12	5252	0.25	
48.13	5253	0.25	
48.14	5255	0.25	
48.15	5256	0.25	
48.17	5258	0.25	
48.18	5259	0.25	
48.19	5261	0.25	
48.21	5262	0.25	
48.22	5264	0.25	
48.23	5265	0.25	
48.25	5267	0.25	
48.26	5268	0.25	
48.27	5270	0.25	
48.28	5271	0.25	
48.30	5273	0.25	
48.31	5274	0.25	
48.32	5276	0.25	
48.33	5277	0.25	
48.35	5279	0.25	
48.36	5280	0.25	
48.37	5282	0.25	
48.38	5283	0.25	
48.40	5285	0.25	
48.41	5286	0.25	
48.42	5288	0.25	
48.43	5289	0.25	
48.45	5291	0.25	
48.46	5292	0.25	
48.47	5294	0.25	
48.49	5295	0.25	
48.50	5297	0.25	
48.51	5298	0.25	
48.52	5300	0.24	
48.54	5301	0.24	
48.55	5303	0.24	
48.56	5304	0.24	
48.57	5306	0.24	
48.59	5307	0.24	
48.60	5309	0.24	
48.61	5310	0.25	
48.62	5312	0.25	
48.64	5313	0.25	
48.65	5315	0.25	
48.66	5316	0.25	
48.68	5318	0.25	
48.69	5319	0.25	
48.70	5321	0.25	
48.71	5322	0.25	
48.72	5324	0.25	
48.74	5325	0.25	
48.75	5327	0.25	
48.76	5328	0.25	
48.77	5330	0.25	
48.79	5331	0.25	
48.80	5333	0.25	
48.81	5334	0.25	
48.82	5336	0.25	
48.84	5337	0.25	
48.85	5339	0.25	
48.86	5340	0.25	
48.88	5342	0.25	
48.89	5343	0.25	
48.90	5345	0.25	
48.92	5346	0.25	
48.93	5348	0.25	
48.94	5349	0.25	
48.95	5351	0.25	
48.97	5352	0.25	
48.98	5354	0.25	
48.99	5355	0.25	
49.00	5357	0.25	
49.01	5358	0.25	
49.03	5360	0.25	
49.04	5361	0.25	
49.05	5363	0.25	
49.06	5364	0.25	
49.08	5366	0.25	
49.09	5367	0.25	
49.10	5369	0.25	
49.12	5370	0.25	
49.13	5372	0.25	
49.14	5373	0.25	
49.16	5375	0.25	
49.17	5376	0.25	
49.18	5378	0.25	
49.19	5379	0.25	
49.21	5381	0.24	
49.22	5382	0.24	
49.23	5384	0.24	
49.24	5385	0.24	
49.25	5387	0.24	
49.27	5388	0.25	
49.28	5390	0.25	
49.29	5391	0.25	
49.30	5393	0.25	
49.32	5394	0.25	
49.33	5396	0.25	
49.34	5397	0.25	
49.36	5399	0.25	
49.37	5400	0.25	
49.38	5402	0.25	
49.40	5403	0.25	
49.41	5405	0.25	
49.42	5406	0.25	
49.43	5408	0.25	
49.44	5409	0.25	
49.46	5411	0.25	
49.47	5412	0.25	
49.48	5414	0.25	
49.50	5415	0.25	
49.51	5417	0.25	
49.52	5418	0.25	
49.54	5420	0.25	
49.55	5421	0.25	
49.56	5423	0.25	
49.57	5424	0.25	
49.59	5426	0.25	
49.60	5427	0.25	
49.61	5429	0.25	
49.62	5430	0.25	
49.63	5432	0.25	
49.65	5433	0.25	
49.66	5435	0.25	
49.67	5436	0.25	
49.69	5438	0.25	
49.70	5439	0.25	
49.71	5441	0.25	
49.72	5442	0.25	
49.74	5444	0.25	
49.75	5445	0.25	
49.76	5447	0.25	
49.78	5448	0.25	
49.79	5450	0.25	
49.80	5451	0.25	
49.81	5453	0.25	
49.82	5454	0.25	
49.84	5456	0.25	
49.85	5457	0.25	
49.86	5459	0.25	
49.88	5460	0.25	
49.89	5462	0.25	
49.90	5463	0.25	
49.92	5465	0.25	
49.93	5466	0.25	
49.94	5468	0.25	
49.95	5469	0.25	
49.97	5471	0.25	
49.98	5472	0.25	
49.99	5474	0.25	
50.00	5475	0.25	
50.01	5477	0.25	
50.03	5478	0.25	
50.04	5480	0.25	
50.05	5481	0.25	
50.07	5483	0.25	
50.08	5484	0.25	
50.09	5486	0.25	
50.11	5487	0.25	
50.12	5489	0.25	
50.13	5490	0.25	
50.14	5492	0.25	
50.16	5493	0.25	
50.17	5495	0.25	
50.18	5496	0.25	
50.19	5498	0.25	
50.21	5499	0.25	
50.22	5501	0.25	
50.23	5502	0.25	
50.24	5504	0.25	
50.26	5505	0.25	
50.27	5507	0.25	
50.28	5508	0.25	
50.29	5510	0.25	
50.31	5511	0.25	
50.32	5513	0.25	
50.33	5514	0.25	
50.34	5516	0.25	
50.35	5517	0.25	
50.37	5519	0.25	
50.38	5520	0.25	
50.39	5522	0.25	
50.41	5523	0.25	
50.42	5525	0.25	
50.43	5526	0.25	
50.45	5528	0.25	
50.46	5529	0.25	
50.47	5531	0.25	
50.48	5532	0.25	
50.50	5534	0.25	
50.51	5535	0.25	
50.52	5537	0.25	
50.53	5538	0.25	
50.54	5540	0.25	
50.56	5541	0.25	
50.57	5543	0.25	
50.58	5544	0.25	
50.59	5546	0.25	
50.61	5547	0.25	
50.62	5549	0.25	
50.63	5550	0.25	
50.65	5552	0.25	
50.66	5553	0.25	
50.67	5555	0.25	
50.69	5556	0.25	
50.70	5558	0.25	
50.71	5559	0.25	
50.72	5561	0.25	
50.73	5562	0.25	
50.75	5564	0.25	
50.76	5565	0.25	
50.77	5567	0.25	
50.79	5568	0.25	
50.80	5570	0.25	
50.81	5571	0.25	
50.82	5573	0.25	
50.84	5574	0.25	
50.85	5576	0.25	
50.86	5577	0.25	
50.88	5579	0.25	
50.89	5580	0.25	
50.90	5582	0.25	
50.91	5583	0.25	
50.93	5585	0.25	
50.94	5586	0.25	
50.95	5588	0.25	
50.96	5589	0.25	
50.98	5591	0.25	
50.99	5592	0.25	
51.00	5594	0.25	
51.01	5595	0.25	
51.03	5597	0.25	
51.04	5598	0.25	
51.05	5600	0.25	
51.06	5601	0.25	
51.08	5603	0.25	
51.09	5604	0.25	
51.10	5606	0.25	
51.11	5607	0.25	
51.13	5609	0.25	
51.14	5610	0.25	
51.15	5612	0.25	
51.17	5613	0.25	
51.18	5615	0.25	
51.19	5616	0.25	
51.20	5618	0.25	
51.22	5619	0.25	
51.23	5621	0.25	
51.24	5622	0.25	
51.25	5624	0.25	
51.27	5625	0.25	
51.28	5627	0.25	
51.29	5628	0.25	
51.30	5630	0.25	
51.32	5631	0.25	
51.33	5633	0.25	
51.34	5634	0.25	
51.36	5636	0.25	
51.37	5637	0.25	
51.38	5639	0.25	
51.39	5640	0.25	
51.41	5642	0.25	
51.42	5643	0.25	
51.43	5645	0.25	
51.44	5646	0.25	
51.46	5648	0.25	
51.47	5649	0.25	
51.48	5651	0.25	
51.49	5652	0.25	
51.51	5654	0.25	
51.52	5655	0.25	
51.53	5657	0.25	
51.54	5658	0.25	
51.56	5660	0.25	
51.57	5661	0.25	
51.58	5663	0.25	
51.60	5664	0.25	
51.61	5666	0.25	
51.62	5667	0.25	
51.63	5669	0.25	
51.65	5670	0.25	
51.66	5672	0.25	
51.67	5673	0.25	
51.68	5675	0.25	
51.70	5676	0.25	
51.71	5678	0.25	
51.72	5679	0.25	
51.74	5681	0.25	
51.75	5682	0.25	
51.76	5684	0.25	
51.77	5685	0.25	
51.79	5687	0.25	
51.80	5688	0.25	
51.81	5690	0.25	
51.82	5691	0.25	
51.84	5693	0.25	
51.85	5694	0.25	
51.86	5696	0.25	
51.87	5697	0.25	
51.89	5699	0.25	
51.90	5700	0.25	
51.91	5702	0.25	
51.92	5703	0.25	
51.94	5705	0.25	
51.95	5706	0.25	
51.96	5708	0.25	
51.98	5709	0.25	
51.99	5711	0.25	
52.00	5712	0.25	
52.01	5714	0.25	
52.03	5715	0.25	
52.04	5717	0.25	
52.05	5718	0.25	
52.07	5720	0.25	
52.08	5721	0.25	
52.09	5723	0.25	
52.10	5724	0.25	
52.12	5726	0.25	
52.13	5727	0.25	
52.14	5729	0.25	
52.15	5730	0.25	
52.16	5732	0.25	
52.18	5733	0.25	
52.19	5735	0.25	
52.20	5736	0.25	
52.21	5738	0.25	
52.23	5739	0.25	
52.24	5741	0.25	
52.25	5742	0.25	
52.27	5744	0.25	
52.28	5745	0.25	
52.29	5747	0.25	
52.31	5748	0.25	
52.32	5750	0.25	
52.33	5751	0.25	
52.34	5753	0.25	
52.36	5754	0.25	
52.37	5756	0.25	
52.38	5757	0.25	
52.39	5759	0.25	
52.40	5760	0.25	
52.42	5762	0.25	
52.43	5763	0.25	
52.44	5765	0.25	
52.46	5766	0.25	
52.47	5768	0.25	
52.48	5769	0.25	
52.50	5771	0.25	
52.51	5772	0.25	
52.52	5774	0.25	
52.53	5775	0.25	
52.55	5777	0.25	
52.56	5778	0.25	
52.57	5780	0.25	
52.58	5781	0.25	
52.60	5783	0.25	
52.61	5784	0.25	
52.62	5786	0.25	
52.63	5787	0.25	
52.65	5789	0.25	
52.66	5790	0.25	
52.67	5792	0.25	
52.69	5793	0.25	
52.70	5795	0.25	
52.71	5796	0.25	
52.72	5798	0.25	
52.74	5799	0.25	
52.75	5801	0.25	
52.76	5802	0.25	
52.77	5804	0.25	
52.79	5805	0.25	
52.80	5807	0.25	
52.81	5808	0.25	
52.83	5810	0.25	
52.84	5811	0.25	
52.85	5813	0.25	
52.86	5814	0.25	
52.88	5816	0.25	
52.89	5817	0.25	
52.90	5819	0.25	
52.91	5820	0.25	
52.93	5822	0.25	
52.94	5823	0.25	
52.95	5825	0.25	
52.96	5826	0.25	
52.97	5828	0.25	
52.99	5829	0.25	
53.00	5831	0.25	
53.01	5832	0.25	
53.03	5834	0.25	
53.04	5835	0.25	
53.05	5837	0.25	
53.06	5838	0.25	
53.08	5840	0.25	
53.09	5841	0.25	
53.10	5843	0.25	
53.12	5844	0.25	
53.13	5846	0.25	
53.14	5847	0.25	
53.15	5849	0.25	
53.17	5850	0.25	
53.18	5852	0.25	
53.19	5853	0.25	
53.20	5855	0.25	
53.22	5856	0.25	
53.23	5858	0.25	
53.24	5859	0.25	
53.26	5861	0.25	
53.27	5862	0.25	
53.28	5864	0.25	
53.29	5865	0.25	
53.31	5867	0.25	
53.32	5868	0.25	
53.33	5870	0.25	
53.34	5871	0.25	
53.36	5873	0.25	
53.37	5874	0.25	
53.38	5876	0.25	
53.39	5877	0.25	
53.41	5879	0.25	
53.42	5880	0.25	
53.43	5882	0.25	
53.44	5883	0.25	
53.46	5885	0.25	
53.47	5886	0.25	
53.48	5888	0.25	
53.49	5889	0.25	
53.51	5891	0.25	
53.52	5892	0.25	
53.53	5894	0.24	
53.54	5895	0.25	
53.56	5897	0.25	
53.57	5898	0.25	
53.58	5900	0.25	
53.59	5901	0.24	
53.61	5903	0.24	
53.62	5904	0.24	
53.63	5906	0.24	
53.65	5907	0.25	
53.66	5909	0.25	
53.67	5910	0.25	
53.69	5912	0.25	
53.70	5913	0.25	
53.71	5915	0.25	
53.72	5916	0.25	
53.73	5918	0.25	
53.75	5919	0.25	
53.76	5921	0.25	
53.77	5922	0.24	
53.78	5924	0.24	
53.80	5925	0.25	
53.81	5927	0.25	
53.82	5928	0.25	
53.84	5930	0.25	
53.85	5931	0.25	
53.86	5933	0.25	
53.87	5934	0.25	
53.89	5936	0.25	
53.90	5937	0.25	
53.91	5939	0.25	
53.92	5940	0.25	
53.94	5942	0.25	
53.95	5943	0.25	
53.96	5945	0.25	
53.97	5946	0.25	
53.99	5948	0.25	
54.00	5949	0.25	
54.01	5951	0.25	
54.03	5952	0.25	
54.04	5954	0.25	
54.05	5955	0.25	
54.06	5957	0.25	
54.08	5958	0.25	
54.09	5960	0.25	
54.10	5961	0.24	
54.11	5963	0.25	
54.13	5964	0.25	
54.14	5966	0.25	
54.15	5967	0.25	
54.16	5969	0.25	
54.18	5970	0.25	
54.19	5972	0.25	
54.20	5973	0.25	
54.21	5975	0.25	
54.23	5976	0.25	
54.24	5978	0.25	
54.25	5979	0.25	
54.27	5981	0.25	
54.28	5982	0.25	
54.29	5984	0.25	
54.30	5985	0.25	
54.32	5987	0.25	
54.33	5988	0.25	
54.34	5990	0.25	
54.35	5991	0.25	
54.37	5993	0.24	
54.38	5994	0.24	
54.39	5996	0.24	
54.40	5997	0.24	
54.42	5999	0.24	
54.43	6000	0.24	
54.44	6002	0.24	
54.46	6003	0.25	
54.47	6005	0.25	
54.48	6006	0.25	
54.49	6008	0.25	
54.51	6009	0.25	
54.52	6011	0.25	
54.53	6012	0.25	
54.54	6014	0.25	
54.56	6015	0.25	
54.57	6017	0.25	
54.58	6018	0.25	
54.60	6020	0.25	
54.61	6021	0.25	
54.62	6023	0.25	
54.63	6024	0.25	
54.65	6026	0.25	
54.66	6027	0.25	
54.67	6029	0.25	
54.68	6030	0.25	
54.69	6032	0.25	
54.71	6033	0.25	
54.72	6035	0.25	
54.73	6036	0.25	
54.75	6038	0.25	
54.76	6039	0.25	
54.77	6041	0.25	
54.78	6042	0.25	
54.80	6044	0.25	
54.81	6045	0.25	
54.82	6047	0.25	
54.83	6048	0.25	
54.85	6050	0.24	
54.86	6051	0.24	
54.87	6053	0.25	
54.88	6054	0.25	
54.90	6056	0.25	
54.91	6057	0.25	
54.92	6059	0.25	
54.93	6060	0.25	
54.95	6062	0.25	
54.96	6063	0.25	
54.97	6065	0.25	
54.99	6066	0.25	
55.00	6068	0.25	
55.01	6069	0.25	
55.03	6071	0.25	
55.04	6072	0.25	
55.05	6074	0.25	
55.06	6075	0.25	
55.08	6077	0.25	
55.09	6078	0.25	
55.10	6080	0.25	
55.11	6081	0.25	
55.13	6083	0.25	
55.14	6084	0.25	
55.15	6086	0.25	
55.16	6087	0.25	
55.18	6089	0.25	
55.19	6090	0.25	
55.20	6092	0.25	
55.21	6093	0.25	
55.23	6095	0.25	
55.24	6096	0.25	
55.25	6098	0.25	
55.27	6099	0.25	
55.28	6101	0.25	
55.29	6102	0.25	
55.30	6104	0.25	
55.32	6105	0.25	
55.33	6107	0.25	
55.34	6108	0.25	
55.35	6110	0.25	
55.37	6111	0.25	
55.38	6113	0.25	
55.39	6114	0.25	
55.40	6116	0.24	
55.42	6117	0.25	
55.43	6119	0.25	
55.44	6120	0.25	
55.46	6122	0.25	
55.47	6123	0.25	
55.48	6125	0.25	
55.49	6126	0.25	
55.51	6128	0.25	
55.52	6129	0.25	
55.53	6131	0.25	
55.54	6132	0.25	
55.56	6134	0.25	
55.57	6135	0.25	
55.58	6137	0.25	
55.59	6138	0.24	
55.61	6140	0.24	
55.62	6141	0.24	
55.63	6143	0.25	
55.64	6144	0.25	
55.66	6146	0.25	
55.67	6147	0.25	
55.68	6149	0.25	
55.69	6150	0.25	
55.71	6152	0.25	
55.72	6153	0.25	
55.73	6155	0.24	
55.74	6156	0.24	
55.76	6158	0.25	
55.77	6159	0.25	
55.78	6161	0.25	
55.80	6162	0.25	
55.81	6164	0.25	
55.82	6165	0.25	
55.84	6167	0.25	
55.85	6168	0.25	
55.86	6170	0.25	
55.87	6171	0.25	
55.89	6173	0.25	
55.90	6174	0.25	
55.91	6176	0.25	
55.93	6177	0.25	
55.94	6179	0.25	
55.95	6180	0.25	
55.96	6182	0.25	
55.98	6183	0.25	
55.99	6185	0.25	
56.00	6186	0.25	
56.01	6188	0.25	
56.03	6189	0.25	
56.04	6191	0.25	
56.05	6192	0.25	
56.06	6194	0.25	
56.08	6195	0.25	
56.09	6197	0.25	
56.10	6198	0.24	
56.11	6200	0.25	
56.13	6201	0.25	
56.14	6203	0.25	
56.15	6204	0.25	
56.16	6206	0.25	
56.18	6207	0.25	
56.19	6209	0.24	
56.20	6210	0.24	
56.22	6212	0.24	
56.23	6213	0.24	
56.24	6215	0.24	
56.25	6216	0.24	
56.27	6218	0.24	
56.28	6219	0.24	
56.29	6221	0.24	
56.30	6222	0.24	
56.31	6224	0.24	
56.33	6225	0.24	
56.34	6227	0.24	
56.35	6228	0.24	
56.36	6230	0.24	
56.38	6231	0.24	
56.39	6233	0.24	
56.40	6234	0.24	
56.42	6236	0.24	
56.43	6237	0.24	
56.44	6239	0.24	
56.45	6240	0.24	
56.47	6242	0.24	
56.48	6243	0.24	
56.49	6245	0.24	
56.50	6246	0.24	
56.52	6248	0.24	
56.53	6249	0.24	
56.54	6251	0.24	
56.55	6252	0.24	
56.57	6254	0.24	
56.58	6255	0.24	
56.59	6257	0.24	
56.61	6258	0.24	
56.62	6260	0.24	
56.63	6261	0.24	
56.64	6263	0.24	
56.66	6264	0.24	
56.67	6266	0.24	
56.68	6267	0.24	
56.69	6269	0.24	
56.71	6270	0.24	
56.72	6272	0.24	
56.73	6273	0.24	
56.74	6275	0.24	
56.76	6276	0.24	
56.77	6278	0.25	
56.78	6279	0.25	
56.80	6281	0.25	
56.81	6282	0.25	
56.82	6284	0.25	
56.84	6285	0.25	
56.85	6287	0.25	
56.86	6288	0.25	
56.87	6290	0.25	
56.88	6291	0.25	
56.90	6293	0.25	
56.91	6294	0.25	
56.92	6296	0.25	
56.93	6297	0.25	
56.95	6299	0.25	
56.96	6300	0.25	
56.97	6302	0.25	
56.99	6303	0.25	
57.00	6305	0.25	
57.01	6306	0.25	
57.02	6308	0.25	
57.04	6309	0.24	
57.05	6311	0.24	
57.06	6312	0.24	
57.07	6314	0.24	
57.09	6315	0.24	
57.10	6317	0.24	
57.11	6318	0.24	
57.12	6320	0.24	
57.14	6321	0.24	
57.15	6323	0.24	
57.16	6324	0.24	
57.18	6326	0.24	
57.19	6327	0.24	
57.20	6329	0.24	
57.22	6330	0.24	
57.23	6332	0.24	
57.24	6333	0.24	
57.25	6335	0.24	
57.26	6336	0.24	
57.28	6338	0.24	
57.29	6339	0.24	
57.30	6341	0.24	
57.31	6342	0.24	
57.33	6344	0.24	
57.34	6345	0.24	
57.35	6347	0.24	
57.37	6348	0.24	
57.38	6350	0.24	
57.39	6351	0.24	
57.40	6353	0.24	
57.42	6354	0.24	
57.43	6356	0.24	
57.44	6357	0.24	
57.46	6359	0.24	
57.47	6360	0.24	
57.48	6362	0.24	
57.49	6363	0.24	
57.51	6365	0.24	
57.52	6366	0.24	
57.53	6368	0.24	
57.54	6369	0.24	
57.56	6371	0.24	
57.57	6372	0.24	
57.58	6374	0.24	
57.59	6375	0.24	
57.60	6377	0.24	
57.62	6378	0.24	
57.63	6380	0.24	
57.64	6381	0.24	
57.65	6383	0.24	
57.67	6384	0.24	
57.68	6386	0.24	
57.69	6387	0.24	
57.71	6389	0.24	
57.72	6390	0.24	
57.73	6392	0.24	
57.75	6393	0.24	
57.76	6395	0.24	
57.77	6396	0.24	
57.78	6398	0.24	
57.79	6399	0.24	
57.81	6401	0.24	
57.82	6402	0.24	
57.83	6404	0.24	
57.84	6405	0.24	
57.86	6407	0.24	
57.87	6408	0.24	
57.88	6410	0.24	
57.90	6411	0.24	
57.91	6413	0.24	
57.92	6414	0.24	
57.93	6416	0.24	
57.95	6417	0.24	
57.96	6419	0.24	
57.97	6420	0.24	
57.98	6422	0.24	
58.00	6423	0.24	
58.01	6425	0.24	
58.02	6426	0.24	
58.04	6428	0.24	
58.05	6429	0.24	
58.06	6431	0.24	
58.08	6432	0.24	
58.09	6434	0.24	
58.10	6435	0.24	
58.11	6437	0.24	
58.13	6438	0.24	
58.14	6440	0.24	
58.15	6441	0.24	
58.16	6443	0.24	
58.18	6444	0.24	
58.19	6446	0.24	
58.20	6447	0.24	
58.21	6449	0.24	
58.23	6450	0.24	
58.24	6452	0.24	
58.25	6453	0.24	
58.26	6455	0.24	
58.28	6456	0.24	
58.29	6458	0.24	
58.30	6459	0.24	
58.32	6461	0.24	
58.33	6462	0.24	
58.34	6464	0.24	
58.35	6465	0.24	
58.36	6467	0.24	
58.38	6468	0.24	
58.39	6470	0.24	
58.40	6471	0.24	
58.41	6473	0.24	
58.43	6474	0.24	
58.44	6476	0.24	
58.45	6477	0.24	
58.47	6479	0.24	
58.48	6480	0.24	
58.49	6482	0.24	
58.50	6483	0.24	
58.52	6485	0.24	
58.53	6486	0.24	
58.54	6488	0.24	
58.55	6489	0.24	
58.57	6491	0.24	
58.58	6492	0.24	
58.59	6494	0.24	
58.61	6495	0.24	
58.62	6497	0.24	
58.63	6498	0.24	
58.64	6500	0.24	
58.66	6501	0.24	
58.67	6503	0.24	
58.68	6504	0.24	
58.69	6506	0.24	
58.70	6507	0.24	
58.72	6509	0.24	
58.73	6510	0.24	
58.74	6512	0.24	
58.76	6513	0.24	
58.77	6515	0.24	
58.78	6516	0.24	
58.79	6518	0.24	
58.81	6519	0.24	
58.82	6521	0.24	
58.83	6522	0.24	
58.85	6524	0.24	
58.86	6525	0.24	
58.87	6527	0.24	
58.88	6528	0.24	
58.90	6530	0.24	
58.91	6531	0.24	
58.92	6533	0.24	
58.93	6534	0.24	
58.95	6536	0.24	
58.96	6537	0.24	
58.97	6539	0.24	
58.99	6540	0.24	
59.00	6542	0.24	
59.01	6543	0.24	
59.02	6545	0.24	
59.04	6546	0.24	
59.05	6548	0.24	
59.06	6549	0.24	
59.07	6551	0.24	
59.09	6552	0.24	
59.10	6554	0.24	
59.11	6555	0.24	
59.12	6557	0.24	
59.14	6558	0.24	
59.15	6560	0.24	
59.16	6561	0.24	
59.18	6563	0.24	
59.19	6564	0.24	
59.20	6566	0.24	
59.21	6567	0.24	
59.22	6569	0.24	
59.24	6570	0.24	
59.25	6572	0.24	
59.26	6573	0.24	
59.27	6575	0.24	
59.29	6576	0.24	
59.30	6578	0.24	
59.31	6579	0.24	
59.33	6581	0.24	
59.34	6582	0.24	
59.35	6584	0.24	
59.36	6585	0.24	
59.38	6587	0.24	
59.39	6588	0.24	
59.40	6590	0.24	
59.41	6591	0.24	
59.43	6593	0.24	
59.44	6594	0.24	
59.45	6596	0.24	
59.46	6597	0.24	
59.48	6599	0.24	
59.49	6600	0.24	
59.50	6602	0.24	
59.52	6603	0.24	
59.53	6605	0.24	
59.54	6606	0.24	
59.55	6608	0.24	
59.57	6609	0.24	
59.58	6611	0.24	
59.59	6612	0.24	
59.60	6614	0.24	
59.62	6615	0.24	
59.63	6617	0.24	
59.64	6618	0.24	
59.65	6620	0.24	
59.67	6621	0.24	
59.68	6623	0.24	
59.69	6624	0.24	
59.71	6626	0.24	
59.72	6627	0.24	
59.73	6629	0.24	
59.74	6630	0.24	
59.76	6632	0.24	
59.77	6633	0.24	
59.78	6635	0.24	
59.80	6636	0.24	
59.81	6638	0.24	
59.82	6639	0.24	
59.83	6641	0.24	
59.84	6642	0.24	
59.86	6644	0.24	
59.87	6645	0.24	
59.88	6647	0.24	
59.90	6648	0.24	
59.91	6650	0.24	
59.92	6651	0.24	
59.94	6653	0.24	
59.95	6654	0.24	
59.96	6656	0.24	
59.97	6657	0.24	
59.98	6659	0.24	
60.00	6660	0.24	
60.01	6662	0.24	
60.02	6663	0.24	
60.03	6665	0.24	
60.05	6666	0.24	
60.06	6668	0.24	
60.07	6669	0.24	
60.08	6671	0.24	
60.10	6672	0.24	
60.11	6674	0.24	
60.12	6675	0.24	
60.14	6677	0.24	
60.15	6678	0.24	
60.16	6680	0.24	
60.17	6681	0.24	
60.18	6683	0.24	
60.20	6684	0.24	
60.21	6686	0.24	
60.22	6687	0.24	
60.24	6689	0.24	
60.25	6690	0.24	
60.26	6692	0.24	
60.27	6693	0.24	
60.29	6695	0.24	
60.30	6696	0.24	
60.31	6698	0.24	
60.33	6699	0.24	
60.34	6701	0.24	
60.35	6702	0.24	
60.36	6704	0.24	
60.38	6705	0.24	
60.39	6707	0.24	
60.40	6708	0.24	
60.41	6710	0.24	
60.42	6711	0.24	
60.44	6713	0.24	
60.45	6714	0.24	
60.46	6716	0.24	
60.48	6717	0.24	
60.49	6719	0.24	
60.50	6720	0.24	
60.51	6722	0.24	
60.53	6723	0.24	
60.54	6725	0.24	
60.55	6726	0.24	
60.56	6728	0.24	
60.58	6729	0.24	
60.59	6731	0.24	
60.60	6732	0.24	
60.62	6734	0.24	
60.63	6735	0.24	
60.64	6737	0.24	
60.65	6738	0.24	
60.67	6740	0.24	
60.68	6741	0.24	
60.69	6743	0.24	
60.70	6744	0.24	
60.72	6746	0.24	
60.73	6747	0.24	
60.74	6749	0.24	
60.75	6750	0.24	
60.77	6752	0.24	
60.78	6753	0.24	
60.79	6755	0.24	
60.81	6756	0.24	
60.82	6758	0.24	
60.83	6759	0.24	
60.84	6761	0.24	
60.86	6762	0.24	
60.87	6764	0.24	
60.88	6765	0.24	
60.89	6767	0.24	
60.91	6768	0.24	
60.92	6770	0.24	
60.93	6771	0.24	
60.94	6773	0.24	
60.96	6774	0.24	
60.97	6776	0.24	
60.98	6777	0.24	
61.00	6779	0.24	
61.01	6780	0.24	
61.02	6782	0.24	
61.03	6783	0.24	
61.05	6785	0.24	
61.06	6786	0.24	
61.07	6788	0.24	
61.08	6789	0.24	
61.10	6791	0.24	
61.11	6792	0.24	
61.12	6794	0.24	
61.13	6795	0.24	
61.15	6797	0.24	
61.16	6798	0.24	
61.17	6800	0.23	
61.18	6801	0.23	
61.20	6803	0.24	
61.21	6804	0.24	
61.22	6806	0.24	
61.24	6807	0.24	
61.25	6809	0.24	
61.26	6810	0.24	
61.27	6812	0.24	
61.29	6813	0.24	
61.30	6815	0.24	
61.31	6816	0.24	
61.33	6818	0.24	
61.34	6819	0.24	
61.35	6821	0.24	
61.36	6822	0.24	
61.38	6824	0.24	
61.39	6825	0.24	
61.40	6827	0.24	
61.41	6828	0.24	
61.43	6830	0.24	
61.44	6831	0.24	
61.45	6833	0.24	
61.47	6834	0.24	
61.48	6836	0.24	
61.49	6837	0.24	
61.50	6839	0.24	
61.51	6840	0.24	
61.53	6842	0.24	
61.54	6843	0.24	
61.55	6845	0.24	
61.57	6846	0.24	
61.58	6848	0.24	
61.59	6849	0.24	
61.60	6851	0.24	
61.62	6852	0.24	
61.63	6854	0.24	
61.64	6855	0.23	
61.65	6857	0.23	
61.67	6858	0.24	
61.68	6860	0.24	
61.69	6861	0.24	
61.71	6863	0.24	
61.72	6864	0.23	
61.73	6866	0.23	
61.74	6867	0.23	
61.76	6869	0.24	
61.77	6870	0.24	
61.78	6872	0.24	
61.79	6873	0.23	
61.81	6875	0.23	
61.82	6876	0.23	
61.83	6878	0.23	
61.84	6879	0.23	
61.86	6881	0.23	
61.87	6882	0.23	
61.88	6884	0.24	
61.89	6885	0.24	
61.91	6887	0.24	
61.92	6888	0.24	
61.93	6890	0.24	
61.95	6891	0.24	
61.96	6893	0.24	
61.97	6894	0.24	
61.98	6896	0.24	
62.00	6897	0.24	
62.01	6899	0.24	
62.02	6900	0.24	
62.03	6902	0.23	
62.05	6903	0.23	
62.06	6905	0.24	
62.07	6906	0.24	
62.08	6908	0.24	
62.10	6909	0.23	
62.11	6911	0.23	
62.12	6912	0.23	
62.13	6914	0.23	
62.15	6915	0.23	
62.16	6917	0.23	
62.17	6918	0.23	
62.18	6920	0.23	
62.20	6921	0.23	
62.21	6923	0.23	
62.22	6924	0.23	
62.23	6926	0.23	
62.25	6927	0.23	
62.26	6929	0.23	
62.27	6930	0.23	
62.29	6932	0.23	
62.30	6933	0.23	
62.31	6935	0.23	
62.32	6936	0.23	
62.34	6938	0.23	
62.35	6939	0.23	
62.36	6941	0.23	
62.37	6942	0.23	
62.39	6944	0.23	
62.40	6945	0.23	
62.41	6947	0.23	
62.42	6948	0.23	
62.44	6950	0.23	
62.45	6951	0.23	
62.46	6953	0.23	
62.48	6954	0.23	
62.49	6956	0.23	
62.50	6957	0.23	
62.51	6959	0.23	
62.53	6960	0.23	
62.54	6962	0.23	
62.55	6963	0.23	
62.56	6965	0.23	
62.58	6966	0.23	
62.59	6968	0.23	
62.60	6969	0.23	
62.61	6971	0.23	
62.63	6972	0.23	
62.64	6974	0.23	
62.65	6975	0.23	
62.67	6977	0.23	
62.68	6978	0.23	
62.69	6980	0.23	
62.71	6981	0.23	
62.72	6983	0.23	
62.73	6984	0.23	
62.74	6986	0.23	
62.76	6987	0.23	
62.77	6989	0.23	
62.78	6990	0.23	
62.79	6992	0.23	
62.81	6993	0.23	
62.82	6995	0.23	
62.83	6996	0.23	
62.84	6998	0.23	
62.86	6999	0.23	
62.87	7001	0.23	
62.88	7002	0.23	
62.89	7004	0.23	
62.91	7005	0.23	
62.92	7007	0.23	
62.93	7008	0.23	
62.94	7010	0.23	
62.96	7011	0.23	
62.97	7013	0.23	
62.98	7014	0.23	
63.00	7016	0.23	
63.01	7017	0.23	
63.02	7019	0.23	
63.03	7020	0.23	
63.05	7022	0.23	
63.06	7023	0.23	
63.07	7025	0.23	
63.08	7026	0.23	
63.10	7028	0.23	
63.11	7029	0.23	
63.12	7031	0.23	
63.13	7032	0.23	
63.15	7034	0.23	
63.16	7035	0.23	
63.17	7037	0.23	
63.18	7038	0.23	
63.20	7040	0.23	
63.21	7041	0.23	
63.22	7043	0.23	
63.24	7044	0.23	
63.25	7046	0.23	
63.26	7047	0.23	
63.27	7049	0.23	
63.29	7050	0.23	
63.30	7052	0.23	
63.31	7053	0.23	
63.32	7055	0.23	
63.34	7056	0.23	
63.35	7058	0.23	
63.36	7059	0.23	
63.38	7061	0.23	
63.39	7062	0.23	
63.40	7064	0.23	
63.41	7065	0.23	
63.43	7067	0.23	
63.44	7068	0.23	
63.45	7070	0.23	
63.46	7071	0.23	
63.48	7073	0.23	
63.49	7074	0.23	
63.50	7076	0.23	
63.51	7077	0.23	
63.53	7079	0.23	
63.54	7080	0.23	
63.55	7082	0.23	
63.56	7083	0.23	
63.58	7085	0.23	
63.59	7086	0.23	
63.60	7088	0.23	
63.61	7089	0.23	
63.63	7091	0.23	
63.64	7092	0.23	
63.65	7094	0.23	
63.67	7095	0.23	
63.68	7097	0.23	
63.69	7098	0.23	
63.70	7100	0.23	
63.71	7101	0.23	
63.73	7103	0.23	
63.74	7104	0.23	
63.75	7106	0.23	
63.77	7107	0.23	
63.78	7109	0.23	
63.79	7110	0.23	
63.80	7112	0.23	
63.82	7113	0.23	
63.83	7115	0.23	
63.84	7116	0.23	
63.85	7118	0.23	
63.87	7119	0.23	
63.88	7121	0.23	
63.89	7122	0.23	
63.90	7124	0.23	
63.92	7125	0.23	
63.93	7127	0.23	
63.94	7128	0.23	
63.96	7130	0.23	
63.97	7131	0.23	
63.98	7133	0.23	
64.00	7134	0.23	
64.01	7136	0.23	
64.02	7137	0.23	
64.03	7139	0.23	
64.05	7140	0.23	
64.06	7142	0.23	
64.07	7143	0.23	
64.08	7145	0.23	
64.09	7146	0.23	
64.11	7148	0.23	
64.12	7149	0.23	
64.13	7151	0.23	
64.14	7152	0.23	
64.16	7154	0.23	
64.17	7155	0.23	
64.19	7157	0.23	
64.20	7158	0.23	
64.21	7160	0.23	
64.22	7161	0.23	
64.24	7163	0.23	
64.25	7164	0.23	
64.26	7166	0.23	
64.27	7167	0.23	
64.29	7169	0.23	
64.30	7170	0.23	
64.31	7172	0.23	
64.33	7173	0.23	
64.34	7175	0.23	
64.35	7176	0.23	
64.36	7178	0.23	
64.38	7179	0.23	
64.39	7181	0.23	
64.40	7182	0.23	
64.41	7184	0.23	
64.42	7185	0.23	
64.44	7187	0.23	
64.45	7188	0.23	
64.46	7190	0.23	
64.47	7191	0.23	
64.49	7193	0.23	
64.50	7194	0.23	
64.51	7196	0.23	
64.53	7197	0.23	
64.54	7199	0.23	
64.55	7200	0.23	
