P85
Furnace temperature 	Time	HeatFlow	
/°C	/s	/mW	
7.77	0	-0.99	
7.77	2	-1.00	
7.64	3	-1.00	
7.55	5	-1.00	
7.46	6	-1.00	
7.34	8	-1.00	
7.23	9	-1.00	
7.13	11	-0.99	
7.01	12	-0.99	
6.90	14	-0.99	
6.80	15	-0.99	
6.69	17	-0.98	
6.60	18	-0.98	
6.50	20	-0.97	
6.41	21	-0.96	
6.32	23	-0.96	
6.24	24	-0.95	
6.17	26	-0.94	
6.10	27	-0.93	
6.03	29	-0.92	
5.97	30	-0.91	
5.91	32	-0.90	
5.85	33	-0.89	
5.80	35	-0.87	
5.75	36	-0.86	
5.71	38	-0.85	
5.66	39	-0.83	
5.62	41	-0.82	
5.58	42	-0.81	
5.54	44	-0.79	
5.51	45	-0.78	
5.48	47	-0.76	
5.44	48	-0.75	
5.41	50	-0.73	
5.38	51	-0.72	
5.36	53	-0.70	
5.33	54	-0.69	
5.31	56	-0.67	
5.29	57	-0.66	
5.27	59	-0.64	
5.25	60	-0.63	
5.23	62	-0.61	
5.21	63	-0.60	
5.20	65	-0.58	
5.18	66	-0.57	
5.17	68	-0.55	
5.15	69	-0.54	
5.14	71	-0.52	
5.13	72	-0.51	
5.12	74	-0.49	
5.11	75	-0.48	
5.10	77	-0.46	
5.09	78	-0.45	
5.08	80	-0.43	
5.08	81	-0.42	
5.07	83	-0.40	
5.07	84	-0.39	
5.06	86	-0.37	
5.06	87	-0.36	
5.05	89	-0.34	
5.05	90	-0.33	
5.05	92	-0.32	
5.04	93	-0.30	
5.04	95	-0.29	
5.04	96	-0.27	
5.04	98	-0.26	
5.04	99	-0.25	
5.04	101	-0.23	
5.04	102	-0.22	
5.04	104	-0.21	
5.04	105	-0.19	
5.04	107	-0.18	
5.04	108	-0.17	
5.05	110	-0.16	
5.05	111	-0.14	
5.05	113	-0.13	
5.06	114	-0.12	
5.06	116	-0.11	
5.06	117	-0.10	
5.07	119	-0.08	
5.07	120	-0.07	
5.08	122	-0.06	
5.08	123	-0.05	
5.09	125	-0.04	
5.09	126	-0.03	
5.10	128	-0.02	
5.10	129	-0.01	
5.11	131	0.00	
5.11	132	0.01	
5.12	134	0.02	
5.13	135	0.03	
5.13	137	0.04	
5.14	138	0.05	
5.15	140	0.06	
5.16	141	0.07	
5.16	143	0.08	
5.17	144	0.09	
5.18	146	0.10	
5.19	147	0.11	
5.19	149	0.12	
5.20	150	0.13	
5.21	152	0.14	
5.22	153	0.15	
5.23	155	0.15	
5.24	156	0.16	
5.25	158	0.17	
5.25	159	0.18	
5.26	161	0.19	
5.27	162	0.19	
5.25	164	0.20	
5.23	165	0.21	
5.21	167	0.22	
5.19	168	0.22	
5.17	170	0.23	
5.16	171	0.24	
5.14	173	0.24	
5.13	174	0.25	
5.13	176	0.26	
5.12	177	0.26	
5.11	179	0.27	
5.11	180	0.28	
5.11	182	0.28	
5.10	183	0.29	
5.10	185	0.29	
5.10	186	0.30	
5.11	188	0.30	
5.11	189	0.31	
5.11	191	0.31	
5.12	192	0.32	
5.12	194	0.33	
5.13	195	0.33	
5.13	197	0.34	
5.14	198	0.34	
5.14	200	0.34	
5.15	201	0.35	
5.16	203	0.35	
5.17	204	0.36	
5.17	206	0.36	
5.18	207	0.37	
5.19	209	0.37	
5.20	210	0.38	
5.21	212	0.38	
5.22	213	0.38	
5.23	215	0.39	
5.24	216	0.39	
5.25	218	0.39	
5.26	219	0.40	
5.28	221	0.40	
5.29	222	0.41	
5.30	224	0.41	
5.31	225	0.41	
5.32	227	0.42	
5.34	228	0.42	
5.35	230	0.42	
5.36	231	0.42	
5.37	233	0.43	
5.39	234	0.43	
5.40	236	0.43	
5.41	237	0.44	
5.43	239	0.44	
5.44	240	0.44	
5.45	242	0.44	
5.47	243	0.44	
5.48	245	0.45	
5.50	246	0.45	
5.51	248	0.45	
5.52	249	0.45	
5.54	251	0.46	
5.55	252	0.46	
5.57	254	0.46	
5.58	255	0.46	
5.60	257	0.46	
5.61	258	0.46	
5.63	260	0.47	
5.64	261	0.47	
5.66	263	0.47	
5.67	264	0.47	
5.68	266	0.47	
5.70	267	0.47	
5.71	269	0.47	
5.73	270	0.48	
5.74	272	0.48	
5.76	273	0.48	
5.77	275	0.48	
5.79	276	0.48	
5.80	278	0.48	
5.82	279	0.48	
5.83	281	0.48	
5.85	282	0.48	
5.86	284	0.49	
5.88	285	0.49	
5.89	287	0.49	
5.91	288	0.49	
5.93	290	0.49	
5.94	291	0.49	
5.96	293	0.49	
5.97	294	0.49	
5.99	296	0.49	
6.00	297	0.49	
6.02	299	0.49	
6.03	300	0.49	
6.05	302	0.49	
6.06	303	0.49	
6.08	305	0.49	
6.09	306	0.49	
6.11	308	0.50	
6.12	309	0.50	
6.14	311	0.50	
6.15	312	0.50	
6.17	314	0.50	
6.18	315	0.50	
6.20	317	0.50	
6.21	318	0.50	
6.23	320	0.50	
6.24	321	0.50	
6.26	323	0.50	
6.27	324	0.50	
6.29	326	0.50	
6.30	327	0.50	
6.32	329	0.50	
6.34	330	0.50	
6.35	332	0.50	
6.37	333	0.50	
6.38	335	0.50	
6.40	336	0.50	
6.41	338	0.50	
6.43	339	0.50	
6.44	341	0.50	
6.46	342	0.50	
6.47	344	0.50	
6.49	345	0.50	
6.50	347	0.50	
6.52	348	0.50	
6.53	350	0.50	
6.55	351	0.50	
6.56	353	0.50	
6.58	354	0.50	
6.59	356	0.50	
6.61	357	0.50	
6.62	359	0.50	
6.64	360	0.50	
6.65	362	0.50	
6.67	363	0.50	
6.68	365	0.50	
6.70	366	0.50	
6.71	368	0.50	
6.73	369	0.50	
6.74	371	0.50	
6.76	372	0.50	
6.77	374	0.50	
6.79	375	0.50	
6.80	377	0.50	
6.82	378	0.49	
6.83	380	0.49	
6.85	381	0.49	
6.86	383	0.49	
6.88	384	0.49	
6.89	386	0.49	
6.91	387	0.49	
6.92	389	0.49	
6.94	390	0.49	
6.95	392	0.49	
6.96	393	0.49	
6.98	395	0.49	
6.99	396	0.49	
7.01	398	0.49	
7.02	399	0.49	
7.04	401	0.49	
7.05	402	0.49	
7.06	404	0.49	
7.08	405	0.49	
7.09	407	0.49	
7.11	408	0.49	
7.12	410	0.49	
7.14	411	0.49	
7.15	413	0.49	
7.17	414	0.49	
7.18	416	0.49	
7.19	417	0.48	
7.21	419	0.48	
7.22	420	0.48	
7.23	422	0.48	
7.25	423	0.48	
7.26	425	0.48	
7.28	426	0.48	
7.29	428	0.48	
7.31	429	0.48	
7.32	431	0.48	
7.33	432	0.48	
7.35	434	0.48	
7.36	435	0.48	
7.38	437	0.48	
7.39	438	0.48	
7.40	440	0.48	
7.42	441	0.48	
7.43	443	0.48	
7.45	444	0.48	
7.46	446	0.48	
7.47	447	0.48	
7.49	449	0.48	
7.50	450	0.48	
7.52	452	0.48	
7.53	453	0.48	
7.54	455	0.48	
7.56	456	0.48	
7.57	458	0.47	
7.58	459	0.47	
7.60	461	0.47	
7.61	462	0.47	
7.63	464	0.47	
7.64	465	0.47	
7.65	467	0.47	
7.67	468	0.47	
7.68	470	0.47	
7.69	471	0.47	
7.71	473	0.47	
7.72	474	0.47	
7.74	476	0.47	
7.75	477	0.47	
7.76	479	0.47	
7.78	480	0.47	
7.79	482	0.47	
7.80	483	0.47	
7.82	485	0.47	
7.83	486	0.47	
7.84	488	0.47	
7.86	489	0.47	
7.87	491	0.47	
7.89	492	0.47	
7.90	494	0.47	
7.91	495	0.47	
7.93	497	0.47	
7.94	498	0.46	
7.95	500	0.46	
7.97	501	0.46	
7.98	503	0.46	
7.99	504	0.46	
8.01	506	0.46	
8.02	507	0.46	
8.03	509	0.46	
8.05	510	0.46	
8.06	512	0.46	
8.07	513	0.46	
8.09	515	0.46	
8.10	516	0.46	
8.11	518	0.46	
8.13	519	0.46	
8.14	521	0.46	
8.15	522	0.46	
8.17	524	0.46	
8.18	525	0.46	
8.19	527	0.46	
8.21	528	0.46	
8.22	530	0.46	
8.23	531	0.46	
8.25	533	0.46	
8.26	534	0.46	
8.27	536	0.46	
8.29	537	0.46	
8.30	539	0.46	
8.31	540	0.46	
8.33	542	0.46	
8.34	543	0.46	
8.35	545	0.46	
8.37	546	0.46	
8.38	548	0.45	
8.39	549	0.45	
8.41	551	0.45	
8.42	552	0.45	
8.43	554	0.45	
8.45	555	0.45	
8.46	557	0.45	
8.47	558	0.45	
8.49	560	0.45	
8.50	561	0.45	
8.51	563	0.45	
8.52	564	0.45	
8.54	566	0.45	
8.55	567	0.45	
8.56	569	0.45	
8.58	570	0.45	
8.59	572	0.45	
8.60	573	0.45	
8.62	575	0.45	
8.63	576	0.45	
8.64	578	0.45	
8.66	579	0.45	
8.67	581	0.45	
8.68	582	0.45	
8.69	584	0.45	
8.71	585	0.45	
8.72	587	0.45	
8.73	588	0.45	
8.75	590	0.45	
8.76	591	0.45	
8.77	593	0.45	
8.79	594	0.45	
8.80	596	0.45	
8.81	597	0.45	
8.82	599	0.45	
8.84	600	0.45	
8.85	602	0.45	
8.86	603	0.45	
8.88	605	0.45	
8.89	606	0.45	
8.90	608	0.45	
8.92	609	0.45	
8.93	611	0.45	
8.94	612	0.45	
8.96	614	0.45	
8.97	615	0.45	
8.98	617	0.44	
8.99	618	0.44	
9.01	620	0.44	
9.02	621	0.44	
9.03	623	0.44	
9.05	624	0.44	
9.06	626	0.44	
9.07	627	0.44	
9.08	629	0.44	
9.10	630	0.44	
9.11	632	0.44	
9.12	633	0.44	
9.14	635	0.44	
9.15	636	0.44	
9.16	638	0.44	
9.18	639	0.44	
9.19	641	0.44	
9.20	642	0.44	
9.21	644	0.44	
9.23	645	0.44	
9.24	647	0.44	
9.25	648	0.44	
9.27	650	0.44	
9.28	651	0.44	
9.29	653	0.44	
9.30	654	0.44	
9.32	656	0.44	
9.33	657	0.44	
9.34	659	0.44	
9.36	660	0.44	
9.37	662	0.44	
9.38	663	0.44	
9.39	665	0.44	
9.41	666	0.44	
9.42	668	0.44	
9.43	669	0.44	
9.45	671	0.44	
9.46	672	0.44	
9.47	674	0.44	
9.48	675	0.44	
9.50	677	0.44	
9.51	678	0.44	
9.52	680	0.44	
9.54	681	0.44	
9.55	683	0.44	
9.56	684	0.44	
9.58	686	0.44	
9.59	687	0.44	
9.60	689	0.44	
9.61	690	0.44	
9.63	692	0.44	
9.64	693	0.44	
9.65	695	0.44	
9.66	696	0.44	
9.68	698	0.44	
9.69	699	0.44	
9.70	701	0.44	
9.72	702	0.44	
9.73	704	0.44	
9.74	705	0.44	
9.75	707	0.43	
9.77	708	0.43	
9.78	710	0.43	
9.79	711	0.43	
9.81	713	0.43	
9.82	714	0.43	
9.83	716	0.43	
9.84	717	0.43	
9.86	719	0.43	
9.87	720	0.43	
9.88	722	0.43	
9.89	723	0.43	
9.91	725	0.43	
9.92	726	0.43	
9.93	728	0.43	
9.95	729	0.43	
9.96	731	0.43	
9.97	732	0.43	
9.98	734	0.43	
10.00	735	0.43	
10.01	737	0.43	
10.02	738	0.43	
10.04	740	0.43	
10.05	741	0.43	
10.06	743	0.43	
10.07	744	0.43	
10.09	746	0.43	
10.10	747	0.43	
10.11	749	0.43	
10.13	750	0.43	
10.14	752	0.43	
10.15	753	0.43	
10.16	755	0.43	
10.18	756	0.43	
10.19	758	0.43	
10.20	759	0.43	
10.21	761	0.43	
10.23	762	0.43	
10.24	764	0.43	
10.25	765	0.43	
10.27	767	0.43	
10.28	768	0.43	
10.29	770	0.43	
10.30	771	0.43	
10.32	773	0.43	
10.33	774	0.43	
10.34	776	0.43	
10.36	777	0.43	
10.37	779	0.43	
10.38	780	0.43	
10.39	782	0.43	
10.41	783	0.43	
10.42	785	0.43	
10.43	786	0.43	
10.44	788	0.43	
10.46	789	0.43	
10.47	791	0.43	
10.48	792	0.43	
10.50	794	0.43	
10.51	795	0.43	
10.52	797	0.43	
10.53	798	0.42	
10.55	800	0.42	
10.56	801	0.42	
10.57	803	0.42	
10.58	804	0.42	
10.60	806	0.42	
10.61	807	0.42	
10.62	809	0.42	
10.64	810	0.42	
10.65	812	0.42	
10.66	813	0.42	
10.67	815	0.42	
10.69	816	0.42	
10.70	818	0.42	
10.71	819	0.42	
10.73	821	0.42	
10.74	822	0.42	
10.75	824	0.42	
10.76	825	0.42	
10.78	827	0.42	
10.79	828	0.42	
10.80	830	0.42	
10.81	831	0.42	
10.83	833	0.42	
10.84	834	0.42	
10.85	836	0.42	
10.86	837	0.42	
10.88	839	0.42	
10.89	840	0.42	
10.90	842	0.42	
10.92	843	0.42	
10.93	845	0.42	
10.94	846	0.42	
10.95	848	0.42	
10.97	849	0.42	
10.98	851	0.42	
10.99	852	0.42	
11.00	854	0.42	
11.02	855	0.42	
11.03	857	0.42	
11.04	858	0.42	
11.06	860	0.42	
11.07	861	0.42	
11.08	863	0.42	
11.09	864	0.42	
11.11	866	0.42	
11.12	867	0.42	
11.13	869	0.42	
11.14	870	0.42	
11.16	872	0.42	
11.17	873	0.42	
11.18	875	0.42	
11.19	876	0.42	
11.21	878	0.42	
11.22	879	0.42	
11.23	881	0.42	
11.25	882	0.42	
11.26	884	0.42	
11.27	885	0.42	
11.28	887	0.42	
11.30	888	0.42	
11.31	890	0.42	
11.32	891	0.41	
11.34	893	0.41	
11.35	894	0.41	
11.36	896	0.41	
11.37	897	0.41	
11.39	899	0.41	
11.40	900	0.41	
11.41	902	0.41	
11.42	903	0.41	
11.44	905	0.41	
11.45	906	0.41	
11.46	908	0.41	
11.48	909	0.41	
11.49	911	0.41	
11.50	912	0.41	
11.51	914	0.41	
11.53	915	0.41	
11.54	917	0.41	
11.55	918	0.41	
11.56	920	0.41	
11.58	921	0.41	
11.59	923	0.41	
11.60	924	0.41	
11.61	926	0.41	
11.63	927	0.41	
11.64	929	0.41	
11.65	930	0.41	
11.67	932	0.41	
11.68	933	0.41	
11.69	935	0.41	
11.70	936	0.41	
11.72	938	0.41	
11.73	939	0.41	
11.74	941	0.41	
11.75	942	0.41	
11.77	944	0.41	
11.78	945	0.41	
11.79	947	0.41	
11.81	948	0.41	
11.82	950	0.41	
11.83	951	0.41	
11.84	953	0.41	
11.86	954	0.41	
11.87	956	0.41	
11.88	957	0.41	
11.89	959	0.41	
11.91	960	0.41	
11.92	962	0.41	
11.93	963	0.41	
11.95	965	0.41	
11.96	966	0.41	
11.97	968	0.41	
11.98	969	0.41	
12.00	971	0.41	
12.01	972	0.41	
12.02	974	0.41	
12.03	975	0.41	
12.05	977	0.41	
12.06	978	0.41	
12.07	980	0.41	
12.08	981	0.41	
12.10	983	0.41	
12.11	984	0.41	
12.12	986	0.41	
12.14	987	0.41	
12.15	989	0.40	
12.16	990	0.40	
12.17	992	0.41	
12.19	993	0.41	
12.20	995	0.41	
12.21	996	0.41	
12.22	998	0.40	
12.24	999	0.40	
12.25	1001	0.40	
12.26	1002	0.40	
12.28	1004	0.40	
12.29	1005	0.40	
12.30	1007	0.40	
12.31	1008	0.40	
12.33	1010	0.40	
12.34	1011	0.40	
12.35	1013	0.40	
12.36	1014	0.40	
12.38	1016	0.40	
12.39	1017	0.40	
12.40	1019	0.40	
12.42	1020	0.40	
12.43	1022	0.40	
12.44	1023	0.40	
12.45	1025	0.40	
12.47	1026	0.40	
12.48	1028	0.40	
12.49	1029	0.40	
12.50	1031	0.40	
12.52	1032	0.40	
12.53	1034	0.40	
12.54	1035	0.40	
12.55	1037	0.40	
12.57	1038	0.40	
12.58	1040	0.40	
12.59	1041	0.40	
12.61	1043	0.40	
12.62	1044	0.40	
12.63	1046	0.40	
12.64	1047	0.40	
12.66	1049	0.40	
12.67	1050	0.40	
12.68	1052	0.40	
12.69	1053	0.40	
12.71	1055	0.40	
12.72	1056	0.40	
12.73	1058	0.40	
12.74	1059	0.40	
12.76	1061	0.40	
12.77	1062	0.40	
12.78	1064	0.40	
12.80	1065	0.40	
12.81	1067	0.40	
12.82	1068	0.40	
12.83	1070	0.40	
12.85	1071	0.40	
12.86	1073	0.40	
12.87	1074	0.40	
12.88	1076	0.40	
12.90	1077	0.40	
12.91	1079	0.40	
12.92	1080	0.40	
12.93	1082	0.40	
12.95	1083	0.40	
12.96	1085	0.40	
12.97	1086	0.40	
12.98	1088	0.40	
13.00	1089	0.40	
13.01	1091	0.40	
13.02	1092	0.40	
13.04	1094	0.40	
13.05	1095	0.40	
13.06	1097	0.40	
13.07	1098	0.39	
13.09	1100	0.39	
13.10	1101	0.39	
13.11	1103	0.39	
13.12	1104	0.39	
13.14	1106	0.39	
13.15	1107	0.39	
13.16	1109	0.39	
13.17	1110	0.39	
13.19	1112	0.39	
13.20	1113	0.39	
13.21	1115	0.39	
13.23	1116	0.39	
13.24	1118	0.39	
13.25	1119	0.39	
13.26	1121	0.39	
13.28	1122	0.39	
13.29	1124	0.39	
13.30	1125	0.39	
13.31	1127	0.39	
13.33	1128	0.39	
13.34	1130	0.39	
13.35	1131	0.39	
13.37	1133	0.39	
13.38	1134	0.39	
13.39	1136	0.39	
13.40	1137	0.39	
13.42	1139	0.39	
13.43	1140	0.39	
13.44	1142	0.39	
13.45	1143	0.39	
13.47	1145	0.39	
13.48	1146	0.39	
13.49	1148	0.39	
13.50	1149	0.39	
13.52	1151	0.39	
13.53	1152	0.39	
13.54	1154	0.39	
13.56	1155	0.39	
13.57	1157	0.39	
13.58	1158	0.39	
13.59	1160	0.39	
13.61	1161	0.39	
13.62	1163	0.39	
13.63	1164	0.39	
13.64	1166	0.39	
13.66	1167	0.39	
13.67	1169	0.39	
13.68	1170	0.39	
13.69	1172	0.39	
13.71	1173	0.39	
13.72	1175	0.39	
13.73	1176	0.39	
13.75	1178	0.39	
13.76	1179	0.38	
13.77	1181	0.39	
13.78	1182	0.39	
13.80	1184	0.39	
13.81	1185	0.39	
13.82	1187	0.39	
13.83	1188	0.39	
13.85	1190	0.39	
13.86	1191	0.39	
13.87	1193	0.39	
13.89	1194	0.38	
13.90	1196	0.38	
13.91	1197	0.38	
13.92	1199	0.38	
13.94	1200	0.38	
13.95	1202	0.38	
13.96	1203	0.38	
13.97	1205	0.38	
13.99	1206	0.38	
14.00	1208	0.38	
14.01	1209	0.38	
14.02	1211	0.38	
14.04	1212	0.38	
14.05	1214	0.38	
14.06	1215	0.38	
14.08	1217	0.38	
14.09	1218	0.38	
14.10	1220	0.38	
14.11	1221	0.38	
14.13	1223	0.38	
14.14	1224	0.38	
14.15	1226	0.38	
14.16	1227	0.38	
14.18	1229	0.38	
14.19	1230	0.38	
14.20	1232	0.38	
14.21	1233	0.38	
14.23	1235	0.38	
14.24	1236	0.38	
14.25	1238	0.38	
14.27	1239	0.38	
14.28	1241	0.38	
14.29	1242	0.38	
14.30	1244	0.38	
14.32	1245	0.38	
14.33	1247	0.38	
14.34	1248	0.38	
14.35	1250	0.38	
14.37	1251	0.38	
14.38	1253	0.38	
14.39	1254	0.38	
14.40	1256	0.38	
14.42	1257	0.38	
14.43	1259	0.38	
14.44	1260	0.38	
14.46	1262	0.38	
14.47	1263	0.38	
14.48	1265	0.38	
14.49	1266	0.38	
14.51	1268	0.38	
14.52	1269	0.38	
14.53	1271	0.38	
14.54	1272	0.38	
14.56	1274	0.38	
14.57	1275	0.38	
14.58	1277	0.38	
14.59	1278	0.38	
14.61	1280	0.38	
14.62	1281	0.38	
14.63	1283	0.38	
14.65	1284	0.38	
14.66	1286	0.38	
14.67	1287	0.37	
14.68	1289	0.37	
14.70	1290	0.37	
14.71	1292	0.37	
14.72	1293	0.37	
14.73	1295	0.37	
14.75	1296	0.37	
14.76	1298	0.37	
14.77	1299	0.37	
14.79	1301	0.37	
14.80	1302	0.37	
14.81	1304	0.37	
14.82	1305	0.37	
14.84	1307	0.37	
14.85	1308	0.37	
14.86	1310	0.37	
14.87	1311	0.37	
14.89	1313	0.37	
14.90	1314	0.37	
14.91	1316	0.37	
14.92	1317	0.37	
14.94	1319	0.37	
14.95	1320	0.37	
14.96	1322	0.37	
14.98	1323	0.37	
14.99	1325	0.37	
15.00	1326	0.37	
15.01	1328	0.37	
15.03	1329	0.37	
15.04	1331	0.37	
15.05	1332	0.37	
15.06	1334	0.37	
15.08	1335	0.37	
15.09	1337	0.37	
15.10	1338	0.37	
15.11	1340	0.37	
15.13	1341	0.37	
15.14	1343	0.37	
15.15	1344	0.37	
15.17	1346	0.37	
15.18	1347	0.37	
15.19	1349	0.37	
15.20	1350	0.37	
15.22	1352	0.37	
15.23	1353	0.37	
15.24	1355	0.37	
15.25	1356	0.37	
15.27	1358	0.37	
15.28	1359	0.37	
15.29	1361	0.37	
15.30	1362	0.37	
15.32	1364	0.37	
15.33	1365	0.37	
15.34	1367	0.37	
15.35	1368	0.37	
15.37	1370	0.37	
15.38	1371	0.37	
15.39	1373	0.37	
15.41	1374	0.37	
15.42	1376	0.37	
15.43	1377	0.36	
15.44	1379	0.36	
15.46	1380	0.36	
15.47	1382	0.36	
15.48	1383	0.36	
15.49	1385	0.36	
15.51	1386	0.36	
15.52	1388	0.36	
15.53	1389	0.36	
15.54	1391	0.36	
15.56	1392	0.36	
15.57	1394	0.36	
15.58	1395	0.36	
15.60	1397	0.36	
15.61	1398	0.36	
15.62	1400	0.36	
15.63	1401	0.36	
15.65	1403	0.36	
15.66	1404	0.36	
15.67	1406	0.36	
15.68	1407	0.36	
15.70	1409	0.36	
15.71	1410	0.36	
15.72	1412	0.36	
15.73	1413	0.36	
15.75	1415	0.36	
15.76	1416	0.36	
15.77	1418	0.36	
15.79	1419	0.36	
15.80	1421	0.36	
15.81	1422	0.36	
15.82	1424	0.36	
15.84	1425	0.36	
15.85	1427	0.36	
15.86	1428	0.36	
15.87	1430	0.36	
15.89	1431	0.36	
15.90	1433	0.36	
15.91	1434	0.36	
15.92	1436	0.36	
15.94	1437	0.36	
15.95	1439	0.36	
15.96	1440	0.36	
15.98	1442	0.36	
15.99	1443	0.36	
16.00	1445	0.36	
16.01	1446	0.36	
16.03	1448	0.36	
16.04	1449	0.36	
16.05	1451	0.36	
16.06	1452	0.36	
16.08	1454	0.36	
16.09	1455	0.36	
16.10	1457	0.36	
16.11	1458	0.36	
16.13	1460	0.35	
16.14	1461	0.35	
16.15	1463	0.35	
16.17	1464	0.36	
16.18	1466	0.36	
16.19	1467	0.36	
16.20	1469	0.35	
16.22	1470	0.35	
16.23	1472	0.35	
16.24	1473	0.35	
16.25	1475	0.35	
16.27	1476	0.35	
16.28	1478	0.35	
16.29	1479	0.35	
16.30	1481	0.35	
16.32	1482	0.35	
16.33	1484	0.35	
16.34	1485	0.35	
16.36	1487	0.35	
16.37	1488	0.35	
16.38	1490	0.35	
16.39	1491	0.35	
16.41	1493	0.35	
16.42	1494	0.35	
16.43	1496	0.35	
16.44	1497	0.35	
16.46	1499	0.35	
16.47	1500	0.35	
16.48	1502	0.35	
16.49	1503	0.35	
16.51	1505	0.35	
16.52	1506	0.35	
16.53	1508	0.35	
16.55	1509	0.35	
16.56	1511	0.35	
16.57	1512	0.35	
16.58	1514	0.35	
16.60	1515	0.35	
16.61	1517	0.35	
16.62	1518	0.35	
16.63	1520	0.35	
16.65	1521	0.35	
16.66	1523	0.35	
16.67	1524	0.35	
16.68	1526	0.35	
16.70	1527	0.35	
16.71	1529	0.35	
16.72	1530	0.35	
16.74	1532	0.35	
16.75	1533	0.35	
16.76	1535	0.35	
16.77	1536	0.35	
16.79	1538	0.35	
16.80	1539	0.35	
16.81	1541	0.35	
16.82	1542	0.35	
16.84	1544	0.35	
16.85	1545	0.35	
16.86	1547	0.34	
16.87	1548	0.34	
16.89	1550	0.34	
16.90	1551	0.35	
16.91	1553	0.34	
16.93	1554	0.34	
16.94	1556	0.34	
16.95	1557	0.34	
16.96	1559	0.34	
16.98	1560	0.34	
16.99	1562	0.34	
17.00	1563	0.34	
17.01	1565	0.34	
17.03	1566	0.34	
17.04	1568	0.34	
17.05	1569	0.34	
17.06	1571	0.34	
17.08	1572	0.34	
17.09	1574	0.34	
17.10	1575	0.34	
17.11	1577	0.34	
17.13	1578	0.34	
17.14	1580	0.34	
17.15	1581	0.34	
17.17	1583	0.34	
17.18	1584	0.34	
17.19	1586	0.34	
17.20	1587	0.34	
17.22	1589	0.34	
17.23	1590	0.34	
17.24	1592	0.34	
17.25	1593	0.34	
17.27	1595	0.34	
17.28	1596	0.34	
17.29	1598	0.34	
17.31	1599	0.34	
17.32	1601	0.34	
17.33	1602	0.34	
17.34	1604	0.34	
17.36	1605	0.34	
17.37	1607	0.34	
17.38	1608	0.34	
17.39	1610	0.34	
17.41	1611	0.34	
17.42	1613	0.34	
17.43	1614	0.34	
17.44	1616	0.34	
17.46	1617	0.34	
17.47	1619	0.34	
17.48	1620	0.34	
17.50	1622	0.34	
17.51	1623	0.34	
17.52	1625	0.34	
17.53	1626	0.34	
17.55	1628	0.33	
17.56	1629	0.33	
17.57	1631	0.33	
17.58	1632	0.33	
17.60	1634	0.33	
17.61	1635	0.33	
17.62	1637	0.33	
17.63	1638	0.33	
17.65	1640	0.33	
17.66	1641	0.33	
17.67	1643	0.33	
17.68	1644	0.33	
17.70	1646	0.33	
17.71	1647	0.33	
17.72	1649	0.33	
17.74	1650	0.33	
17.75	1652	0.33	
17.76	1653	0.33	
17.77	1655	0.33	
17.79	1656	0.33	
17.80	1658	0.33	
17.81	1659	0.33	
17.82	1661	0.33	
17.84	1662	0.33	
17.85	1664	0.33	
17.86	1665	0.33	
17.88	1667	0.33	
17.89	1668	0.33	
17.90	1670	0.33	
17.91	1671	0.33	
17.93	1673	0.33	
17.94	1674	0.33	
17.95	1676	0.33	
17.96	1677	0.33	
17.98	1679	0.33	
17.99	1680	0.33	
18.00	1682	0.33	
18.01	1683	0.33	
18.03	1685	0.33	
18.04	1686	0.33	
18.05	1688	0.33	
18.06	1689	0.33	
18.08	1691	0.33	
18.09	1692	0.33	
18.10	1694	0.33	
18.12	1695	0.33	
18.13	1697	0.33	
18.14	1698	0.33	
18.15	1700	0.33	
18.17	1701	0.33	
18.18	1703	0.33	
18.19	1704	0.33	
18.20	1706	0.32	
18.22	1707	0.32	
18.23	1709	0.32	
18.24	1710	0.32	
18.25	1712	0.32	
18.27	1713	0.32	
18.28	1715	0.32	
18.29	1716	0.32	
18.31	1718	0.32	
18.32	1719	0.32	
18.33	1721	0.32	
18.34	1722	0.32	
18.36	1724	0.32	
18.37	1725	0.32	
18.38	1727	0.32	
18.39	1728	0.32	
18.41	1730	0.32	
18.42	1731	0.32	
18.43	1733	0.32	
18.44	1734	0.32	
18.46	1736	0.32	
18.47	1737	0.32	
18.48	1739	0.32	
18.50	1740	0.32	
18.51	1742	0.32	
18.52	1743	0.32	
18.53	1745	0.32	
18.54	1746	0.32	
18.56	1748	0.32	
18.57	1749	0.32	
18.58	1751	0.32	
18.60	1752	0.32	
18.61	1754	0.32	
18.62	1755	0.32	
18.63	1757	0.32	
18.65	1758	0.32	
18.66	1760	0.32	
18.67	1761	0.32	
18.69	1763	0.32	
18.70	1764	0.32	
18.71	1766	0.32	
18.72	1767	0.32	
18.74	1769	0.32	
18.75	1770	0.32	
18.76	1772	0.32	
18.77	1773	0.32	
18.79	1775	0.32	
18.80	1776	0.32	
18.81	1778	0.32	
18.82	1779	0.32	
18.84	1781	0.32	
18.85	1782	0.31	
18.86	1784	0.31	
18.88	1785	0.32	
18.89	1787	0.32	
18.90	1788	0.32	
18.91	1790	0.31	
18.92	1791	0.32	
18.94	1793	0.31	
18.95	1794	0.31	
18.96	1796	0.31	
18.98	1797	0.31	
18.99	1799	0.31	
19.00	1800	0.31	
19.01	1802	0.31	
19.03	1803	0.31	
19.04	1805	0.31	
19.05	1806	0.31	
19.06	1808	0.31	
19.08	1809	0.31	
19.09	1811	0.31	
19.10	1812	0.31	
19.11	1814	0.31	
19.13	1815	0.31	
19.14	1817	0.31	
19.15	1818	0.31	
19.17	1820	0.31	
19.18	1821	0.31	
19.19	1823	0.31	
19.20	1824	0.31	
19.22	1826	0.31	
19.23	1827	0.31	
19.24	1829	0.31	
19.25	1830	0.31	
19.27	1832	0.31	
19.28	1833	0.31	
19.29	1835	0.31	
19.31	1836	0.31	
19.32	1838	0.31	
19.33	1839	0.31	
19.34	1841	0.31	
19.36	1842	0.31	
19.37	1844	0.31	
19.38	1845	0.31	
19.39	1847	0.31	
19.41	1848	0.31	
19.42	1850	0.30	
19.43	1851	0.31	
19.44	1853	0.30	
19.46	1854	0.30	
19.47	1856	0.30	
19.48	1857	0.30	
19.49	1859	0.30	
19.51	1860	0.30	
19.52	1862	0.30	
19.53	1863	0.30	
19.55	1865	0.30	
19.56	1866	0.30	
19.57	1868	0.30	
19.58	1869	0.30	
19.60	1871	0.30	
19.61	1872	0.30	
19.62	1874	0.30	
19.63	1875	0.30	
19.65	1877	0.30	
19.66	1878	0.30	
19.67	1880	0.30	
19.68	1881	0.30	
19.70	1883	0.30	
19.71	1884	0.30	
19.72	1886	0.30	
19.73	1887	0.30	
19.75	1889	0.30	
19.76	1890	0.30	
19.77	1892	0.30	
19.79	1893	0.30	
19.80	1895	0.30	
19.81	1896	0.30	
19.82	1898	0.30	
19.84	1899	0.30	
19.85	1901	0.30	
19.86	1902	0.30	
19.87	1904	0.30	
19.89	1905	0.30	
19.90	1907	0.30	
19.91	1908	0.30	
19.92	1910	0.30	
19.94	1911	0.30	
19.95	1913	0.30	
19.96	1914	0.30	
19.98	1916	0.30	
19.99	1917	0.30	
20.00	1919	0.30	
20.01	1920	0.30	
20.03	1922	0.29	
20.04	1923	0.29	
20.05	1925	0.29	
20.07	1926	0.29	
20.08	1928	0.29	
20.09	1929	0.29	
20.10	1931	0.29	
20.11	1932	0.29	
20.13	1934	0.29	
20.14	1935	0.29	
20.15	1937	0.29	
20.17	1938	0.29	
20.18	1940	0.29	
20.19	1941	0.29	
20.20	1943	0.29	
20.22	1944	0.29	
20.23	1946	0.29	
20.24	1947	0.29	
20.25	1949	0.29	
20.27	1950	0.29	
20.28	1952	0.29	
20.29	1953	0.29	
20.30	1955	0.29	
20.32	1956	0.29	
20.33	1958	0.29	
20.34	1959	0.29	
20.36	1961	0.29	
20.37	1962	0.29	
20.38	1964	0.29	
20.39	1965	0.29	
20.41	1967	0.29	
20.42	1968	0.29	
20.43	1970	0.29	
20.44	1971	0.29	
20.46	1973	0.29	
20.47	1974	0.28	
20.48	1976	0.28	
20.49	1977	0.28	
20.51	1979	0.28	
20.52	1980	0.28	
20.53	1982	0.28	
20.55	1983	0.28	
20.56	1985	0.28	
20.57	1986	0.28	
20.58	1988	0.28	
20.60	1989	0.28	
20.61	1991	0.28	
20.62	1992	0.28	
20.63	1994	0.28	
20.65	1995	0.28	
20.66	1997	0.28	
20.67	1998	0.28	
20.68	2000	0.28	
20.70	2001	0.28	
20.71	2003	0.28	
20.72	2004	0.28	
20.73	2006	0.28	
20.75	2007	0.28	
20.76	2009	0.28	
20.77	2010	0.27	
20.79	2012	0.27	
20.80	2013	0.27	
20.81	2015	0.27	
20.82	2016	0.27	
20.84	2018	0.27	
20.85	2019	0.27	
20.86	2021	0.27	
20.87	2022	0.27	
20.89	2024	0.27	
20.90	2025	0.27	
20.91	2027	0.27	
20.92	2028	0.27	
20.94	2030	0.27	
20.95	2031	0.27	
20.96	2033	0.26	
20.98	2034	0.26	
20.99	2036	0.26	
21.00	2037	0.26	
21.01	2039	0.26	
21.03	2040	0.26	
21.04	2042	0.26	
21.05	2043	0.26	
21.06	2045	0.26	
21.08	2046	0.26	
21.09	2048	0.26	
21.10	2049	0.25	
21.11	2051	0.25	
21.13	2052	0.25	
21.14	2054	0.25	
21.15	2055	0.25	
21.17	2057	0.25	
21.18	2058	0.25	
21.19	2060	0.25	
21.20	2061	0.25	
21.22	2063	0.25	
21.23	2064	0.25	
21.24	2066	0.25	
21.25	2067	0.25	
21.27	2069	0.24	
21.28	2070	0.24	
21.29	2072	0.24	
21.30	2073	0.24	
21.32	2075	0.24	
21.33	2076	0.24	
21.34	2078	0.24	
21.36	2079	0.24	
21.37	2081	0.24	
21.38	2082	0.24	
21.39	2084	0.24	
21.41	2085	0.24	
21.42	2087	0.23	
21.43	2088	0.23	
21.44	2090	0.23	
21.46	2091	0.23	
21.47	2093	0.23	
21.48	2094	0.23	
21.49	2096	0.23	
21.51	2097	0.23	
21.52	2099	0.23	
21.53	2100	0.23	
21.55	2102	0.23	
21.56	2103	0.23	
21.57	2105	0.22	
21.58	2106	0.22	
21.60	2108	0.22	
21.61	2109	0.22	
21.62	2111	0.22	
21.63	2112	0.22	
21.65	2114	0.22	
21.66	2115	0.22	
21.67	2117	0.22	
21.68	2118	0.22	
21.70	2120	0.22	
21.71	2121	0.21	
21.72	2123	0.21	
21.74	2124	0.21	
21.75	2126	0.21	
21.76	2127	0.21	
21.77	2129	0.21	
21.79	2130	0.21	
21.80	2132	0.21	
21.81	2133	0.21	
21.82	2135	0.21	
21.84	2136	0.20	
21.85	2138	0.20	
21.86	2139	0.20	
21.87	2141	0.20	
21.89	2142	0.20	
21.90	2144	0.20	
21.91	2145	0.20	
21.93	2147	0.20	
21.94	2148	0.20	
21.95	2150	0.19	
21.96	2151	0.19	
21.98	2153	0.19	
21.99	2154	0.19	
22.00	2156	0.19	
22.01	2157	0.19	
22.03	2159	0.19	
22.04	2160	0.18	
22.05	2162	0.18	
22.06	2163	0.18	
22.08	2165	0.18	
22.09	2166	0.18	
22.10	2168	0.18	
22.11	2169	0.18	
22.13	2171	0.17	
22.14	2172	0.17	
22.15	2174	0.17	
22.17	2175	0.17	
22.18	2177	0.17	
22.19	2178	0.17	
22.20	2180	0.17	
22.22	2181	0.16	
22.23	2183	0.16	
22.24	2184	0.16	
22.25	2186	0.16	
22.27	2187	0.16	
22.28	2189	0.16	
22.29	2190	0.15	
22.30	2192	0.15	
22.32	2193	0.15	
22.33	2195	0.15	
22.34	2196	0.15	
22.36	2198	0.14	
22.37	2199	0.14	
22.38	2201	0.14	
22.39	2202	0.14	
22.41	2204	0.14	
22.42	2205	0.13	
22.43	2207	0.13	
22.44	2208	0.13	
22.46	2210	0.13	
22.47	2211	0.12	
22.48	2213	0.12	
22.50	2214	0.12	
22.51	2216	0.12	
22.52	2217	0.11	
22.53	2219	0.11	
22.55	2220	0.11	
22.56	2222	0.11	
22.57	2223	0.10	
22.58	2225	0.10	
22.60	2226	0.10	
22.61	2228	0.10	
22.62	2229	0.09	
22.63	2231	0.09	
22.65	2232	0.09	
22.66	2234	0.09	
22.67	2235	0.08	
22.68	2237	0.08	
22.70	2238	0.08	
22.71	2240	0.07	
22.72	2241	0.07	
22.73	2243	0.07	
22.75	2244	0.07	
22.76	2246	0.06	
22.77	2247	0.06	
22.79	2249	0.06	
22.80	2250	0.05	
22.81	2252	0.05	
22.82	2253	0.05	
22.84	2255	0.04	
22.85	2256	0.04	
22.86	2258	0.04	
22.87	2259	0.04	
22.89	2261	0.03	
22.90	2262	0.03	
22.91	2264	0.03	
22.92	2265	0.02	
22.94	2267	0.02	
22.95	2268	0.02	
22.96	2270	0.01	
22.98	2271	0.01	
22.99	2273	0.01	
23.00	2274	0.00	
23.01	2276	0.00	
23.03	2277	-0.00	
23.04	2279	-0.01	
23.05	2280	-0.01	
23.06	2282	-0.01	
23.08	2283	-0.02	
23.09	2285	-0.02	
23.10	2286	-0.02	
23.12	2288	-0.03	
23.13	2289	-0.03	
23.14	2291	-0.04	
23.15	2292	-0.04	
23.17	2294	-0.04	
23.18	2295	-0.05	
23.19	2297	-0.05	
23.20	2298	-0.06	
23.22	2300	-0.06	
23.23	2301	-0.06	
23.24	2303	-0.07	
23.25	2304	-0.07	
23.27	2306	-0.08	
23.28	2307	-0.08	
23.29	2309	-0.08	
23.30	2310	-0.09	
23.32	2312	-0.09	
23.33	2313	-0.10	
23.34	2315	-0.10	
23.36	2316	-0.11	
23.37	2318	-0.11	
23.38	2319	-0.11	
23.39	2321	-0.12	
23.41	2322	-0.12	
23.42	2324	-0.13	
23.43	2325	-0.13	
23.44	2327	-0.14	
23.46	2328	-0.14	
23.47	2330	-0.15	
23.48	2331	-0.15	
23.50	2333	-0.16	
23.51	2334	-0.16	
23.52	2336	-0.17	
23.53	2337	-0.17	
23.55	2339	-0.18	
23.56	2340	-0.18	
23.57	2342	-0.19	
23.58	2343	-0.19	
23.60	2345	-0.20	
23.61	2346	-0.21	
23.62	2348	-0.21	
23.63	2349	-0.22	
23.65	2351	-0.22	
23.66	2352	-0.23	
23.67	2354	-0.23	
23.68	2355	-0.24	
23.70	2357	-0.24	
23.71	2358	-0.25	
23.72	2360	-0.26	
23.73	2361	-0.26	
23.75	2363	-0.27	
23.76	2364	-0.27	
23.77	2366	-0.28	
23.79	2367	-0.29	
23.80	2369	-0.29	
23.81	2370	-0.30	
23.82	2372	-0.31	
23.84	2373	-0.31	
23.85	2375	-0.32	
23.86	2376	-0.32	
23.87	2378	-0.33	
23.89	2379	-0.34	
23.90	2381	-0.35	
23.91	2382	-0.35	
23.93	2384	-0.36	
23.94	2385	-0.37	
23.95	2387	-0.37	
23.96	2388	-0.38	
23.98	2390	-0.39	
23.99	2391	-0.39	
24.00	2393	-0.40	
24.01	2394	-0.41	
24.03	2396	-0.41	
24.04	2397	-0.42	
24.05	2399	-0.43	
24.06	2400	-0.44	
24.08	2402	-0.44	
24.09	2403	-0.45	
24.10	2405	-0.46	
24.11	2406	-0.47	
24.13	2408	-0.47	
24.14	2409	-0.48	
24.15	2411	-0.49	
24.17	2412	-0.50	
24.18	2414	-0.51	
24.19	2415	-0.51	
24.20	2417	-0.52	
24.22	2418	-0.53	
24.23	2420	-0.54	
24.24	2421	-0.54	
24.25	2423	-0.55	
24.27	2424	-0.56	
24.28	2426	-0.57	
24.29	2427	-0.58	
24.30	2429	-0.58	
24.32	2430	-0.59	
24.33	2432	-0.60	
24.34	2433	-0.61	
24.35	2435	-0.62	
24.37	2436	-0.63	
24.38	2438	-0.63	
24.39	2439	-0.64	
24.41	2441	-0.65	
24.42	2442	-0.66	
24.43	2444	-0.67	
24.44	2445	-0.68	
24.46	2447	-0.69	
24.47	2448	-0.69	
24.48	2450	-0.70	
24.49	2451	-0.71	
24.51	2453	-0.72	
24.52	2454	-0.73	
24.53	2456	-0.74	
24.54	2457	-0.75	
24.56	2459	-0.76	
24.57	2460	-0.76	
24.58	2462	-0.77	
24.60	2463	-0.78	
24.61	2465	-0.79	
24.62	2466	-0.80	
24.63	2468	-0.81	
24.65	2469	-0.82	
24.66	2471	-0.83	
24.67	2472	-0.83	
24.68	2474	-0.84	
24.70	2475	-0.85	
24.71	2477	-0.86	
24.72	2478	-0.87	
24.73	2480	-0.88	
24.75	2481	-0.89	
24.76	2483	-0.90	
24.77	2484	-0.91	
24.79	2486	-0.91	
24.80	2487	-0.92	
24.81	2489	-0.93	
24.82	2490	-0.94	
24.84	2492	-0.95	
24.85	2493	-0.96	
24.86	2495	-0.97	
24.87	2496	-0.98	
24.89	2498	-0.98	
24.90	2499	-0.99	
24.91	2501	-1.00	
24.92	2502	-1.01	
24.94	2504	-1.02	
24.95	2505	-1.03	
24.96	2507	-1.04	
24.98	2508	-1.05	
24.99	2510	-1.05	
25.00	2511	-1.06	
25.01	2513	-1.07	
25.03	2514	-1.08	
25.04	2516	-1.09	
25.05	2517	-1.10	
25.06	2519	-1.10	
25.08	2520	-1.11	
25.09	2522	-1.12	
25.10	2523	-1.13	
25.11	2525	-1.14	
25.13	2526	-1.15	
25.14	2528	-1.15	
25.15	2529	-1.16	
25.16	2531	-1.17	
25.18	2532	-1.18	
25.19	2534	-1.19	
25.20	2535	-1.20	
25.22	2537	-1.20	
25.23	2538	-1.21	
25.24	2540	-1.22	
25.25	2541	-1.23	
25.27	2543	-1.23	
25.28	2544	-1.24	
25.29	2546	-1.25	
25.30	2547	-1.26	
25.32	2549	-1.27	
25.33	2550	-1.27	
25.34	2552	-1.28	
25.35	2553	-1.29	
25.37	2555	-1.30	
25.38	2556	-1.30	
25.39	2558	-1.31	
25.41	2559	-1.32	
25.42	2561	-1.33	
25.43	2562	-1.33	
25.44	2564	-1.34	
25.46	2565	-1.35	
25.47	2567	-1.36	
25.48	2568	-1.36	
25.49	2570	-1.37	
25.51	2571	-1.38	
25.52	2573	-1.38	
25.53	2574	-1.39	
25.54	2576	-1.40	
25.56	2577	-1.40	
25.57	2579	-1.41	
25.58	2580	-1.42	
25.60	2582	-1.42	
25.61	2583	-1.43	
25.62	2585	-1.44	
25.63	2586	-1.44	
25.65	2588	-1.45	
25.66	2589	-1.45	
25.67	2591	-1.46	
25.68	2592	-1.47	
25.70	2594	-1.47	
25.71	2595	-1.48	
25.72	2597	-1.49	
25.73	2598	-1.49	
25.75	2600	-1.50	
25.76	2601	-1.50	
25.77	2603	-1.51	
25.79	2604	-1.51	
25.80	2606	-1.52	
25.81	2607	-1.53	
25.82	2609	-1.53	
25.84	2610	-1.54	
25.85	2612	-1.54	
25.86	2613	-1.55	
25.87	2615	-1.55	
25.89	2616	-1.56	
25.90	2618	-1.56	
25.91	2619	-1.57	
25.92	2621	-1.57	
25.94	2622	-1.58	
25.95	2624	-1.58	
25.96	2625	-1.59	
25.98	2627	-1.59	
25.99	2628	-1.60	
26.00	2630	-1.60	
26.01	2631	-1.61	
26.03	2633	-1.61	
26.04	2634	-1.62	
26.05	2636	-1.62	
26.06	2637	-1.62	
26.08	2639	-1.63	
26.09	2640	-1.63	
26.10	2642	-1.64	
26.11	2643	-1.64	
26.13	2645	-1.64	
26.14	2646	-1.65	
26.15	2648	-1.65	
26.17	2649	-1.66	
26.18	2651	-1.66	
26.19	2652	-1.66	
26.20	2654	-1.67	
26.22	2655	-1.67	
26.23	2657	-1.68	
26.24	2658	-1.68	
26.25	2660	-1.68	
26.27	2661	-1.69	
26.28	2663	-1.69	
26.29	2664	-1.69	
26.30	2666	-1.70	
26.32	2667	-1.70	
26.33	2669	-1.70	
26.34	2670	-1.70	
26.35	2672	-1.71	
26.37	2673	-1.71	
26.38	2675	-1.71	
26.39	2676	-1.72	
26.41	2678	-1.72	
26.42	2679	-1.72	
26.43	2681	-1.72	
26.44	2682	-1.73	
26.46	2684	-1.73	
26.47	2685	-1.73	
26.48	2687	-1.74	
26.49	2688	-1.74	
26.51	2690	-1.74	
26.52	2691	-1.74	
26.53	2693	-1.74	
26.54	2694	-1.75	
26.56	2696	-1.75	
26.57	2697	-1.75	
26.58	2699	-1.75	
26.60	2700	-1.75	
26.61	2702	-1.76	
26.62	2703	-1.76	
26.63	2705	-1.76	
26.65	2706	-1.76	
26.66	2708	-1.76	
26.67	2709	-1.77	
26.68	2711	-1.77	
26.70	2712	-1.77	
26.71	2714	-1.77	
26.72	2715	-1.77	
26.73	2717	-1.77	
26.75	2718	-1.78	
26.76	2720	-1.78	
26.77	2721	-1.78	
26.79	2723	-1.78	
26.80	2724	-1.78	
26.81	2726	-1.78	
26.82	2727	-1.78	
26.84	2729	-1.78	
26.85	2730	-1.78	
26.86	2732	-1.79	
26.87	2733	-1.79	
26.89	2735	-1.79	
26.90	2736	-1.79	
26.91	2738	-1.79	
26.93	2739	-1.79	
26.94	2741	-1.79	
26.95	2742	-1.79	
26.96	2744	-1.79	
26.98	2745	-1.79	
26.99	2747	-1.79	
27.00	2748	-1.79	
27.01	2750	-1.79	
27.03	2751	-1.80	
27.04	2753	-1.80	
27.05	2754	-1.80	
27.06	2756	-1.80	
27.08	2757	-1.80	
27.09	2759	-1.80	
27.10	2760	-1.80	
27.11	2762	-1.80	
27.13	2763	-1.80	
27.14	2765	-1.80	
27.15	2766	-1.80	
27.17	2768	-1.80	
27.18	2769	-1.80	
27.19	2771	-1.80	
27.20	2772	-1.80	
27.22	2774	-1.80	
27.23	2775	-1.80	
27.24	2777	-1.80	
27.25	2778	-1.80	
27.27	2780	-1.80	
27.28	2781	-1.80	
27.29	2783	-1.80	
27.30	2784	-1.79	
27.32	2786	-1.79	
27.33	2787	-1.79	
27.34	2789	-1.79	
27.36	2790	-1.79	
27.37	2792	-1.79	
27.38	2793	-1.79	
27.39	2795	-1.79	
27.41	2796	-1.79	
27.42	2798	-1.79	
27.43	2799	-1.79	
27.44	2801	-1.79	
27.46	2802	-1.79	
27.47	2804	-1.79	
27.48	2805	-1.79	
27.49	2807	-1.79	
27.51	2808	-1.79	
27.52	2810	-1.78	
27.53	2811	-1.78	
27.55	2813	-1.78	
27.56	2814	-1.78	
27.57	2816	-1.78	
27.58	2817	-1.78	
27.59	2819	-1.78	
27.61	2820	-1.78	
27.62	2822	-1.78	
27.63	2823	-1.78	
27.65	2825	-1.78	
27.66	2826	-1.77	
27.67	2828	-1.77	
27.68	2829	-1.77	
27.70	2831	-1.77	
27.71	2832	-1.77	
27.72	2834	-1.77	
27.74	2835	-1.77	
27.75	2837	-1.76	
27.76	2838	-1.76	
27.77	2840	-1.76	
27.78	2841	-1.76	
27.80	2843	-1.76	
27.81	2844	-1.76	
27.82	2846	-1.76	
27.84	2847	-1.76	
27.85	2849	-1.75	
27.86	2850	-1.75	
27.87	2852	-1.75	
27.89	2853	-1.75	
27.90	2855	-1.75	
27.91	2856	-1.74	
27.92	2858	-1.74	
27.94	2859	-1.74	
27.95	2861	-1.74	
27.96	2862	-1.74	
27.97	2864	-1.74	
27.99	2865	-1.74	
28.00	2867	-1.73	
28.01	2868	-1.73	
28.02	2870	-1.73	
28.04	2871	-1.73	
28.05	2873	-1.73	
28.06	2874	-1.72	
28.08	2876	-1.72	
28.09	2877	-1.72	
28.10	2879	-1.72	
28.11	2880	-1.72	
28.13	2882	-1.71	
28.14	2883	-1.71	
28.15	2885	-1.71	
28.16	2886	-1.71	
28.18	2888	-1.70	
28.19	2889	-1.70	
28.20	2891	-1.70	
28.22	2892	-1.70	
28.23	2894	-1.70	
28.24	2895	-1.69	
28.25	2897	-1.69	
28.27	2898	-1.69	
28.28	2900	-1.69	
28.29	2901	-1.69	
28.30	2903	-1.68	
28.32	2904	-1.68	
28.33	2906	-1.68	
28.34	2907	-1.68	
28.35	2909	-1.67	
28.37	2910	-1.67	
28.38	2912	-1.67	
28.39	2913	-1.67	
28.40	2915	-1.67	
28.42	2916	-1.66	
28.43	2918	-1.66	
28.44	2919	-1.66	
28.46	2921	-1.66	
28.47	2922	-1.65	
28.48	2924	-1.65	
28.49	2925	-1.65	
28.51	2927	-1.65	
28.52	2928	-1.64	
28.53	2930	-1.64	
28.54	2931	-1.64	
28.56	2933	-1.63	
28.57	2934	-1.63	
28.58	2936	-1.63	
28.59	2937	-1.63	
28.61	2939	-1.63	
28.62	2940	-1.62	
28.63	2942	-1.62	
28.65	2943	-1.62	
28.66	2945	-1.61	
28.67	2946	-1.61	
28.68	2948	-1.61	
28.70	2949	-1.61	
28.71	2951	-1.60	
28.72	2952	-1.60	
28.73	2954	-1.60	
28.75	2955	-1.60	
28.76	2957	-1.59	
28.77	2958	-1.59	
28.78	2960	-1.59	
28.80	2961	-1.58	
28.81	2963	-1.58	
28.82	2964	-1.58	
28.84	2966	-1.58	
28.85	2967	-1.57	
28.86	2969	-1.57	
28.87	2970	-1.57	
28.89	2972	-1.56	
28.90	2973	-1.56	
28.91	2975	-1.56	
28.92	2976	-1.56	
28.94	2978	-1.55	
28.95	2979	-1.55	
28.96	2981	-1.55	
28.97	2982	-1.54	
28.99	2984	-1.54	
29.00	2985	-1.54	
29.01	2987	-1.54	
29.03	2988	-1.53	
29.04	2990	-1.53	
29.05	2991	-1.53	
29.06	2993	-1.52	
29.08	2994	-1.52	
29.09	2996	-1.52	
29.10	2997	-1.51	
29.11	2999	-1.51	
29.13	3000	-1.51	
29.14	3002	-1.51	
29.15	3003	-1.50	
29.16	3005	-1.50	
29.18	3006	-1.50	
29.19	3008	-1.49	
29.20	3009	-1.49	
29.22	3011	-1.49	
29.23	3012	-1.48	
29.24	3014	-1.48	
29.25	3015	-1.48	
29.27	3017	-1.48	
29.28	3018	-1.47	
29.29	3020	-1.47	
29.30	3021	-1.47	
29.32	3023	-1.46	
29.33	3024	-1.46	
29.34	3026	-1.46	
29.35	3027	-1.45	
29.37	3029	-1.45	
29.38	3030	-1.45	
29.39	3032	-1.44	
29.40	3033	-1.44	
29.42	3035	-1.44	
29.43	3036	-1.43	
29.44	3038	-1.43	
29.46	3039	-1.43	
29.47	3041	-1.43	
29.48	3042	-1.42	
29.49	3044	-1.42	
29.51	3045	-1.42	
29.52	3047	-1.41	
29.53	3048	-1.41	
29.54	3050	-1.40	
29.56	3051	-1.40	
29.57	3053	-1.40	
29.58	3054	-1.40	
29.59	3056	-1.39	
29.61	3057	-1.39	
29.62	3059	-1.39	
29.63	3060	-1.38	
29.65	3062	-1.38	
29.66	3063	-1.38	
29.67	3065	-1.37	
29.68	3066	-1.37	
29.70	3068	-1.37	
29.71	3069	-1.36	
29.72	3071	-1.36	
29.73	3072	-1.36	
29.75	3074	-1.35	
29.76	3075	-1.35	
29.77	3077	-1.35	
29.78	3078	-1.35	
29.80	3080	-1.34	
29.81	3081	-1.34	
29.82	3083	-1.33	
29.84	3084	-1.33	
29.85	3086	-1.33	
29.86	3087	-1.32	
29.87	3089	-1.32	
29.89	3090	-1.32	
29.90	3092	-1.32	
29.91	3093	-1.31	
29.92	3095	-1.31	
29.94	3096	-1.31	
29.95	3098	-1.30	
29.96	3099	-1.30	
29.97	3101	-1.30	
29.99	3102	-1.29	
30.00	3104	-1.29	
30.01	3105	-1.29	
30.03	3107	-1.28	
30.04	3108	-1.28	
30.05	3110	-1.28	
30.06	3111	-1.27	
30.08	3113	-1.27	
30.09	3114	-1.27	
30.10	3116	-1.26	
30.11	3117	-1.26	
30.13	3119	-1.26	
30.14	3120	-1.25	
30.15	3122	-1.25	
30.16	3123	-1.25	
30.18	3125	-1.24	
30.19	3126	-1.24	
30.20	3128	-1.24	
30.22	3129	-1.23	
30.23	3131	-1.23	
30.24	3132	-1.23	
30.25	3134	-1.22	
30.27	3135	-1.22	
30.28	3137	-1.22	
30.29	3138	-1.21	
30.30	3140	-1.21	
30.32	3141	-1.21	
30.33	3143	-1.20	
30.34	3144	-1.20	
30.35	3146	-1.20	
30.37	3147	-1.19	
30.38	3149	-1.19	
30.39	3150	-1.19	
30.41	3152	-1.18	
30.42	3153	-1.18	
30.43	3155	-1.18	
30.44	3156	-1.17	
30.46	3158	-1.17	
30.47	3159	-1.17	
30.48	3161	-1.17	
30.49	3162	-1.16	
30.51	3164	-1.16	
30.52	3165	-1.16	
30.53	3167	-1.15	
30.54	3168	-1.15	
30.56	3170	-1.15	
30.57	3171	-1.14	
30.58	3173	-1.14	
30.59	3174	-1.14	
30.61	3176	-1.13	
30.62	3177	-1.13	
30.63	3179	-1.13	
30.65	3180	-1.12	
30.66	3182	-1.12	
30.67	3183	-1.12	
30.68	3185	-1.11	
30.70	3186	-1.11	
30.71	3188	-1.11	
30.72	3189	-1.10	
30.73	3191	-1.10	
30.75	3192	-1.10	
30.76	3194	-1.09	
30.77	3195	-1.09	
30.79	3197	-1.09	
30.80	3198	-1.08	
30.81	3200	-1.08	
30.82	3201	-1.08	
30.84	3203	-1.07	
30.85	3204	-1.07	
30.86	3206	-1.07	
30.87	3207	-1.07	
30.89	3209	-1.06	
30.90	3210	-1.06	
30.91	3212	-1.05	
30.92	3213	-1.05	
30.94	3215	-1.05	
30.95	3216	-1.04	
30.96	3218	-1.04	
30.98	3219	-1.04	
30.99	3221	-1.04	
31.00	3222	-1.03	
31.01	3224	-1.03	
31.03	3225	-1.03	
31.04	3227	-1.02	
31.05	3228	-1.02	
31.06	3230	-1.02	
31.08	3231	-1.01	
31.09	3233	-1.01	
31.10	3234	-1.01	
31.11	3236	-1.00	
31.13	3237	-1.00	
31.14	3239	-1.00	
31.15	3240	-0.99	
31.16	3242	-0.99	
31.18	3243	-0.99	
31.19	3245	-0.99	
31.20	3246	-0.98	
31.22	3248	-0.98	
31.23	3249	-0.98	
31.24	3251	-0.97	
31.25	3252	-0.97	
31.27	3254	-0.97	
31.28	3255	-0.96	
31.29	3257	-0.96	
31.30	3258	-0.96	
31.32	3260	-0.95	
31.33	3261	-0.95	
31.34	3263	-0.95	
31.35	3264	-0.94	
31.37	3266	-0.94	
31.38	3267	-0.94	
31.39	3269	-0.93	
31.40	3270	-0.93	
31.42	3272	-0.93	
31.43	3273	-0.93	
31.44	3275	-0.92	
31.46	3276	-0.92	
31.47	3278	-0.92	
31.48	3279	-0.91	
31.49	3281	-0.91	
31.51	3282	-0.91	
31.52	3284	-0.90	
31.53	3285	-0.90	
31.54	3287	-0.90	
31.56	3288	-0.89	
31.57	3290	-0.89	
31.58	3291	-0.89	
31.60	3293	-0.89	
31.61	3294	-0.88	
31.62	3296	-0.88	
31.63	3297	-0.88	
31.64	3299	-0.87	
31.66	3300	-0.87	
31.67	3302	-0.87	
31.68	3303	-0.86	
31.70	3305	-0.86	
31.71	3306	-0.86	
31.72	3308	-0.86	
31.73	3309	-0.85	
31.75	3311	-0.85	
31.76	3312	-0.85	
31.77	3314	-0.84	
31.78	3315	-0.84	
31.80	3317	-0.84	
31.81	3318	-0.83	
31.82	3320	-0.83	
31.83	3321	-0.83	
31.85	3323	-0.83	
31.86	3324	-0.82	
31.87	3326	-0.82	
31.88	3327	-0.82	
31.90	3329	-0.81	
31.91	3330	-0.81	
31.92	3332	-0.81	
31.94	3333	-0.81	
31.95	3335	-0.80	
31.96	3336	-0.80	
31.97	3338	-0.80	
31.99	3339	-0.79	
32.00	3341	-0.79	
32.01	3342	-0.79	
32.02	3344	-0.78	
32.04	3345	-0.78	
32.05	3347	-0.78	
32.06	3348	-0.78	
32.07	3350	-0.77	
32.09	3351	-0.77	
32.10	3353	-0.77	
32.11	3354	-0.77	
32.13	3356	-0.76	
32.14	3357	-0.76	
32.15	3359	-0.76	
32.16	3360	-0.75	
32.18	3362	-0.75	
32.19	3363	-0.75	
32.20	3365	-0.74	
32.21	3366	-0.74	
32.23	3368	-0.74	
32.24	3369	-0.74	
32.25	3371	-0.73	
32.26	3372	-0.73	
32.28	3374	-0.73	
32.29	3375	-0.73	
32.30	3377	-0.72	
32.32	3378	-0.72	
32.33	3380	-0.72	
32.34	3381	-0.71	
32.35	3383	-0.71	
32.37	3384	-0.71	
32.38	3386	-0.71	
32.39	3387	-0.70	
32.40	3389	-0.70	
32.42	3390	-0.70	
32.43	3392	-0.70	
32.44	3393	-0.69	
32.45	3395	-0.69	
32.47	3396	-0.69	
32.48	3398	-0.68	
32.49	3399	-0.68	
32.51	3401	-0.68	
32.52	3402	-0.68	
32.53	3404	-0.67	
32.54	3405	-0.67	
32.56	3407	-0.67	
32.57	3408	-0.66	
32.58	3410	-0.66	
32.59	3411	-0.66	
32.61	3413	-0.66	
32.62	3414	-0.65	
32.63	3416	-0.65	
32.64	3417	-0.65	
32.66	3419	-0.65	
32.67	3420	-0.64	
32.68	3422	-0.64	
32.69	3423	-0.64	
32.71	3425	-0.64	
32.72	3426	-0.63	
32.73	3428	-0.63	
32.75	3429	-0.63	
32.76	3431	-0.63	
32.77	3432	-0.62	
32.78	3434	-0.62	
32.80	3435	-0.62	
32.81	3437	-0.61	
32.82	3438	-0.61	
32.83	3440	-0.61	
32.85	3441	-0.61	
32.86	3443	-0.61	
32.87	3444	-0.60	
32.88	3446	-0.60	
32.90	3447	-0.60	
32.91	3449	-0.60	
32.92	3450	-0.59	
32.94	3452	-0.59	
32.95	3453	-0.59	
32.96	3455	-0.58	
32.97	3456	-0.58	
32.99	3458	-0.58	
33.00	3459	-0.58	
33.01	3461	-0.57	
33.02	3462	-0.57	
33.04	3464	-0.57	
33.05	3465	-0.57	
33.06	3467	-0.56	
33.07	3468	-0.56	
33.09	3470	-0.56	
33.10	3471	-0.56	
33.11	3473	-0.55	
33.12	3474	-0.55	
33.14	3476	-0.55	
33.15	3477	-0.55	
33.16	3479	-0.54	
33.18	3480	-0.54	
33.19	3482	-0.54	
33.20	3483	-0.54	
33.21	3485	-0.53	
33.23	3486	-0.53	
33.24	3488	-0.53	
33.25	3489	-0.53	
33.26	3491	-0.53	
33.28	3492	-0.52	
33.29	3494	-0.52	
33.30	3495	-0.52	
33.32	3497	-0.52	
33.33	3498	-0.51	
33.34	3500	-0.51	
33.35	3501	-0.51	
33.37	3503	-0.51	
33.38	3504	-0.50	
33.39	3506	-0.50	
33.40	3507	-0.50	
33.42	3509	-0.50	
33.43	3510	-0.49	
33.44	3512	-0.49	
33.45	3513	-0.49	
33.47	3515	-0.49	
33.48	3516	-0.48	
33.49	3518	-0.48	
33.50	3519	-0.48	
33.52	3521	-0.48	
33.53	3522	-0.48	
33.54	3524	-0.47	
33.55	3525	-0.47	
33.57	3527	-0.47	
33.58	3528	-0.47	
33.59	3530	-0.46	
33.61	3531	-0.46	
33.62	3533	-0.46	
33.63	3534	-0.46	
33.64	3536	-0.46	
33.66	3537	-0.45	
33.67	3539	-0.45	
33.68	3540	-0.45	
33.69	3542	-0.45	
33.71	3543	-0.44	
33.72	3545	-0.44	
33.73	3546	-0.44	
33.74	3548	-0.44	
33.76	3549	-0.44	
33.77	3551	-0.43	
33.78	3552	-0.43	
33.80	3554	-0.43	
33.81	3555	-0.43	
33.82	3557	-0.42	
33.83	3558	-0.42	
33.85	3560	-0.42	
33.86	3561	-0.42	
33.87	3563	-0.41	
33.88	3564	-0.41	
33.90	3566	-0.41	
33.91	3567	-0.41	
33.92	3569	-0.41	
33.93	3570	-0.40	
33.95	3572	-0.40	
33.96	3573	-0.40	
33.97	3575	-0.40	
33.98	3576	-0.40	
34.00	3578	-0.39	
34.01	3579	-0.39	
34.02	3581	-0.39	
34.03	3582	-0.39	
34.05	3584	-0.39	
34.06	3585	-0.38	
34.07	3587	-0.38	
34.09	3588	-0.38	
34.10	3590	-0.38	
34.11	3591	-0.37	
34.12	3593	-0.37	
34.14	3594	-0.37	
34.15	3596	-0.37	
34.16	3597	-0.37	
34.17	3599	-0.36	
34.19	3600	-0.36	
34.20	3602	-0.36	
34.21	3603	-0.36	
34.22	3605	-0.36	
34.24	3606	-0.36	
34.25	3608	-0.35	
34.26	3609	-0.35	
34.28	3611	-0.35	
34.29	3612	-0.35	
34.30	3614	-0.34	
34.31	3615	-0.34	
34.33	3617	-0.34	
34.34	3618	-0.34	
34.35	3620	-0.34	
34.36	3621	-0.34	
34.38	3623	-0.33	
34.39	3624	-0.33	
34.40	3626	-0.33	
34.42	3627	-0.33	
34.43	3629	-0.33	
34.44	3630	-0.32	
34.45	3632	-0.32	
34.47	3633	-0.32	
34.48	3635	-0.32	
34.49	3636	-0.32	
34.50	3638	-0.31	
34.52	3639	-0.31	
34.53	3641	-0.31	
34.54	3642	-0.31	
34.55	3644	-0.31	
34.57	3645	-0.30	
34.58	3647	-0.30	
34.59	3648	-0.30	
34.60	3650	-0.30	
34.62	3651	-0.30	
34.63	3653	-0.29	
34.64	3654	-0.29	
34.66	3656	-0.29	
34.67	3657	-0.29	
34.68	3659	-0.29	
34.69	3660	-0.28	
34.71	3662	-0.28	
34.72	3663	-0.28	
34.73	3665	-0.28	
34.74	3666	-0.28	
34.76	3668	-0.28	
34.77	3669	-0.27	
34.78	3671	-0.27	
34.80	3672	-0.27	
34.81	3674	-0.27	
34.82	3675	-0.27	
34.83	3677	-0.26	
34.85	3678	-0.26	
34.86	3680	-0.26	
34.87	3681	-0.26	
34.88	3683	-0.26	
34.90	3684	-0.26	
34.91	3686	-0.25	
34.92	3687	-0.25	
34.93	3689	-0.25	
34.95	3690	-0.25	
34.96	3692	-0.25	
34.97	3693	-0.25	
34.99	3695	-0.24	
35.00	3696	-0.24	
35.01	3698	-0.24	
35.02	3699	-0.24	
35.04	3701	-0.24	
35.05	3702	-0.23	
35.06	3704	-0.23	
35.07	3705	-0.23	
35.09	3707	-0.23	
35.10	3708	-0.23	
35.11	3710	-0.23	
35.12	3711	-0.22	
35.14	3713	-0.22	
35.15	3714	-0.22	
35.16	3716	-0.22	
35.18	3717	-0.22	
35.19	3719	-0.22	
35.20	3720	-0.21	
35.21	3722	-0.21	
35.23	3723	-0.21	
35.24	3725	-0.21	
35.25	3726	-0.21	
35.26	3728	-0.21	
35.28	3729	-0.20	
35.29	3731	-0.20	
35.30	3732	-0.20	
35.31	3734	-0.20	
35.33	3735	-0.20	
35.34	3737	-0.19	
35.35	3738	-0.19	
35.36	3740	-0.19	
35.38	3741	-0.19	
35.39	3743	-0.19	
35.40	3744	-0.19	
35.42	3746	-0.18	
35.43	3747	-0.18	
35.44	3749	-0.18	
35.45	3750	-0.18	
35.47	3752	-0.18	
35.48	3753	-0.18	
35.49	3755	-0.18	
35.50	3756	-0.17	
35.52	3758	-0.17	
35.53	3759	-0.17	
35.54	3761	-0.17	
35.55	3762	-0.17	
35.57	3764	-0.17	
35.58	3765	-0.17	
35.59	3767	-0.16	
35.61	3768	-0.16	
35.62	3770	-0.16	
35.63	3771	-0.16	
35.64	3773	-0.16	
35.66	3774	-0.16	
35.67	3776	-0.15	
35.68	3777	-0.15	
35.69	3779	-0.15	
35.71	3780	-0.15	
35.72	3782	-0.15	
35.73	3783	-0.15	
35.74	3785	-0.15	
35.76	3786	-0.14	
35.77	3788	-0.14	
35.78	3789	-0.14	
35.79	3791	-0.14	
35.81	3792	-0.14	
35.82	3794	-0.14	
35.83	3795	-0.13	
35.84	3797	-0.13	
35.86	3798	-0.13	
35.87	3800	-0.13	
35.88	3801	-0.13	
35.90	3803	-0.13	
35.91	3804	-0.13	
35.92	3806	-0.13	
35.93	3807	-0.12	
35.95	3809	-0.12	
35.96	3810	-0.12	
35.97	3812	-0.12	
35.98	3813	-0.12	
36.00	3815	-0.12	
36.01	3816	-0.11	
36.02	3818	-0.11	
36.03	3819	-0.11	
36.05	3821	-0.11	
36.06	3822	-0.11	
36.07	3824	-0.11	
36.08	3825	-0.11	
36.10	3827	-0.10	
36.11	3828	-0.10	
36.12	3830	-0.10	
36.14	3831	-0.10	
36.15	3833	-0.10	
36.16	3834	-0.10	
36.17	3836	-0.10	
36.19	3837	-0.09	
36.20	3839	-0.09	
36.21	3840	-0.09	
36.22	3842	-0.09	
36.24	3843	-0.09	
36.25	3845	-0.09	
36.26	3846	-0.09	
36.27	3848	-0.08	
36.29	3849	-0.08	
36.30	3851	-0.08	
36.31	3852	-0.08	
36.33	3854	-0.08	
36.34	3855	-0.08	
36.35	3857	-0.08	
36.36	3858	-0.08	
36.38	3860	-0.07	
36.39	3861	-0.07	
36.40	3863	-0.07	
36.41	3864	-0.07	
36.43	3866	-0.07	
36.44	3867	-0.07	
36.45	3869	-0.07	
36.46	3870	-0.07	
36.48	3872	-0.06	
36.49	3873	-0.06	
36.50	3875	-0.06	
36.52	3876	-0.06	
36.53	3878	-0.06	
36.54	3879	-0.06	
36.55	3881	-0.06	
36.57	3882	-0.06	
36.58	3884	-0.05	
36.59	3885	-0.05	
36.60	3887	-0.05	
36.62	3888	-0.05	
36.63	3890	-0.05	
36.64	3891	-0.05	
36.65	3893	-0.05	
36.67	3894	-0.05	
36.68	3896	-0.04	
36.69	3897	-0.04	
36.70	3899	-0.04	
36.72	3900	-0.04	
36.73	3902	-0.04	
36.74	3903	-0.04	
36.76	3905	-0.04	
36.77	3906	-0.03	
36.78	3908	-0.03	
36.79	3909	-0.03	
36.81	3911	-0.03	
36.82	3912	-0.03	
36.83	3914	-0.03	
36.84	3915	-0.03	
36.86	3917	-0.03	
36.87	3918	-0.03	
36.88	3920	-0.02	
36.89	3921	-0.02	
36.91	3923	-0.02	
36.92	3924	-0.02	
36.93	3926	-0.02	
36.95	3927	-0.02	
36.96	3929	-0.02	
36.97	3930	-0.02	
36.98	3932	-0.02	
37.00	3933	-0.02	
37.01	3935	-0.01	
37.02	3936	-0.01	
37.03	3938	-0.01	
37.05	3939	-0.01	
37.06	3941	-0.01	
37.07	3942	-0.01	
37.08	3944	-0.01	
37.10	3945	-0.01	
37.11	3947	-0.00	
37.12	3948	-0.00	
37.14	3950	-0.00	
37.15	3951	-0.00	
37.16	3953	0.00	
37.17	3954	0.00	
37.19	3956	0.00	
37.20	3957	0.00	
37.21	3959	0.00	
37.22	3960	0.00	
37.24	3962	0.01	
37.25	3963	0.01	
37.26	3965	0.01	
37.27	3966	0.01	
37.29	3968	0.01	
37.30	3969	0.01	
37.31	3971	0.01	
37.33	3972	0.01	
37.34	3974	0.01	
37.35	3975	0.02	
37.36	3977	0.02	
37.38	3978	0.02	
37.39	3980	0.02	
37.40	3981	0.02	
37.41	3983	0.02	
37.42	3984	0.02	
37.44	3986	0.02	
37.45	3987	0.02	
37.46	3989	0.02	
37.48	3990	0.03	
37.49	3992	0.03	
37.50	3993	0.03	
37.51	3995	0.03	
37.53	3996	0.03	
37.54	3998	0.03	
37.55	3999	0.03	
37.57	4001	0.03	
37.58	4002	0.03	
37.59	4004	0.04	
37.60	4005	0.04	
37.62	4007	0.04	
37.63	4008	0.04	
37.64	4010	0.04	
37.65	4011	0.04	
37.67	4013	0.04	
37.68	4014	0.04	
37.69	4016	0.04	
37.70	4017	0.05	
37.72	4019	0.05	
37.73	4020	0.05	
37.74	4022	0.05	
37.76	4023	0.05	
37.77	4025	0.05	
37.78	4026	0.05	
37.79	4028	0.05	
37.81	4029	0.05	
37.82	4031	0.05	
37.83	4032	0.05	
37.84	4034	0.05	
37.86	4035	0.06	
37.87	4037	0.06	
37.88	4038	0.06	
37.90	4040	0.06	
37.91	4041	0.06	
37.92	4043	0.06	
37.93	4044	0.06	
37.95	4046	0.06	
37.96	4047	0.06	
37.97	4049	0.06	
37.98	4050	0.07	
38.00	4052	0.07	
38.01	4053	0.07	
38.02	4055	0.07	
38.03	4056	0.07	
38.05	4058	0.07	
38.06	4059	0.07	
38.07	4061	0.07	
38.09	4062	0.07	
38.10	4064	0.07	
38.11	4065	0.08	
38.12	4067	0.08	
38.14	4068	0.07	
38.15	4070	0.08	
38.16	4071	0.08	
38.17	4073	0.08	
38.19	4074	0.08	
38.20	4076	0.08	
38.21	4077	0.08	
38.22	4079	0.08	
38.24	4080	0.08	
38.25	4082	0.08	
38.26	4083	0.08	
38.27	4085	0.09	
38.29	4086	0.09	
38.30	4088	0.09	
38.31	4089	0.09	
38.33	4091	0.09	
38.34	4092	0.09	
38.35	4094	0.09	
38.36	4095	0.09	
38.38	4097	0.09	
38.39	4098	0.09	
38.40	4100	0.09	
38.41	4101	0.10	
38.43	4103	0.10	
38.44	4104	0.10	
38.45	4106	0.10	
38.46	4107	0.10	
38.48	4109	0.10	
38.49	4110	0.10	
38.50	4112	0.10	
38.51	4113	0.10	
38.53	4115	0.10	
38.54	4116	0.10	
38.55	4118	0.10	
38.56	4119	0.11	
38.58	4121	0.11	
38.59	4122	0.11	
38.60	4124	0.11	
38.62	4125	0.11	
38.63	4127	0.11	
38.64	4128	0.11	
38.65	4130	0.11	
38.67	4131	0.11	
38.68	4133	0.11	
38.69	4134	0.11	
38.70	4136	0.11	
38.72	4137	0.11	
38.73	4139	0.12	
38.74	4140	0.12	
38.76	4142	0.12	
38.77	4143	0.12	
38.78	4145	0.12	
38.79	4146	0.12	
38.81	4148	0.12	
38.82	4149	0.12	
38.83	4151	0.12	
38.84	4152	0.12	
38.86	4154	0.12	
38.87	4155	0.12	
38.88	4157	0.13	
38.89	4158	0.13	
38.91	4160	0.13	
38.92	4161	0.13	
38.93	4163	0.13	
38.94	4164	0.13	
38.96	4166	0.13	
38.97	4167	0.13	
38.98	4169	0.13	
39.00	4170	0.13	
39.01	4172	0.13	
39.02	4173	0.13	
39.03	4175	0.13	
39.05	4176	0.13	
39.06	4178	0.13	
39.07	4179	0.14	
39.08	4181	0.14	
39.10	4182	0.14	
39.11	4184	0.14	
39.12	4185	0.14	
39.13	4187	0.14	
39.15	4188	0.14	
39.16	4190	0.14	
39.17	4191	0.14	
39.19	4193	0.14	
39.20	4194	0.14	
39.21	4196	0.14	
39.22	4197	0.14	
39.24	4199	0.14	
39.25	4200	0.15	
39.26	4202	0.15	
39.27	4203	0.15	
39.29	4205	0.15	
39.30	4206	0.15	
39.31	4208	0.15	
39.32	4209	0.15	
39.34	4211	0.15	
39.35	4212	0.15	
39.36	4214	0.15	
39.38	4215	0.15	
39.39	4217	0.15	
39.40	4218	0.15	
39.41	4220	0.15	
39.43	4221	0.15	
39.44	4223	0.16	
39.45	4224	0.16	
39.46	4226	0.16	
39.48	4227	0.16	
39.49	4229	0.16	
39.50	4230	0.16	
39.51	4232	0.16	
39.53	4233	0.16	
39.54	4235	0.16	
39.55	4236	0.16	
39.57	4238	0.16	
39.58	4239	0.16	
39.59	4241	0.16	
39.60	4242	0.16	
39.62	4244	0.17	
39.63	4245	0.17	
39.64	4247	0.17	
39.65	4248	0.17	
39.67	4250	0.17	
39.68	4251	0.17	
39.69	4253	0.17	
39.70	4254	0.17	
39.72	4256	0.17	
39.73	4257	0.17	
39.74	4259	0.17	
39.75	4260	0.17	
39.77	4262	0.17	
39.78	4263	0.17	
39.79	4265	0.17	
39.81	4266	0.17	
39.82	4268	0.17	
39.83	4269	0.18	
39.84	4271	0.18	
39.86	4272	0.18	
39.87	4274	0.18	
39.88	4275	0.18	
39.89	4277	0.18	
39.91	4278	0.18	
39.92	4280	0.18	
39.93	4281	0.18	
39.94	4283	0.18	
39.96	4284	0.18	
39.97	4286	0.18	
39.98	4287	0.18	
40.00	4289	0.18	
40.01	4290	0.18	
40.02	4292	0.18	
40.03	4293	0.18	
40.05	4295	0.19	
40.06	4296	0.19	
40.07	4298	0.19	
40.08	4299	0.19	
40.10	4301	0.19	
40.11	4302	0.19	
40.12	4304	0.19	
40.13	4305	0.19	
40.15	4307	0.19	
40.16	4308	0.19	
40.17	4310	0.19	
40.18	4311	0.19	
40.20	4313	0.19	
40.21	4314	0.19	
40.22	4316	0.19	
40.23	4317	0.19	
40.25	4319	0.19	
40.26	4320	0.19	
40.27	4322	0.19	
40.28	4323	0.19	
40.30	4325	0.20	
40.31	4326	0.20	
40.32	4328	0.20	
40.34	4329	0.20	
40.35	4331	0.20	
40.36	4332	0.20	
40.38	4334	0.20	
40.39	4335	0.20	
40.40	4337	0.20	
40.41	4338	0.20	
40.43	4340	0.20	
40.44	4341	0.20	
40.45	4343	0.20	
40.46	4344	0.20	
40.47	4346	0.20	
40.49	4347	0.21	
40.50	4349	0.21	
40.51	4350	0.21	
40.53	4352	0.21	
40.54	4353	0.21	
40.55	4355	0.21	
40.56	4356	0.21	
40.58	4358	0.21	
40.59	4359	0.21	
40.60	4361	0.21	
40.61	4362	0.21	
40.63	4364	0.21	
40.64	4365	0.21	
40.65	4367	0.21	
40.66	4368	0.21	
40.68	4370	0.21	
40.69	4371	0.21	
40.70	4373	0.21	
40.72	4374	0.21	
40.73	4376	0.21	
40.74	4377	0.22	
40.75	4379	0.22	
40.77	4380	0.22	
40.78	4382	0.22	
40.79	4383	0.22	
40.80	4385	0.22	
40.82	4386	0.22	
40.83	4388	0.22	
40.84	4389	0.22	
40.85	4391	0.22	
40.87	4392	0.22	
40.88	4394	0.22	
40.89	4395	0.22	
40.91	4397	0.22	
40.92	4398	0.22	
40.93	4400	0.22	
40.94	4401	0.22	
40.96	4403	0.22	
40.97	4404	0.22	
40.98	4406	0.22	
40.99	4407	0.22	
41.01	4409	0.23	
41.02	4410	0.23	
41.03	4412	0.23	
41.04	4413	0.23	
41.06	4415	0.23	
41.07	4416	0.23	
41.08	4418	0.23	
41.10	4419	0.23	
41.11	4421	0.23	
41.12	4422	0.23	
41.13	4424	0.23	
41.15	4425	0.23	
41.16	4427	0.23	
41.17	4428	0.23	
41.18	4430	0.23	
41.20	4431	0.23	
41.21	4433	0.23	
41.22	4434	0.23	
41.23	4436	0.23	
41.25	4437	0.23	
41.26	4439	0.23	
41.27	4440	0.23	
41.29	4442	0.24	
41.30	4443	0.24	
41.31	4445	0.24	
41.32	4446	0.24	
41.34	4448	0.24	
41.35	4449	0.24	
41.36	4451	0.24	
41.37	4452	0.24	
41.39	4454	0.24	
41.40	4455	0.24	
41.41	4457	0.24	
41.42	4458	0.24	
41.44	4460	0.24	
41.45	4461	0.24	
41.46	4463	0.24	
41.47	4464	0.24	
41.49	4466	0.24	
41.50	4467	0.24	
41.51	4469	0.24	
41.53	4470	0.24	
41.54	4472	0.24	
41.55	4473	0.24	
41.56	4475	0.24	
41.58	4476	0.25	
41.59	4478	0.25	
41.60	4479	0.25	
41.61	4481	0.25	
41.63	4482	0.25	
41.64	4484	0.25	
41.65	4485	0.25	
41.66	4487	0.25	
41.68	4488	0.25	
41.69	4490	0.25	
41.70	4491	0.25	
41.72	4493	0.25	
41.73	4494	0.25	
41.74	4496	0.25	
41.75	4497	0.25	
41.77	4499	0.25	
41.78	4500	0.25	
41.79	4502	0.25	
41.80	4503	0.25	
41.82	4505	0.25	
41.83	4506	0.25	
41.84	4508	0.25	
41.85	4509	0.25	
41.87	4511	0.25	
41.88	4512	0.25	
41.89	4514	0.26	
41.90	4515	0.26	
41.92	4517	0.26	
41.93	4518	0.26	
41.94	4520	0.26	
41.96	4521	0.26	
41.97	4523	0.26	
41.98	4524	0.26	
41.99	4526	0.26	
42.01	4527	0.26	
42.02	4529	0.26	
42.03	4530	0.26	
42.04	4532	0.26	
42.06	4533	0.26	
42.07	4535	0.26	
42.08	4536	0.26	
42.10	4538	0.26	
42.11	4539	0.26	
42.12	4541	0.26	
42.13	4542	0.26	
42.15	4544	0.26	
42.16	4545	0.26	
42.17	4547	0.26	
42.18	4548	0.26	
42.20	4550	0.26	
42.21	4551	0.26	
42.22	4553	0.26	
42.23	4554	0.27	
42.25	4556	0.27	
42.26	4557	0.27	
42.27	4559	0.27	
42.29	4560	0.27	
42.30	4562	0.27	
42.31	4563	0.27	
42.32	4565	0.27	
42.34	4566	0.27	
42.35	4568	0.27	
42.36	4569	0.27	
42.37	4571	0.27	
42.39	4572	0.27	
42.40	4574	0.27	
42.41	4575	0.27	
42.42	4577	0.27	
42.44	4578	0.27	
42.45	4580	0.27	
42.46	4581	0.27	
42.47	4583	0.27	
42.49	4584	0.27	
42.50	4586	0.27	
42.51	4587	0.27	
42.52	4589	0.27	
42.54	4590	0.27	
42.55	4592	0.27	
42.56	4593	0.27	
42.58	4595	0.27	
42.59	4596	0.27	
42.60	4598	0.27	
42.61	4599	0.28	
42.63	4601	0.28	
42.64	4602	0.28	
42.65	4604	0.28	
42.66	4605	0.28	
42.68	4607	0.28	
42.69	4608	0.28	
42.70	4610	0.28	
42.72	4611	0.28	
42.73	4613	0.28	
42.74	4614	0.28	
42.75	4616	0.28	
42.77	4617	0.28	
42.78	4619	0.28	
42.79	4620	0.28	
42.80	4622	0.28	
42.82	4623	0.28	
42.83	4625	0.28	
42.84	4626	0.28	
42.85	4628	0.28	
42.87	4629	0.28	
42.88	4631	0.28	
42.89	4632	0.28	
42.90	4634	0.28	
42.92	4635	0.28	
42.93	4637	0.28	
42.94	4638	0.28	
42.96	4640	0.28	
42.97	4641	0.29	
42.98	4643	0.29	
42.99	4644	0.29	
43.01	4646	0.29	
43.02	4647	0.29	
43.03	4649	0.29	
43.04	4650	0.29	
43.06	4652	0.29	
43.07	4653	0.29	
43.08	4655	0.29	
43.09	4656	0.29	
43.11	4658	0.29	
43.12	4659	0.29	
43.13	4661	0.29	
43.14	4662	0.29	
43.16	4664	0.29	
43.17	4665	0.29	
43.18	4667	0.29	
43.20	4668	0.29	
43.21	4670	0.29	
43.22	4671	0.29	
43.23	4673	0.29	
43.25	4674	0.29	
43.26	4676	0.29	
43.27	4677	0.29	
43.28	4679	0.29	
43.30	4680	0.29	
43.31	4682	0.29	
43.32	4683	0.29	
43.33	4685	0.29	
43.35	4686	0.29	
43.36	4688	0.29	
43.37	4689	0.29	
43.39	4691	0.29	
43.40	4692	0.30	
43.41	4694	0.30	
43.42	4695	0.30	
43.44	4697	0.30	
43.45	4698	0.30	
43.46	4700	0.30	
43.47	4701	0.30	
43.49	4703	0.30	
43.50	4704	0.30	
43.51	4706	0.30	
43.52	4707	0.30	
43.54	4709	0.30	
43.55	4710	0.30	
43.56	4712	0.30	
43.58	4713	0.30	
43.59	4715	0.30	
43.60	4716	0.30	
43.61	4718	0.30	
43.63	4719	0.30	
43.64	4721	0.30	
43.65	4722	0.30	
43.66	4724	0.30	
43.68	4725	0.30	
43.69	4727	0.30	
43.70	4728	0.30	
43.71	4730	0.31	
43.73	4731	0.31	
43.74	4733	0.31	
43.75	4734	0.31	
43.76	4736	0.31	
43.78	4737	0.31	
43.79	4739	0.31	
43.80	4740	0.31	
43.82	4742	0.31	
43.83	4743	0.31	
43.84	4745	0.31	
43.85	4746	0.31	
43.86	4748	0.31	
43.88	4749	0.31	
43.89	4751	0.31	
43.90	4752	0.31	
43.91	4754	0.31	
43.93	4755	0.31	
43.94	4757	0.31	
43.95	4758	0.31	
43.97	4760	0.31	
43.98	4761	0.31	
43.99	4763	0.31	
44.00	4764	0.31	
44.02	4766	0.31	
44.03	4767	0.31	
44.04	4769	0.31	
44.05	4770	0.31	
44.07	4772	0.31	
44.08	4773	0.31	
44.09	4775	0.31	
44.10	4776	0.31	
44.12	4778	0.31	
44.13	4779	0.31	
44.14	4781	0.31	
44.16	4782	0.31	
44.17	4784	0.31	
44.18	4785	0.31	
44.20	4787	0.31	
44.21	4788	0.31	
44.22	4790	0.31	
44.23	4791	0.31	
44.25	4793	0.31	
44.26	4794	0.31	
44.27	4796	0.31	
44.28	4797	0.31	
44.30	4799	0.31	
44.31	4800	0.31	
44.32	4802	0.31	
44.33	4803	0.31	
44.35	4805	0.31	
44.36	4806	0.31	
44.37	4808	0.31	
44.38	4809	0.31	
44.40	4811	0.31	
44.41	4812	0.31	
44.42	4814	0.32	
44.43	4815	0.32	
44.45	4817	0.32	
44.46	4818	0.32	
44.47	4820	0.32	
44.48	4821	0.32	
44.50	4823	0.32	
44.51	4824	0.32	
44.52	4826	0.32	
44.54	4827	0.32	
44.55	4829	0.32	
44.56	4830	0.32	
44.57	4832	0.32	
44.59	4833	0.32	
44.60	4835	0.32	
44.61	4836	0.32	
44.62	4838	0.32	
44.64	4839	0.32	
44.65	4841	0.32	
44.66	4842	0.32	
44.67	4844	0.32	
44.69	4845	0.32	
44.70	4847	0.32	
44.72	4848	0.32	
44.73	4850	0.32	
44.75	4851	0.32	
44.76	4853	0.32	
44.77	4854	0.32	
44.79	4856	0.32	
44.80	4857	0.32	
44.81	4859	0.32	
44.82	4860	0.32	
44.83	4862	0.32	
44.85	4863	0.32	
44.86	4865	0.32	
44.87	4866	0.32	
44.88	4868	0.32	
44.90	4869	0.32	
44.91	4871	0.32	
44.92	4872	0.32	
44.94	4874	0.32	
44.95	4875	0.32	
44.96	4877	0.32	
44.97	4878	0.32	
44.99	4880	0.32	
45.00	4881	0.32	
45.01	4883	0.32	
45.02	4884	0.32	
45.04	4886	0.32	
45.05	4887	0.32	
45.06	4889	0.33	
45.07	4890	0.33	
45.09	4892	0.33	
45.10	4893	0.33	
45.11	4895	0.33	
45.12	4896	0.33	
45.14	4898	0.33	
45.15	4899	0.33	
45.16	4901	0.33	
45.18	4902	0.33	
45.19	4904	0.33	
45.20	4905	0.33	
45.21	4907	0.33	
45.23	4908	0.33	
45.24	4910	0.33	
45.25	4911	0.33	
45.26	4913	0.33	
45.28	4914	0.33	
45.29	4916	0.33	
45.30	4917	0.33	
45.31	4919	0.33	
45.33	4920	0.33	
45.34	4922	0.33	
45.35	4923	0.33	
45.36	4925	0.33	
45.38	4926	0.33	
45.39	4928	0.33	
45.40	4929	0.33	
45.41	4931	0.33	
45.43	4932	0.33	
45.44	4934	0.33	
45.45	4935	0.33	
45.46	4937	0.33	
45.48	4938	0.33	
45.49	4940	0.33	
45.50	4941	0.33	
45.52	4943	0.33	
45.53	4944	0.33	
45.54	4946	0.33	
45.55	4947	0.33	
45.56	4949	0.33	
45.58	4950	0.33	
45.59	4952	0.33	
45.60	4953	0.33	
45.62	4955	0.33	
45.63	4956	0.33	
45.64	4958	0.33	
45.65	4959	0.33	
45.67	4961	0.33	
45.68	4962	0.34	
45.69	4964	0.34	
45.71	4965	0.34	
45.72	4967	0.33	
45.73	4968	0.33	
45.74	4970	0.33	
45.76	4971	0.33	
45.77	4973	0.34	
45.78	4974	0.34	
45.79	4976	0.34	
45.81	4977	0.34	
45.82	4979	0.34	
45.83	4980	0.34	
45.84	4982	0.34	
45.86	4983	0.34	
45.87	4985	0.34	
45.88	4986	0.34	
45.90	4988	0.34	
45.91	4989	0.34	
45.92	4991	0.34	
45.93	4992	0.34	
45.94	4994	0.34	
45.96	4995	0.34	
45.97	4997	0.34	
45.98	4998	0.34	
45.99	5000	0.34	
46.01	5001	0.34	
46.02	5003	0.34	
46.03	5004	0.34	
46.05	5006	0.34	
46.06	5007	0.34	
46.07	5009	0.34	
46.08	5010	0.34	
46.10	5012	0.34	
46.11	5013	0.34	
46.12	5015	0.34	
46.13	5016	0.34	
46.15	5018	0.34	
46.16	5019	0.34	
46.17	5021	0.34	
46.18	5022	0.34	
46.20	5024	0.34	
46.21	5025	0.34	
46.22	5027	0.34	
46.23	5028	0.34	
46.25	5030	0.34	
46.26	5031	0.34	
46.27	5033	0.34	
46.28	5034	0.34	
46.30	5036	0.34	
46.31	5037	0.34	
46.32	5039	0.34	
46.33	5040	0.34	
46.35	5042	0.34	
46.36	5043	0.34	
46.37	5045	0.34	
46.39	5046	0.34	
46.40	5048	0.35	
46.41	5049	0.35	
46.42	5051	0.35	
46.44	5052	0.35	
46.45	5054	0.35	
46.46	5055	0.35	
46.47	5057	0.35	
46.49	5058	0.35	
46.50	5060	0.35	
46.51	5061	0.35	
46.52	5063	0.35	
46.54	5064	0.35	
46.55	5066	0.35	
46.56	5067	0.35	
46.57	5069	0.35	
46.59	5070	0.35	
46.60	5072	0.35	
46.61	5073	0.35	
46.63	5075	0.35	
46.64	5076	0.35	
46.65	5078	0.35	
46.66	5079	0.35	
46.68	5081	0.35	
46.69	5082	0.35	
46.70	5084	0.35	
46.71	5085	0.35	
46.73	5087	0.35	
46.74	5088	0.35	
46.75	5090	0.35	
46.76	5091	0.35	
46.78	5093	0.35	
46.79	5094	0.35	
46.80	5096	0.35	
46.82	5097	0.35	
46.83	5099	0.35	
46.84	5100	0.35	
46.85	5102	0.35	
46.87	5103	0.35	
46.88	5105	0.35	
46.89	5106	0.35	
46.90	5108	0.35	
46.92	5109	0.35	
46.93	5111	0.35	
46.94	5112	0.35	
46.95	5114	0.35	
46.97	5115	0.35	
46.98	5117	0.35	
46.99	5118	0.35	
47.01	5120	0.35	
47.02	5121	0.35	
47.03	5123	0.35	
47.04	5124	0.36	
47.06	5126	0.36	
47.07	5127	0.36	
47.08	5129	0.35	
47.09	5130	0.35	
47.11	5132	0.35	
47.12	5133	0.35	
47.13	5135	0.35	
47.14	5136	0.35	
47.16	5138	0.36	
47.17	5139	0.36	
47.18	5141	0.36	
47.20	5142	0.36	
47.21	5144	0.36	
47.22	5145	0.36	
47.23	5147	0.36	
47.25	5148	0.36	
47.26	5150	0.36	
47.27	5151	0.36	
47.28	5153	0.36	
47.29	5154	0.36	
47.31	5156	0.36	
47.32	5157	0.36	
47.33	5159	0.36	
47.35	5160	0.36	
47.36	5162	0.36	
47.37	5163	0.36	
47.39	5165	0.36	
47.40	5166	0.36	
47.41	5168	0.36	
47.42	5169	0.36	
47.44	5171	0.36	
47.45	5172	0.36	
47.46	5174	0.36	
47.47	5175	0.36	
47.49	5177	0.36	
47.50	5178	0.36	
47.51	5180	0.36	
47.52	5181	0.36	
47.54	5183	0.36	
47.55	5184	0.36	
47.56	5186	0.36	
47.57	5187	0.36	
47.59	5189	0.36	
47.60	5190	0.36	
47.61	5192	0.36	
47.63	5193	0.36	
47.64	5195	0.36	
47.65	5196	0.36	
47.66	5198	0.36	
47.67	5199	0.36	
47.69	5201	0.36	
47.70	5202	0.36	
47.71	5204	0.36	
47.73	5205	0.36	
47.74	5207	0.36	
47.75	5208	0.36	
47.76	5210	0.36	
47.78	5211	0.36	
47.79	5213	0.36	
47.80	5214	0.36	
47.81	5216	0.36	
47.83	5217	0.36	
47.84	5219	0.36	
47.85	5220	0.36	
47.86	5222	0.36	
47.88	5223	0.36	
47.89	5225	0.36	
47.90	5226	0.36	
47.92	5228	0.36	
47.93	5229	0.36	
47.94	5231	0.36	
47.95	5232	0.36	
47.97	5234	0.36	
47.98	5235	0.36	
47.99	5237	0.36	
48.00	5238	0.36	
48.02	5240	0.36	
48.03	5241	0.36	
48.04	5243	0.36	
48.06	5244	0.36	
48.07	5246	0.36	
48.08	5247	0.37	
48.09	5249	0.37	
48.11	5250	0.37	
48.12	5252	0.37	
48.13	5253	0.37	
48.14	5255	0.37	
48.16	5256	0.37	
48.17	5258	0.36	
48.18	5259	0.36	
48.19	5261	0.37	
48.21	5262	0.37	
48.22	5264	0.37	
48.23	5265	0.37	
48.24	5267	0.37	
48.26	5268	0.37	
48.27	5270	0.37	
48.28	5271	0.37	
48.30	5273	0.37	
48.31	5274	0.37	
48.32	5276	0.37	
48.33	5277	0.37	
48.35	5279	0.37	
48.36	5280	0.37	
48.37	5282	0.37	
48.38	5283	0.37	
48.40	5285	0.37	
48.41	5286	0.37	
48.42	5288	0.37	
48.43	5289	0.37	
48.45	5291	0.37	
48.46	5292	0.37	
48.47	5294	0.37	
48.49	5295	0.37	
48.50	5297	0.37	
48.51	5298	0.37	
48.52	5300	0.37	
48.54	5301	0.37	
48.55	5303	0.37	
48.56	5304	0.37	
48.57	5306	0.37	
48.59	5307	0.37	
48.60	5309	0.37	
48.61	5310	0.37	
48.62	5312	0.37	
48.64	5313	0.37	
48.65	5315	0.37	
48.66	5316	0.37	
48.67	5318	0.37	
48.69	5319	0.37	
48.70	5321	0.37	
48.71	5322	0.37	
48.72	5324	0.37	
48.74	5325	0.37	
48.75	5327	0.37	
48.76	5328	0.37	
48.78	5330	0.37	
48.79	5331	0.37	
48.80	5333	0.37	
48.81	5334	0.37	
48.83	5336	0.37	
48.84	5337	0.37	
48.85	5339	0.37	
48.86	5340	0.37	
48.88	5342	0.37	
48.89	5343	0.37	
48.90	5345	0.37	
48.91	5346	0.37	
48.93	5348	0.37	
48.94	5349	0.37	
48.95	5351	0.37	
48.97	5352	0.37	
48.98	5354	0.37	
48.99	5355	0.37	
49.00	5357	0.37	
49.01	5358	0.38	
49.03	5360	0.37	
49.04	5361	0.37	
49.05	5363	0.38	
49.07	5364	0.38	
49.08	5366	0.38	
49.09	5367	0.38	
49.10	5369	0.38	
49.12	5370	0.38	
49.13	5372	0.38	
49.14	5373	0.38	
49.16	5375	0.38	
49.17	5376	0.38	
49.18	5378	0.38	
49.19	5379	0.38	
49.21	5381	0.38	
49.22	5382	0.38	
49.23	5384	0.38	
49.24	5385	0.38	
49.26	5387	0.38	
49.27	5388	0.38	
49.28	5390	0.38	
49.29	5391	0.38	
49.31	5393	0.38	
49.32	5394	0.38	
49.33	5396	0.38	
49.34	5397	0.38	
49.36	5399	0.38	
49.37	5400	0.38	
49.38	5402	0.38	
49.40	5403	0.38	
49.41	5405	0.38	
49.42	5406	0.38	
49.43	5408	0.38	
49.45	5409	0.38	
49.46	5411	0.38	
49.47	5412	0.38	
49.48	5414	0.38	
49.50	5415	0.38	
49.51	5417	0.38	
49.52	5418	0.38	
49.53	5420	0.38	
49.55	5421	0.38	
49.56	5423	0.38	
49.57	5424	0.38	
49.58	5426	0.38	
49.60	5427	0.38	
49.61	5429	0.38	
49.62	5430	0.38	
49.64	5432	0.38	
49.65	5433	0.38	
49.66	5435	0.38	
49.67	5436	0.38	
49.69	5438	0.38	
49.70	5439	0.38	
49.71	5441	0.38	
49.73	5442	0.38	
49.74	5444	0.38	
49.75	5445	0.38	
49.76	5447	0.38	
49.77	5448	0.38	
49.79	5450	0.38	
49.80	5451	0.38	
49.81	5453	0.38	
49.83	5454	0.38	
49.84	5456	0.38	
49.85	5457	0.38	
49.86	5459	0.38	
49.88	5460	0.38	
49.89	5462	0.38	
49.90	5463	0.38	
49.91	5465	0.38	
49.93	5466	0.38	
49.94	5468	0.38	
49.95	5469	0.38	
49.96	5471	0.38	
49.98	5472	0.38	
49.99	5474	0.38	
50.00	5475	0.38	
50.02	5477	0.38	
50.03	5478	0.38	
50.04	5480	0.38	
50.05	5481	0.38	
50.07	5483	0.38	
50.08	5484	0.38	
50.09	5486	0.38	
50.10	5487	0.38	
50.12	5489	0.38	
50.13	5490	0.38	
50.14	5492	0.38	
50.15	5493	0.38	
50.17	5495	0.38	
50.18	5496	0.38	
50.19	5498	0.38	
50.21	5499	0.38	
50.22	5501	0.38	
50.23	5502	0.38	
50.24	5504	0.38	
50.26	5505	0.38	
50.27	5507	0.38	
50.28	5508	0.38	
50.29	5510	0.38	
50.31	5511	0.38	
50.32	5513	0.38	
50.33	5514	0.38	
50.34	5516	0.39	
50.36	5517	0.39	
50.37	5519	0.39	
50.38	5520	0.39	
50.39	5522	0.39	
50.41	5523	0.39	
50.42	5525	0.39	
50.43	5526	0.38	
50.45	5528	0.39	
50.46	5529	0.39	
50.47	5531	0.39	
50.48	5532	0.39	
50.50	5534	0.39	
50.51	5535	0.39	
50.52	5537	0.39	
50.53	5538	0.39	
50.55	5540	0.39	
50.56	5541	0.39	
50.57	5543	0.39	
50.58	5544	0.39	
50.60	5546	0.39	
50.61	5547	0.39	
50.62	5549	0.39	
50.64	5550	0.39	
50.65	5552	0.39	
50.66	5553	0.39	
50.67	5555	0.39	
50.69	5556	0.39	
50.70	5558	0.39	
50.71	5559	0.39	
50.72	5561	0.39	
50.74	5562	0.39	
50.75	5564	0.39	
50.76	5565	0.39	
50.77	5567	0.39	
50.79	5568	0.39	
50.80	5570	0.39	
50.81	5571	0.39	
50.82	5573	0.39	
50.84	5574	0.39	
50.85	5576	0.39	
50.86	5577	0.39	
50.88	5579	0.39	
50.89	5580	0.39	
50.90	5582	0.39	
50.91	5583	0.39	
50.93	5585	0.39	
50.94	5586	0.39	
50.95	5588	0.39	
50.96	5589	0.39	
50.98	5591	0.39	
50.99	5592	0.39	
51.00	5594	0.39	
51.01	5595	0.39	
51.03	5597	0.39	
51.04	5598	0.39	
51.05	5600	0.39	
51.06	5601	0.39	
51.08	5603	0.39	
51.09	5604	0.39	
51.10	5606	0.39	
51.11	5607	0.39	
51.13	5609	0.39	
51.14	5610	0.39	
51.15	5612	0.39	
51.17	5613	0.39	
51.18	5615	0.39	
51.19	5616	0.39	
51.20	5618	0.39	
51.22	5619	0.39	
51.23	5621	0.39	
51.24	5622	0.39	
51.25	5624	0.39	
51.27	5625	0.39	
51.28	5627	0.39	
51.29	5628	0.39	
51.31	5630	0.39	
51.32	5631	0.39	
51.33	5633	0.39	
51.34	5634	0.39	
51.36	5636	0.39	
51.37	5637	0.39	
51.38	5639	0.39	
51.39	5640	0.39	
51.41	5642	0.39	
51.42	5643	0.39	
51.43	5645	0.39	
51.44	5646	0.39	
51.46	5648	0.39	
51.47	5649	0.39	
51.48	5651	0.39	
51.49	5652	0.39	
51.51	5654	0.39	
51.52	5655	0.39	
51.53	5657	0.40	
51.55	5658	0.40	
51.56	5660	0.40	
51.57	5661	0.40	
51.58	5663	0.40	
51.60	5664	0.40	
51.61	5666	0.40	
51.62	5667	0.40	
51.63	5669	0.40	
51.65	5670	0.40	
51.66	5672	0.40	
51.67	5673	0.40	
51.68	5675	0.40	
51.70	5676	0.40	
51.71	5678	0.40	
51.72	5679	0.40	
51.73	5681	0.40	
51.75	5682	0.40	
51.76	5684	0.40	
51.77	5685	0.40	
51.79	5687	0.40	
51.80	5688	0.40	
51.81	5690	0.40	
51.82	5691	0.40	
51.84	5693	0.40	
51.85	5694	0.40	
51.86	5696	0.40	
51.87	5697	0.40	
51.89	5699	0.40	
51.90	5700	0.40	
51.91	5702	0.40	
51.92	5703	0.40	
51.94	5705	0.40	
51.95	5706	0.40	
51.96	5708	0.40	
51.98	5709	0.40	
51.99	5711	0.40	
52.00	5712	0.40	
52.01	5714	0.40	
52.03	5715	0.40	
52.04	5717	0.40	
52.05	5718	0.40	
52.06	5720	0.40	
52.08	5721	0.40	
52.09	5723	0.40	
52.10	5724	0.40	
52.11	5726	0.40	
52.13	5727	0.40	
52.14	5729	0.40	
52.15	5730	0.40	
52.17	5732	0.40	
52.18	5733	0.40	
52.19	5735	0.40	
52.20	5736	0.40	
52.22	5738	0.40	
52.23	5739	0.40	
52.24	5741	0.40	
52.25	5742	0.40	
52.27	5744	0.40	
52.28	5745	0.40	
52.29	5747	0.40	
52.30	5748	0.40	
52.32	5750	0.40	
52.33	5751	0.40	
52.34	5753	0.40	
52.36	5754	0.40	
52.37	5756	0.40	
52.38	5757	0.40	
52.39	5759	0.40	
52.41	5760	0.40	
52.42	5762	0.40	
52.43	5763	0.40	
52.44	5765	0.40	
52.46	5766	0.40	
52.47	5768	0.40	
52.48	5769	0.40	
52.49	5771	0.40	
52.51	5772	0.40	
52.52	5774	0.40	
52.53	5775	0.40	
52.54	5777	0.40	
52.56	5778	0.40	
52.57	5780	0.40	
52.58	5781	0.40	
52.60	5783	0.40	
52.61	5784	0.40	
52.62	5786	0.40	
52.63	5787	0.40	
52.65	5789	0.40	
52.66	5790	0.40	
52.67	5792	0.40	
52.68	5793	0.40	
52.70	5795	0.40	
52.71	5796	0.40	
52.72	5798	0.40	
52.73	5799	0.40	
52.75	5801	0.40	
52.76	5802	0.40	
52.77	5804	0.40	
52.78	5805	0.40	
52.80	5807	0.40	
52.81	5808	0.40	
52.82	5810	0.40	
52.84	5811	0.40	
52.86	5813	0.40	
52.87	5814	0.40	
52.89	5816	0.40	
52.90	5817	0.40	
52.91	5819	0.40	
52.93	5820	0.40	
52.94	5822	0.40	
52.95	5823	0.40	
52.96	5825	0.40	
52.98	5826	0.40	
52.99	5828	0.40	
53.00	5829	0.40	
53.01	5831	0.40	
53.02	5832	0.40	
53.04	5834	0.40	
53.05	5835	0.40	
53.06	5837	0.40	
53.08	5838	0.40	
53.09	5840	0.40	
53.10	5841	0.40	
53.11	5843	0.40	
53.13	5844	0.40	
53.14	5846	0.40	
53.15	5847	0.40	
53.16	5849	0.40	
53.18	5850	0.40	
53.19	5852	0.40	
53.20	5853	0.40	
53.21	5855	0.40	
53.23	5856	0.40	
53.24	5858	0.40	
53.25	5859	0.40	
53.26	5861	0.40	
53.28	5862	0.40	
53.29	5864	0.40	
53.30	5865	0.40	
53.31	5867	0.40	
53.33	5868	0.39	
53.34	5870	0.40	
53.35	5871	0.39	
53.36	5873	0.39	
53.38	5874	0.39	
53.39	5876	0.39	
53.40	5877	0.39	
53.41	5879	0.39	
53.43	5880	0.39	
53.44	5882	0.39	
53.45	5883	0.39	
53.46	5885	0.39	
53.48	5886	0.39	
53.49	5888	0.39	
53.50	5889	0.39	
53.51	5891	0.39	
53.53	5892	0.39	
53.54	5894	0.39	
53.55	5895	0.39	
53.56	5897	0.39	
53.58	5898	0.40	
53.59	5900	0.39	
53.60	5901	0.40	
53.61	5903	0.40	
53.63	5904	0.40	
53.64	5906	0.40	
53.65	5907	0.40	
53.67	5909	0.40	
53.68	5910	0.40	
53.69	5912	0.40	
53.70	5913	0.40	
53.71	5915	0.40	
53.73	5916	0.40	
53.74	5918	0.40	
53.75	5919	0.40	
53.77	5921	0.40	
53.78	5922	0.40	
53.79	5924	0.40	
53.80	5925	0.40	
53.82	5927	0.40	
53.83	5928	0.40	
53.84	5930	0.40	
53.85	5931	0.40	
53.87	5933	0.40	
53.88	5934	0.40	
53.89	5936	0.40	
53.90	5937	0.40	
53.92	5939	0.40	
53.93	5940	0.40	
53.94	5942	0.40	
53.95	5943	0.40	
53.97	5945	0.40	
53.98	5946	0.40	
53.99	5948	0.40	
54.00	5949	0.40	
54.02	5951	0.40	
54.03	5952	0.40	
54.04	5954	0.41	
54.05	5955	0.40	
54.07	5957	0.41	
54.08	5958	0.41	
54.09	5960	0.41	
54.10	5961	0.41	
54.12	5963	0.41	
54.13	5964	0.41	
54.14	5966	0.41	
54.15	5967	0.41	
54.17	5969	0.41	
54.18	5970	0.41	
54.19	5972	0.41	
54.21	5973	0.41	
54.22	5975	0.41	
54.23	5976	0.41	
54.24	5978	0.41	
54.26	5979	0.41	
54.27	5981	0.41	
54.28	5982	0.41	
54.29	5984	0.41	
54.31	5985	0.41	
54.32	5987	0.41	
54.33	5988	0.41	
54.34	5990	0.41	
54.36	5991	0.41	
54.37	5993	0.41	
54.38	5994	0.41	
54.39	5996	0.41	
54.41	5997	0.41	
54.42	5999	0.41	
54.43	6000	0.41	
54.45	6002	0.41	
54.46	6003	0.41	
54.47	6005	0.41	
54.48	6006	0.41	
54.49	6008	0.41	
54.51	6009	0.41	
54.52	6011	0.41	
54.53	6012	0.41	
54.54	6014	0.41	
54.56	6015	0.41	
54.57	6017	0.41	
54.58	6018	0.41	
54.59	6020	0.41	
54.60	6021	0.41	
54.61	6023	0.41	
54.62	6024	0.41	
54.63	6026	0.41	
54.64	6027	0.41	
54.66	6029	0.41	
54.67	6030	0.41	
54.68	6032	0.41	
54.70	6033	0.41	
54.71	6035	0.41	
54.72	6036	0.41	
54.74	6038	0.41	
54.75	6039	0.41	
54.76	6041	0.41	
54.77	6042	0.41	
54.79	6044	0.41	
54.80	6045	0.41	
54.81	6047	0.41	
54.82	6048	0.41	
54.84	6050	0.42	
54.85	6051	0.42	
54.86	6053	0.42	
54.88	6054	0.42	
54.89	6056	0.42	
54.90	6057	0.42	
54.91	6059	0.42	
54.93	6060	0.42	
54.94	6062	0.42	
54.95	6063	0.42	
54.97	6065	0.42	
54.98	6066	0.42	
54.99	6068	0.42	
55.00	6069	0.42	
55.02	6071	0.42	
55.03	6072	0.42	
55.04	6074	0.42	
55.05	6075	0.42	
55.07	6077	0.42	
55.08	6078	0.42	
55.09	6080	0.42	
55.11	6081	0.42	
55.12	6083	0.42	
55.13	6084	0.42	
55.14	6086	0.42	
55.16	6087	0.42	
55.17	6089	0.42	
55.18	6090	0.42	
55.19	6092	0.42	
55.21	6093	0.42	
55.22	6095	0.42	
55.23	6096	0.42	
55.24	6098	0.42	
55.26	6099	0.42	
55.27	6101	0.42	
55.28	6102	0.42	
55.30	6104	0.42	
55.31	6105	0.42	
55.32	6107	0.42	
55.34	6108	0.42	
55.35	6110	0.42	
55.36	6111	0.42	
55.37	6113	0.42	
55.39	6114	0.42	
55.40	6116	0.42	
55.41	6117	0.42	
55.42	6119	0.42	
55.44	6120	0.42	
55.45	6122	0.42	
55.46	6123	0.42	
55.48	6125	0.42	
55.49	6126	0.42	
55.50	6128	0.42	
55.51	6129	0.42	
55.53	6131	0.42	
55.54	6132	0.42	
55.55	6134	0.42	
55.56	6135	0.42	
55.58	6137	0.42	
55.59	6138	0.42	
55.60	6140	0.42	
55.62	6141	0.42	
55.63	6143	0.42	
55.64	6144	0.42	
55.65	6146	0.42	
55.67	6147	0.42	
55.68	6149	0.42	
55.69	6150	0.42	
55.70	6152	0.42	
55.72	6153	0.42	
55.73	6155	0.42	
55.74	6156	0.42	
55.76	6158	0.42	
55.77	6159	0.42	
55.78	6161	0.42	
55.79	6162	0.41	
55.81	6164	0.42	
55.82	6165	0.42	
55.83	6167	0.42	
55.84	6168	0.42	
55.86	6170	0.42	
55.87	6171	0.42	
55.88	6173	0.42	
55.89	6174	0.41	
55.91	6176	0.41	
55.92	6177	0.41	
55.93	6179	0.41	
55.95	6180	0.41	
55.96	6182	0.41	
55.97	6183	0.42	
55.98	6185	0.42	
56.00	6186	0.42	
56.01	6188	0.42	
56.02	6189	0.42	
56.03	6191	0.42	
56.05	6192	0.42	
56.06	6194	0.42	
56.07	6195	0.41	
56.08	6197	0.41	
56.10	6198	0.41	
56.11	6200	0.41	
56.12	6201	0.41	
56.14	6203	0.41	
56.15	6204	0.41	
56.16	6206	0.41	
56.18	6207	0.41	
56.20	6209	0.41	
56.21	6210	0.42	
56.23	6212	0.42	
56.24	6213	0.41	
56.25	6215	0.41	
56.27	6216	0.41	
56.28	6218	0.41	
56.29	6219	0.41	
56.30	6221	0.41	
56.31	6222	0.41	
56.33	6224	0.41	
56.34	6225	0.42	
56.35	6227	0.42	
56.36	6228	0.42	
56.38	6230	0.41	
56.39	6231	0.41	
56.40	6233	0.41	
56.42	6234	0.41	
56.43	6236	0.41	
56.44	6237	0.41	
56.45	6239	0.41	
56.46	6240	0.42	
56.48	6242	0.42	
56.49	6243	0.42	
56.50	6245	0.42	
56.52	6246	0.42	
56.53	6248	0.42	
56.54	6249	0.42	
56.55	6251	0.42	
56.57	6252	0.42	
56.58	6254	0.42	
56.59	6255	0.42	
56.60	6257	0.42	
56.62	6258	0.42	
56.63	6260	0.42	
56.64	6261	0.42	
56.65	6263	0.42	
56.66	6264	0.42	
56.68	6266	0.42	
56.69	6267	0.42	
56.70	6269	0.41	
56.72	6270	0.41	
56.73	6272	0.42	
56.74	6273	0.42	
56.75	6275	0.42	
56.77	6276	0.42	
56.78	6278	0.42	
56.79	6279	0.42	
56.80	6281	0.42	
56.82	6282	0.42	
56.83	6284	0.42	
56.84	6285	0.42	
56.85	6287	0.42	
56.87	6288	0.42	
56.88	6290	0.42	
56.89	6291	0.42	
56.90	6293	0.42	
56.92	6294	0.42	
56.93	6296	0.42	
56.94	6297	0.42	
56.95	6299	0.42	
56.97	6300	0.42	
56.98	6302	0.42	
56.99	6303	0.42	
57.00	6305	0.42	
57.02	6306	0.42	
57.03	6308	0.42	
57.04	6309	0.42	
57.05	6311	0.42	
57.07	6312	0.42	
57.08	6314	0.42	
57.09	6315	0.42	
57.11	6317	0.42	
57.12	6318	0.42	
57.13	6320	0.42	
57.14	6321	0.42	
57.16	6323	0.42	
57.17	6324	0.42	
57.18	6326	0.42	
57.19	6327	0.42	
57.21	6329	0.42	
57.22	6330	0.42	
57.23	6332	0.42	
57.24	6333	0.42	
57.26	6335	0.42	
57.27	6336	0.42	
57.28	6338	0.42	
57.29	6339	0.42	
57.31	6341	0.42	
57.32	6342	0.42	
57.33	6344	0.42	
57.34	6345	0.42	
57.36	6347	0.42	
57.37	6348	0.42	
57.38	6350	0.42	
57.39	6351	0.42	
57.41	6353	0.42	
57.42	6354	0.42	
57.43	6356	0.42	
57.44	6357	0.42	
57.46	6359	0.42	
57.47	6360	0.42	
57.48	6362	0.42	
57.50	6363	0.42	
57.51	6365	0.42	
57.52	6366	0.42	
57.53	6368	0.42	
57.55	6369	0.42	
57.56	6371	0.42	
57.57	6372	0.42	
57.58	6374	0.42	
57.60	6375	0.42	
57.61	6377	0.42	
57.62	6378	0.42	
57.63	6380	0.42	
57.65	6381	0.42	
57.66	6383	0.42	
57.67	6384	0.42	
57.68	6386	0.42	
57.70	6387	0.42	
57.71	6389	0.42	
57.72	6390	0.42	
57.73	6392	0.42	
57.75	6393	0.42	
57.76	6395	0.42	
57.77	6396	0.42	
57.79	6398	0.42	
57.80	6399	0.42	
57.81	6401	0.42	
57.82	6402	0.42	
57.84	6404	0.42	
57.85	6405	0.42	
57.86	6407	0.42	
57.87	6408	0.42	
57.89	6410	0.42	
57.90	6411	0.42	
57.91	6413	0.42	
57.92	6414	0.42	
57.94	6416	0.42	
57.95	6417	0.42	
57.96	6419	0.42	
57.97	6420	0.42	
57.99	6422	0.42	
58.00	6423	0.42	
58.01	6425	0.42	
58.03	6426	0.42	
58.04	6428	0.42	
58.05	6429	0.42	
58.06	6431	0.42	
58.08	6432	0.42	
58.09	6434	0.42	
58.10	6435	0.42	
58.11	6437	0.42	
58.13	6438	0.42	
58.14	6440	0.42	
58.15	6441	0.42	
58.16	6443	0.42	
58.18	6444	0.42	
58.19	6446	0.42	
58.20	6447	0.42	
58.21	6449	0.42	
58.23	6450	0.42	
58.24	6452	0.42	
58.25	6453	0.42	
58.26	6455	0.42	
58.28	6456	0.42	
58.29	6458	0.42	
58.30	6459	0.42	
58.31	6461	0.42	
58.33	6462	0.42	
58.34	6464	0.42	
58.35	6465	0.42	
58.37	6467	0.42	
58.38	6468	0.42	
58.39	6470	0.42	
58.40	6471	0.42	
58.42	6473	0.42	
58.43	6474	0.42	
58.44	6476	0.42	
58.45	6477	0.42	
58.47	6479	0.42	
58.48	6480	0.42	
58.49	6482	0.42	
58.50	6483	0.42	
58.52	6485	0.42	
58.53	6486	0.42	
58.54	6488	0.43	
58.56	6489	0.42	
58.57	6491	0.42	
58.58	6492	0.42	
58.59	6494	0.42	
58.61	6495	0.42	
58.62	6497	0.42	
58.63	6498	0.42	
58.64	6500	0.42	
58.66	6501	0.42	
58.67	6503	0.42	
58.68	6504	0.42	
58.69	6506	0.42	
58.71	6507	0.42	
58.72	6509	0.42	
58.73	6510	0.42	
58.74	6512	0.42	
58.76	6513	0.42	
58.77	6515	0.42	
58.78	6516	0.42	
58.80	6518	0.42	
58.81	6519	0.42	
58.82	6521	0.42	
58.83	6522	0.42	
58.85	6524	0.42	
58.86	6525	0.42	
58.87	6527	0.42	
58.88	6528	0.42	
58.90	6530	0.42	
58.91	6531	0.42	
58.92	6533	0.42	
58.93	6534	0.42	
58.95	6536	0.42	
58.96	6537	0.42	
58.97	6539	0.42	
58.99	6540	0.42	
59.00	6542	0.43	
59.01	6543	0.43	
59.02	6545	0.43	
59.04	6546	0.42	
59.05	6548	0.42	
59.06	6549	0.43	
59.07	6551	0.42	
59.09	6552	0.42	
59.10	6554	0.42	
59.11	6555	0.42	
59.12	6557	0.42	
59.14	6558	0.42	
59.15	6560	0.42	
59.16	6561	0.42	
59.17	6563	0.42	
59.19	6564	0.42	
59.20	6566	0.42	
59.21	6567	0.42	
59.23	6569	0.43	
59.24	6570	0.43	
59.25	6572	0.43	
59.26	6573	0.42	
59.28	6575	0.42	
59.29	6576	0.42	
59.30	6578	0.42	
59.31	6579	0.42	
59.33	6581	0.42	
59.34	6582	0.42	
59.35	6584	0.42	
59.36	6585	0.42	
59.38	6587	0.42	
59.39	6588	0.42	
59.40	6590	0.42	
59.42	6591	0.42	
59.43	6593	0.42	
59.44	6594	0.42	
59.45	6596	0.42	
59.47	6597	0.42	
59.48	6599	0.42	
59.49	6600	0.42	
59.50	6602	0.42	
59.52	6603	0.42	
59.53	6605	0.43	
59.54	6606	0.43	
59.55	6608	0.43	
59.57	6609	0.43	
59.58	6611	0.43	
59.59	6612	0.43	
59.60	6614	0.43	
59.62	6615	0.43	
59.63	6617	0.42	
59.64	6618	0.42	
59.65	6620	0.42	
59.67	6621	0.42	
59.68	6623	0.42	
59.69	6624	0.42	
59.71	6626	0.42	
59.72	6627	0.42	
59.73	6629	0.42	
59.74	6630	0.42	
59.76	6632	0.42	
59.77	6633	0.42	
59.78	6635	0.42	
59.79	6636	0.42	
59.81	6638	0.42	
59.82	6639	0.42	
59.83	6641	0.42	
59.84	6642	0.42	
59.86	6644	0.42	
59.87	6645	0.42	
59.88	6647	0.42	
59.90	6648	0.42	
59.91	6650	0.42	
59.92	6651	0.42	
59.93	6653	0.42	
59.95	6654	0.42	
59.96	6656	0.42	
59.97	6657	0.42	
59.98	6659	0.42	
60.00	6660	0.42	
60.01	6662	0.42	
60.02	6663	0.42	
60.03	6665	0.42	
60.05	6666	0.42	
60.06	6668	0.42	
60.07	6669	0.42	
60.08	6671	0.42	
60.10	6672	0.42	
60.11	6674	0.42	
60.12	6675	0.42	
60.14	6677	0.42	
60.15	6678	0.42	
60.16	6680	0.42	
60.17	6681	0.42	
60.19	6683	0.42	
60.20	6684	0.42	
60.21	6686	0.42	
60.22	6687	0.42	
60.24	6689	0.42	
60.25	6690	0.42	
60.26	6692	0.42	
60.27	6693	0.42	
60.29	6695	0.42	
60.30	6696	0.42	
60.31	6698	0.42	
60.33	6699	0.42	
60.34	6701	0.42	
60.35	6702	0.42	
60.36	6704	0.42	
60.38	6705	0.42	
60.39	6707	0.42	
60.40	6708	0.42	
60.41	6710	0.42	
60.43	6711	0.42	
60.44	6713	0.42	
60.45	6714	0.42	
60.46	6716	0.42	
60.48	6717	0.42	
60.49	6719	0.42	
60.50	6720	0.42	
60.52	6722	0.42	
60.53	6723	0.42	
60.54	6725	0.42	
60.55	6726	0.42	
60.57	6728	0.42	
60.58	6729	0.42	
60.59	6731	0.42	
60.60	6732	0.42	
60.62	6734	0.42	
60.63	6735	0.42	
60.64	6737	0.42	
60.65	6738	0.42	
60.67	6740	0.42	
60.68	6741	0.42	
60.69	6743	0.42	
60.71	6744	0.42	
60.72	6746	0.42	
60.73	6747	0.42	
60.74	6749	0.42	
60.76	6750	0.42	
60.77	6752	0.42	
60.78	6753	0.42	
60.79	6755	0.42	
60.81	6756	0.42	
60.82	6758	0.42	
60.83	6759	0.42	
60.84	6761	0.42	
60.86	6762	0.42	
60.87	6764	0.42	
60.88	6765	0.42	
60.89	6767	0.42	
60.91	6768	0.41	
60.92	6770	0.42	
60.93	6771	0.42	
60.95	6773	0.42	
60.96	6774	0.42	
60.97	6776	0.41	
60.98	6777	0.41	
61.00	6779	0.41	
61.01	6780	0.41	
61.02	6782	0.41	
61.03	6783	0.41	
61.05	6785	0.41	
61.06	6786	0.41	
61.07	6788	0.41	
61.08	6789	0.41	
61.10	6791	0.41	
61.11	6792	0.41	
61.12	6794	0.41	
61.13	6795	0.41	
61.15	6797	0.41	
61.16	6798	0.41	
61.17	6800	0.41	
61.19	6801	0.41	
61.20	6803	0.41	
61.21	6804	0.41	
61.22	6806	0.41	
61.24	6807	0.41	
61.25	6809	0.41	
61.26	6810	0.41	
61.27	6812	0.41	
61.29	6813	0.41	
61.30	6815	0.41	
61.31	6816	0.41	
61.32	6818	0.41	
61.34	6819	0.41	
61.35	6821	0.41	
61.36	6822	0.41	
61.37	6824	0.41	
61.39	6825	0.41	
61.40	6827	0.41	
61.41	6828	0.41	
61.43	6830	0.41	
61.44	6831	0.41	
61.45	6833	0.41	
61.46	6834	0.40	
61.48	6836	0.40	
61.49	6837	0.40	
61.50	6839	0.40	
61.51	6840	0.40	
61.53	6842	0.40	
61.54	6843	0.40	
61.55	6845	0.40	
61.56	6846	0.40	
61.58	6848	0.40	
61.59	6849	0.40	
61.60	6851	0.40	
61.62	6852	0.40	
61.63	6854	0.40	
61.64	6855	0.40	
61.65	6857	0.40	
61.67	6858	0.40	
61.68	6860	0.40	
61.69	6861	0.40	
61.70	6863	0.40	
61.72	6864	0.40	
61.73	6866	0.40	
61.74	6867	0.40	
61.75	6869	0.40	
61.77	6870	0.40	
61.78	6872	0.40	
61.79	6873	0.40	
61.80	6875	0.40	
61.82	6876	0.40	
61.83	6878	0.40	
61.84	6879	0.40	
61.86	6881	0.40	
61.87	6882	0.40	
61.88	6884	0.40	
61.89	6885	0.40	
61.91	6887	0.40	
61.92	6888	0.40	
61.93	6890	0.40	
61.94	6891	0.40	
61.96	6893	0.40	
61.97	6894	0.40	
61.98	6896	0.39	
61.99	6897	0.39	
62.01	6899	0.39	
62.02	6900	0.39	
62.03	6902	0.39	
62.05	6903	0.39	
62.06	6905	0.39	
62.07	6906	0.39	
62.08	6908	0.39	
62.10	6909	0.39	
62.11	6911	0.39	
62.12	6912	0.39	
62.13	6914	0.39	
62.15	6915	0.39	
62.16	6917	0.39	
62.17	6918	0.39	
62.18	6920	0.39	
62.20	6921	0.39	
62.21	6923	0.39	
62.22	6924	0.39	
62.24	6926	0.39	
62.25	6927	0.39	
62.26	6929	0.39	
62.27	6930	0.39	
62.29	6932	0.39	
62.30	6933	0.39	
62.31	6935	0.39	
62.32	6936	0.39	
62.34	6938	0.39	
62.35	6939	0.39	
62.36	6941	0.39	
62.37	6942	0.39	
62.39	6944	0.39	
62.40	6945	0.39	
62.41	6947	0.39	
62.43	6948	0.39	
62.44	6950	0.39	
62.45	6951	0.39	
62.46	6953	0.39	
62.48	6954	0.39	
62.49	6956	0.39	
62.50	6957	0.38	
62.51	6959	0.38	
62.53	6960	0.38	
62.54	6962	0.38	
62.55	6963	0.38	
62.56	6965	0.38	
62.58	6966	0.38	
62.59	6968	0.38	
62.60	6969	0.38	
62.62	6971	0.38	
62.63	6972	0.38	
62.64	6974	0.38	
62.65	6975	0.38	
62.67	6977	0.38	
62.68	6978	0.38	
62.69	6980	0.38	
62.70	6981	0.38	
62.72	6983	0.38	
62.73	6984	0.38	
62.74	6986	0.38	
62.75	6987	0.38	
62.77	6989	0.38	
62.78	6990	0.38	
62.79	6992	0.38	
62.80	6993	0.38	
62.82	6995	0.38	
62.83	6996	0.38	
62.84	6998	0.38	
62.86	6999	0.38	
62.87	7001	0.38	
62.88	7002	0.38	
62.89	7004	0.38	
62.91	7005	0.38	
62.92	7007	0.38	
62.93	7008	0.38	
62.94	7010	0.38	
62.96	7011	0.38	
62.97	7013	0.38	
62.98	7014	0.38	
62.99	7016	0.38	
63.01	7017	0.38	
63.02	7019	0.38	
63.03	7020	0.38	
63.05	7022	0.38	
63.06	7023	0.38	
63.07	7025	0.38	
63.08	7026	0.38	
63.10	7028	0.38	
63.11	7029	0.38	
63.12	7031	0.38	
63.13	7032	0.38	
63.15	7034	0.38	
63.16	7035	0.38	
63.17	7037	0.38	
63.18	7038	0.38	
63.20	7040	0.38	
63.21	7041	0.38	
63.22	7043	0.38	
63.24	7044	0.38	
63.25	7046	0.38	
63.26	7047	0.38	
63.27	7049	0.38	
63.28	7050	0.38	
63.30	7052	0.38	
63.31	7053	0.38	
63.32	7055	0.38	
63.34	7056	0.38	
63.35	7058	0.38	
63.36	7059	0.38	
63.37	7061	0.38	
63.39	7062	0.38	
63.40	7064	0.38	
63.41	7065	0.38	
63.42	7067	0.38	
63.44	7068	0.38	
63.45	7070	0.38	
63.46	7071	0.38	
63.48	7073	0.38	
63.49	7074	0.38	
63.50	7076	0.38	
63.51	7077	0.38	
63.53	7079	0.38	
63.54	7080	0.38	
63.55	7082	0.38	
63.56	7083	0.38	
63.58	7085	0.38	
63.59	7086	0.38	
63.60	7088	0.38	
63.61	7089	0.38	
63.63	7091	0.38	
63.64	7092	0.38	
63.65	7094	0.38	
63.66	7095	0.38	
63.68	7097	0.38	
63.69	7098	0.38	
63.70	7100	0.38	
63.72	7101	0.38	
63.73	7103	0.38	
63.74	7104	0.38	
63.75	7106	0.38	
63.77	7107	0.38	
63.78	7109	0.38	
63.79	7110	0.38	
63.80	7112	0.38	
63.82	7113	0.38	
63.83	7115	0.38	
63.84	7116	0.38	
63.85	7118	0.38	
63.87	7119	0.38	
63.88	7121	0.38	
63.89	7122	0.38	
63.91	7124	0.38	
63.92	7125	0.38	
63.93	7127	0.38	
63.94	7128	0.38	
63.96	7130	0.38	
63.97	7131	0.38	
63.98	7133	0.38	
63.99	7134	0.38	
64.01	7136	0.38	
64.02	7137	0.38	
64.03	7139	0.38	
64.04	7140	0.38	
64.06	7142	0.38	
64.07	7143	0.38	
64.08	7145	0.38	
64.09	7146	0.38	
64.11	7148	0.38	
64.12	7149	0.38	
64.13	7151	0.38	
64.15	7152	0.38	
64.16	7154	0.38	
64.17	7155	0.38	
64.18	7157	0.38	
64.20	7158	0.38	
64.21	7160	0.38	
64.22	7161	0.38	
64.23	7163	0.38	
64.25	7164	0.38	
64.26	7166	0.38	
64.27	7167	0.38	
64.28	7169	0.38	
64.30	7170	0.38	
64.31	7172	0.38	
64.32	7173	0.38	
64.34	7175	0.38	
64.35	7176	0.38	
64.36	7178	0.38	
64.37	7179	0.38	
64.39	7181	0.38	
64.40	7182	0.38	
64.41	7184	0.38	
64.42	7185	0.38	
64.44	7187	0.38	
64.45	7188	0.38	
64.46	7190	0.38	
64.47	7191	0.38	
64.49	7193	0.38	
64.50	7194	0.38	
64.51	7196	0.38	
64.53	7197	0.38	
64.54	7199	0.38	
64.55	7200	0.38	
