P85
Furnace temperature 	Time	HeatFlow	
/°C	/s	/mW	
64.94	0	0.39	
64.94	1	0.39	
65.02	1	0.39	
65.12	2	0.39	
65.20	3	0.39	
65.29	4	0.39	
65.41	4	0.38	
65.55	5	0.38	
65.70	6	0.38	
65.86	6	0.38	
66.03	7	0.38	
66.20	8	0.38	
66.37	8	0.38	
66.54	9	0.37	
66.71	10	0.37	
66.86	11	0.37	
67.01	11	0.36	
67.15	12	0.36	
67.28	13	0.35	
67.39	13	0.35	
67.50	14	0.34	
67.59	15	0.34	
67.66	15	0.33	
67.73	16	0.32	
67.78	17	0.32	
67.82	18	0.31	
67.85	18	0.30	
67.88	19	0.29	
67.90	20	0.28	
67.91	20	0.27	
67.91	21	0.26	
67.91	22	0.25	
67.91	22	0.25	
67.91	23	0.24	
67.90	24	0.23	
67.90	25	0.22	
67.89	25	0.21	
67.88	26	0.20	
67.87	27	0.19	
67.87	27	0.18	
67.87	28	0.17	
67.86	29	0.16	
67.86	29	0.15	
67.86	30	0.14	
67.86	31	0.13	
67.86	32	0.12	
67.86	32	0.11	
67.86	33	0.10	
67.87	34	0.09	
67.87	34	0.08	
67.87	35	0.07	
67.87	36	0.06	
67.87	36	0.05	
67.87	37	0.04	
67.87	38	0.03	
67.87	39	0.02	
67.87	39	0.00	
67.87	40	-0.01	
67.87	41	-0.02	
67.86	41	-0.03	
67.86	42	-0.04	
67.85	43	-0.05	
67.85	43	-0.06	
67.84	44	-0.07	
67.84	45	-0.08	
67.83	46	-0.09	
67.82	46	-0.10	
67.82	47	-0.12	
67.81	48	-0.13	
67.80	48	-0.14	
67.80	49	-0.15	
67.79	50	-0.16	
67.78	50	-0.17	
67.77	51	-0.18	
67.76	52	-0.19	
67.76	53	-0.20	
67.75	53	-0.21	
67.74	54	-0.22	
67.73	55	-0.23	
67.72	55	-0.24	
67.72	56	-0.25	
67.71	57	-0.26	
67.70	57	-0.27	
67.69	58	-0.29	
67.68	59	-0.30	
67.67	60	-0.31	
67.67	60	-0.32	
67.66	61	-0.33	
67.65	62	-0.34	
67.64	62	-0.35	
67.63	63	-0.36	
67.62	64	-0.37	
67.61	64	-0.38	
67.60	65	-0.39	
67.59	66	-0.39	
67.58	67	-0.40	
67.57	67	-0.41	
67.56	68	-0.42	
67.55	69	-0.43	
67.54	69	-0.44	
67.53	70	-0.45	
67.52	71	-0.46	
67.52	71	-0.47	
67.51	72	-0.48	
67.49	73	-0.48	
67.48	74	-0.49	
67.47	74	-0.50	
67.46	75	-0.51	
67.45	76	-0.52	
67.44	76	-0.53	
67.43	77	-0.54	
67.42	78	-0.54	
67.41	78	-0.55	
67.40	79	-0.56	
67.39	80	-0.57	
67.38	81	-0.57	
67.37	81	-0.58	
67.36	82	-0.59	
67.35	83	-0.60	
67.33	83	-0.60	
67.32	84	-0.61	
67.31	85	-0.62	
67.30	85	-0.62	
67.29	86	-0.63	
67.28	87	-0.64	
67.27	88	-0.64	
67.25	88	-0.65	
67.24	89	-0.65	
67.23	90	-0.66	
67.22	90	-0.67	
67.21	91	-0.67	
67.20	92	-0.68	
67.19	92	-0.68	
67.17	93	-0.69	
67.16	94	-0.69	
67.15	95	-0.70	
67.14	95	-0.70	
67.13	96	-0.71	
67.11	97	-0.71	
67.10	97	-0.72	
67.09	98	-0.72	
67.08	99	-0.73	
67.07	99	-0.73	
67.05	100	-0.74	
67.04	101	-0.74	
67.03	102	-0.74	
67.02	102	-0.75	
67.00	103	-0.75	
66.99	104	-0.76	
66.98	104	-0.76	
66.97	105	-0.77	
66.96	106	-0.77	
66.94	106	-0.77	
66.93	107	-0.78	
66.92	108	-0.78	
66.91	109	-0.79	
66.89	109	-0.79	
66.88	110	-0.79	
66.87	111	-0.80	
66.86	111	-0.80	
66.84	112	-0.80	
66.83	113	-0.81	
66.82	113	-0.81	
66.81	114	-0.82	
66.79	115	-0.82	
66.78	116	-0.82	
66.77	116	-0.83	
66.75	117	-0.83	
66.74	118	-0.83	
66.73	118	-0.84	
66.72	119	-0.84	
66.70	120	-0.85	
66.69	120	-0.85	
66.68	121	-0.85	
66.67	122	-0.86	
66.65	123	-0.86	
66.64	123	-0.87	
66.63	124	-0.87	
66.61	125	-0.87	
66.60	125	-0.88	
66.59	126	-0.88	
66.57	127	-0.88	
66.56	127	-0.89	
66.55	128	-0.89	
66.54	129	-0.90	
66.52	130	-0.90	
66.51	130	-0.91	
66.50	131	-0.91	
66.48	132	-0.92	
66.47	132	-0.92	
66.46	133	-0.92	
66.44	134	-0.93	
66.43	134	-0.93	
66.42	135	-0.94	
66.40	136	-0.94	
66.39	137	-0.95	
66.38	137	-0.95	
66.36	138	-0.95	
66.35	139	-0.96	
66.34	139	-0.96	
66.33	140	-0.97	
66.31	141	-0.97	
66.30	141	-0.97	
66.29	142	-0.98	
66.27	143	-0.98	
66.26	144	-0.99	
66.25	144	-0.99	
66.23	145	-0.99	
66.22	146	-1.00	
66.21	146	-1.00	
66.19	147	-1.00	
66.18	148	-1.01	
66.17	148	-1.01	
66.15	149	-1.01	
66.14	150	-1.02	
66.12	151	-1.02	
66.11	151	-1.03	
66.10	152	-1.03	
66.08	153	-1.04	
66.07	153	-1.04	
66.06	154	-1.04	
66.04	155	-1.05	
66.03	155	-1.05	
66.02	156	-1.05	
66.00	157	-1.06	
65.99	158	-1.06	
65.98	158	-1.06	
65.96	159	-1.06	
65.95	160	-1.07	
65.94	160	-1.07	
65.92	161	-1.07	
65.91	162	-1.07	
65.90	162	-1.07	
65.90	163	-1.08	
65.90	164	-1.08	
65.91	165	-1.08	
65.91	165	-1.09	
65.91	166	-1.09	
65.91	167	-1.09	
65.91	167	-1.09	
65.90	168	-1.10	
65.90	169	-1.10	
65.89	169	-1.10	
65.88	170	-1.10	
65.87	171	-1.10	
65.86	172	-1.10	
65.84	172	-1.11	
65.83	173	-1.11	
65.81	174	-1.11	
65.80	174	-1.11	
65.78	175	-1.11	
65.76	176	-1.11	
65.74	176	-1.11	
65.73	177	-1.12	
65.71	178	-1.12	
65.69	179	-1.12	
65.68	179	-1.12	
65.66	180	-1.12	
65.65	181	-1.12	
65.63	181	-1.12	
65.62	182	-1.12	
65.61	183	-1.12	
65.59	183	-1.12	
65.58	184	-1.12	
65.57	185	-1.12	
65.56	186	-1.12	
65.55	186	-1.12	
65.54	187	-1.13	
65.53	188	-1.13	
65.52	188	-1.13	
65.51	189	-1.13	
65.50	190	-1.13	
65.48	190	-1.13	
65.47	191	-1.13	
65.46	192	-1.13	
65.45	193	-1.13	
65.43	193	-1.13	
65.42	194	-1.13	
65.41	195	-1.13	
65.39	195	-1.13	
65.38	196	-1.12	
65.37	197	-1.12	
65.35	197	-1.12	
65.34	198	-1.12	
65.32	199	-1.12	
65.31	200	-1.12	
65.30	200	-1.12	
65.28	201	-1.12	
65.27	202	-1.12	
65.25	202	-1.12	
65.24	203	-1.12	
65.22	204	-1.12	
65.21	204	-1.11	
65.20	205	-1.11	
65.18	206	-1.11	
65.17	207	-1.11	
65.15	207	-1.11	
65.14	208	-1.11	
65.13	209	-1.11	
65.11	209	-1.11	
65.10	210	-1.10	
65.09	211	-1.10	
65.07	211	-1.10	
65.06	212	-1.10	
65.05	213	-1.10	
65.03	214	-1.10	
65.02	214	-1.10	
65.01	215	-1.10	
64.99	216	-1.09	
64.98	216	-1.09	
64.96	217	-1.09	
64.95	218	-1.09	
64.94	218	-1.09	
64.92	219	-1.09	
64.91	220	-1.09	
64.89	221	-1.08	
64.88	221	-1.08	
64.87	222	-1.08	
64.85	223	-1.08	
64.84	223	-1.08	
64.82	224	-1.07	
64.81	225	-1.07	
64.79	225	-1.07	
64.78	226	-1.07	
64.77	227	-1.07	
64.75	228	-1.06	
64.74	228	-1.06	
64.72	229	-1.06	
64.71	230	-1.06	
64.70	230	-1.06	
64.68	231	-1.05	
64.67	232	-1.05	
64.65	232	-1.05	
64.64	233	-1.05	
64.62	234	-1.05	
64.61	235	-1.05	
64.60	235	-1.04	
64.58	236	-1.04	
64.57	237	-1.04	
64.55	237	-1.04	
64.54	238	-1.04	
64.52	239	-1.04	
64.51	239	-1.04	
64.49	240	-1.04	
64.48	241	-1.04	
64.47	242	-1.03	
64.45	242	-1.03	
64.44	243	-1.03	
64.42	244	-1.03	
64.41	244	-1.03	
64.39	245	-1.03	
64.38	246	-1.02	
64.37	246	-1.02	
64.35	247	-1.02	
64.34	248	-1.02	
64.32	249	-1.02	
64.31	249	-1.02	
64.29	250	-1.01	
64.28	251	-1.01	
64.26	251	-1.01	
64.25	252	-1.01	
64.24	253	-1.01	
64.22	253	-1.01	
64.21	254	-1.00	
64.19	255	-1.00	
64.18	256	-1.00	
64.16	256	-1.00	
64.15	257	-1.00	
64.13	258	-1.00	
64.12	258	-1.00	
64.11	259	-1.00	
64.09	260	-1.00	
64.08	260	-1.00	
64.06	261	-1.00	
64.05	262	-1.00	
64.03	263	-1.00	
64.02	263	-1.00	
64.00	264	-0.99	
63.99	265	-0.99	
63.98	265	-0.99	
63.96	266	-0.99	
63.95	267	-0.99	
63.93	267	-0.99	
63.92	268	-0.99	
63.90	269	-0.99	
63.89	270	-0.99	
63.88	270	-0.99	
63.86	271	-0.98	
63.85	272	-0.98	
63.83	272	-0.98	
63.82	273	-0.98	
63.80	274	-0.98	
63.79	274	-0.98	
63.77	275	-0.98	
63.76	276	-0.98	
63.74	277	-0.98	
63.73	277	-0.98	
63.72	278	-0.98	
63.70	279	-0.98	
63.69	279	-0.98	
63.67	280	-0.98	
63.66	281	-0.98	
63.64	281	-0.97	
63.63	282	-0.97	
63.61	283	-0.97	
63.60	284	-0.97	
63.58	284	-0.97	
63.57	285	-0.97	
63.56	286	-0.97	
63.54	286	-0.97	
63.53	287	-0.96	
63.51	288	-0.96	
63.50	288	-0.96	
63.48	289	-0.96	
63.47	290	-0.96	
63.45	291	-0.96	
63.44	291	-0.96	
63.43	292	-0.96	
63.41	293	-0.96	
63.40	293	-0.96	
63.38	294	-0.96	
63.37	295	-0.96	
63.35	295	-0.96	
63.34	296	-0.96	
63.32	297	-0.96	
63.31	298	-0.96	
63.29	298	-0.96	
63.28	299	-0.96	
63.27	300	-0.95	
63.25	300	-0.95	
63.24	301	-0.95	
63.22	302	-0.95	
63.21	302	-0.95	
63.19	303	-0.95	
63.18	304	-0.95	
63.16	305	-0.94	
63.15	305	-0.94	
63.13	306	-0.94	
63.12	307	-0.94	
63.11	307	-0.94	
63.09	308	-0.94	
63.08	309	-0.94	
63.06	309	-0.94	
63.05	310	-0.94	
63.03	311	-0.94	
63.02	312	-0.94	
63.00	312	-0.94	
62.99	313	-0.94	
62.97	314	-0.94	
62.96	314	-0.94	
62.95	315	-0.94	
62.93	316	-0.94	
62.92	316	-0.93	
62.90	317	-0.93	
62.89	318	-0.93	
62.87	319	-0.93	
62.86	319	-0.93	
62.84	320	-0.93	
62.83	321	-0.93	
62.81	321	-0.93	
62.80	322	-0.93	
62.79	323	-0.94	
62.77	323	-0.94	
62.76	324	-0.94	
62.74	325	-0.94	
62.73	326	-0.94	
62.71	326	-0.94	
62.70	327	-0.94	
62.68	328	-0.94	
62.67	328	-0.94	
62.65	329	-0.94	
62.64	330	-0.94	
62.63	330	-0.94	
62.61	331	-0.94	
62.60	332	-0.94	
62.58	333	-0.94	
62.57	333	-0.94	
62.55	334	-0.94	
62.54	335	-0.94	
62.52	335	-0.94	
62.51	336	-0.94	
62.49	337	-0.94	
62.48	337	-0.94	
62.47	338	-0.94	
62.45	339	-0.94	
62.44	340	-0.94	
62.42	340	-0.94	
62.41	341	-0.94	
62.39	342	-0.94	
62.38	342	-0.94	
62.36	343	-0.94	
62.35	344	-0.94	
62.33	344	-0.94	
62.32	345	-0.94	
62.30	346	-0.94	
62.29	347	-0.94	
62.28	347	-0.94	
62.26	348	-0.95	
62.25	349	-0.95	
62.23	349	-0.95	
62.22	350	-0.95	
62.20	351	-0.95	
62.19	351	-0.95	
62.17	352	-0.95	
62.16	353	-0.95	
62.15	354	-0.95	
62.13	354	-0.95	
62.12	355	-0.95	
62.10	356	-0.95	
62.09	356	-0.95	
62.07	357	-0.95	
62.06	358	-0.95	
62.04	358	-0.95	
62.03	359	-0.95	
62.01	360	-0.95	
62.00	361	-0.95	
61.99	361	-0.95	
61.97	362	-0.95	
61.96	363	-0.95	
61.94	363	-0.96	
61.93	364	-0.96	
61.91	365	-0.96	
61.90	365	-0.96	
61.88	366	-0.96	
61.87	367	-0.96	
61.86	368	-0.96	
61.84	368	-0.95	
61.83	369	-0.95	
61.81	370	-0.95	
61.80	370	-0.96	
61.78	371	-0.96	
61.77	372	-0.96	
61.75	372	-0.96	
61.74	373	-0.96	
61.72	374	-0.96	
61.71	375	-0.96	
61.70	375	-0.96	
61.68	376	-0.96	
61.67	377	-0.96	
61.65	377	-0.96	
61.64	378	-0.96	
61.62	379	-0.96	
61.61	379	-0.96	
61.59	380	-0.97	
61.58	381	-0.97	
61.57	382	-0.96	
61.55	382	-0.96	
61.54	383	-0.96	
61.52	384	-0.96	
61.51	384	-0.97	
61.49	385	-0.97	
61.48	386	-0.97	
61.46	386	-0.97	
61.45	387	-0.97	
61.44	388	-0.97	
61.42	389	-0.97	
61.41	389	-0.97	
61.39	390	-0.98	
61.38	391	-0.98	
61.36	391	-0.98	
61.35	392	-0.98	
61.33	393	-0.98	
61.32	393	-0.98	
61.30	394	-0.98	
61.29	395	-0.98	
61.28	396	-0.98	
61.26	396	-0.98	
61.25	397	-0.98	
61.23	398	-0.98	
61.22	398	-0.98	
61.20	399	-0.99	
61.19	400	-0.99	
61.18	400	-0.99	
61.16	401	-0.99	
61.15	402	-0.99	
61.13	403	-0.99	
61.12	403	-0.99	
61.10	404	-0.99	
61.09	405	-0.99	
61.07	405	-0.99	
61.06	406	-0.99	
61.04	407	-0.99	
61.03	407	-1.00	
61.02	408	-1.00	
61.00	409	-1.00	
60.99	410	-1.00	
60.97	410	-1.00	
60.96	411	-1.00	
60.94	412	-1.00	
60.93	412	-1.00	
60.92	413	-1.00	
60.90	414	-1.00	
60.89	414	-1.00	
60.87	415	-1.00	
60.86	416	-1.00	
60.84	417	-1.01	
60.83	417	-1.01	
60.81	418	-1.01	
60.80	419	-1.01	
60.79	419	-1.01	
60.77	420	-1.01	
60.76	421	-1.01	
60.74	421	-1.01	
60.73	422	-1.01	
60.71	423	-1.01	
60.70	424	-1.01	
60.68	424	-1.01	
60.67	425	-1.01	
60.66	426	-1.01	
60.64	426	-1.01	
60.63	427	-1.01	
60.61	428	-1.01	
60.60	428	-1.01	
60.58	429	-1.01	
60.57	430	-1.01	
60.55	431	-1.02	
60.54	431	-1.02	
60.53	432	-1.02	
60.51	433	-1.02	
60.50	433	-1.02	
60.48	434	-1.02	
60.47	435	-1.02	
60.45	435	-1.02	
60.44	436	-1.02	
60.42	437	-1.02	
60.41	438	-1.02	
60.40	438	-1.02	
60.38	439	-1.02	
60.37	440	-1.02	
60.35	440	-1.02	
60.34	441	-1.03	
60.32	442	-1.03	
60.31	442	-1.03	
60.30	443	-1.03	
60.28	444	-1.03	
60.27	445	-1.03	
60.25	445	-1.03	
60.24	446	-1.03	
60.22	447	-1.03	
60.21	447	-1.03	
60.19	448	-1.03	
60.18	449	-1.03	
60.17	449	-1.03	
60.15	450	-1.03	
60.14	451	-1.03	
60.12	452	-1.03	
60.11	452	-1.03	
60.09	453	-1.04	
60.08	454	-1.04	
60.07	454	-1.04	
60.05	455	-1.04	
60.04	456	-1.04	
60.02	456	-1.04	
60.01	457	-1.04	
59.99	458	-1.04	
59.98	459	-1.04	
59.96	459	-1.04	
59.95	460	-1.04	
59.94	461	-1.04	
59.92	461	-1.04	
59.91	462	-1.04	
59.89	463	-1.04	
59.88	463	-1.05	
59.86	464	-1.05	
59.85	465	-1.05	
59.84	466	-1.05	
59.82	466	-1.05	
59.81	467	-1.05	
59.79	468	-1.05	
59.78	468	-1.05	
59.76	469	-1.05	
59.75	470	-1.05	
59.74	470	-1.05	
59.72	471	-1.05	
59.71	472	-1.05	
59.69	473	-1.05	
59.68	473	-1.05	
59.66	474	-1.05	
59.65	475	-1.05	
59.63	475	-1.05	
59.62	476	-1.05	
59.61	477	-1.05	
59.59	477	-1.05	
59.58	478	-1.05	
59.56	479	-1.05	
59.55	480	-1.05	
59.53	480	-1.05	
59.52	481	-1.05	
59.50	482	-1.05	
59.49	482	-1.05	
59.48	483	-1.05	
59.46	484	-1.06	
59.45	484	-1.06	
59.43	485	-1.06	
59.42	486	-1.06	
59.40	487	-1.06	
59.39	487	-1.06	
59.38	488	-1.06	
59.36	489	-1.06	
59.35	489	-1.06	
59.33	490	-1.06	
59.32	491	-1.06	
59.30	491	-1.06	
59.29	492	-1.06	
59.28	493	-1.06	
59.26	494	-1.06	
59.25	494	-1.06	
59.23	495	-1.06	
59.22	496	-1.06	
59.20	496	-1.06	
59.19	497	-1.06	
59.18	498	-1.06	
59.16	498	-1.06	
59.15	499	-1.06	
59.13	500	-1.06	
59.12	501	-1.06	
59.10	501	-1.06	
59.09	502	-1.06	
59.08	503	-1.06	
59.06	503	-1.06	
59.05	504	-1.07	
59.03	505	-1.06	
59.02	505	-1.06	
59.00	506	-1.06	
58.99	507	-1.06	
58.97	508	-1.06	
58.96	508	-1.07	
58.95	509	-1.07	
58.93	510	-1.07	
58.92	510	-1.07	
58.90	511	-1.07	
58.89	512	-1.07	
58.87	512	-1.07	
58.86	513	-1.07	
58.85	514	-1.07	
58.83	515	-1.07	
58.82	515	-1.07	
58.80	516	-1.07	
58.79	517	-1.07	
58.77	517	-1.07	
58.76	518	-1.07	
58.75	519	-1.07	
58.73	519	-1.07	
58.72	520	-1.07	
58.70	521	-1.07	
58.69	522	-1.07	
58.67	522	-1.07	
58.66	523	-1.07	
58.65	524	-1.07	
58.63	524	-1.07	
58.62	525	-1.07	
58.60	526	-1.07	
58.59	526	-1.07	
58.57	527	-1.07	
58.56	528	-1.07	
58.55	529	-1.07	
58.53	529	-1.07	
58.52	530	-1.07	
58.50	531	-1.07	
58.49	531	-1.07	
58.47	532	-1.08	
58.46	533	-1.08	
58.45	533	-1.08	
58.43	534	-1.08	
58.42	535	-1.08	
58.40	536	-1.08	
58.39	536	-1.08	
58.37	537	-1.08	
58.36	538	-1.08	
58.35	538	-1.08	
58.33	539	-1.08	
58.32	540	-1.08	
58.30	540	-1.08	
58.29	541	-1.08	
58.27	542	-1.08	
58.26	543	-1.08	
58.25	543	-1.08	
58.23	544	-1.08	
58.22	545	-1.08	
58.20	545	-1.08	
58.19	546	-1.08	
58.17	547	-1.08	
58.16	547	-1.08	
58.15	548	-1.08	
58.13	549	-1.08	
58.12	550	-1.08	
58.10	550	-1.08	
58.09	551	-1.08	
58.07	552	-1.08	
58.06	552	-1.08	
58.05	553	-1.08	
58.03	554	-1.08	
58.02	554	-1.08	
58.00	555	-1.08	
57.99	556	-1.08	
57.97	557	-1.08	
57.96	557	-1.08	
57.95	558	-1.07	
57.93	559	-1.07	
57.92	559	-1.07	
57.90	560	-1.07	
57.89	561	-1.08	
57.87	561	-1.08	
57.86	562	-1.08	
57.85	563	-1.08	
57.83	564	-1.08	
57.82	564	-1.08	
57.80	565	-1.08	
57.79	566	-1.08	
57.77	566	-1.08	
57.76	567	-1.08	
57.75	568	-1.08	
57.73	568	-1.08	
57.72	569	-1.08	
57.70	570	-1.08	
57.69	571	-1.08	
57.67	571	-1.08	
57.66	572	-1.08	
57.65	573	-1.08	
57.63	573	-1.08	
57.62	574	-1.08	
57.60	575	-1.08	
57.59	575	-1.08	
57.57	576	-1.08	
57.56	577	-1.08	
57.55	578	-1.08	
57.53	578	-1.08	
57.52	579	-1.08	
57.50	580	-1.08	
57.49	580	-1.08	
57.48	581	-1.08	
57.46	582	-1.08	
57.45	582	-1.08	
57.43	583	-1.08	
57.42	584	-1.08	
57.40	585	-1.08	
57.39	585	-1.08	
57.38	586	-1.08	
57.36	587	-1.08	
57.35	587	-1.08	
57.33	588	-1.08	
57.32	589	-1.08	
57.30	589	-1.08	
57.29	590	-1.08	
57.28	591	-1.08	
57.26	592	-1.08	
57.25	592	-1.08	
57.23	593	-1.08	
57.22	594	-1.08	
57.20	594	-1.08	
57.19	595	-1.08	
57.18	596	-1.08	
57.16	596	-1.08	
57.15	597	-1.08	
57.13	598	-1.08	
57.12	599	-1.08	
57.10	599	-1.08	
57.09	600	-1.08	
57.08	601	-1.08	
57.06	601	-1.08	
57.05	602	-1.08	
57.03	603	-1.08	
57.02	603	-1.08	
57.00	604	-1.08	
56.99	605	-1.08	
56.98	606	-1.08	
56.96	606	-1.08	
56.95	607	-1.08	
56.93	608	-1.08	
56.92	608	-1.08	
56.91	609	-1.08	
56.89	610	-1.08	
56.88	610	-1.08	
56.86	611	-1.08	
56.85	612	-1.08	
56.83	613	-1.08	
56.82	613	-1.08	
56.81	614	-1.08	
56.79	615	-1.08	
56.78	615	-1.08	
56.76	616	-1.08	
56.75	617	-1.08	
56.73	617	-1.08	
56.72	618	-1.08	
56.71	619	-1.08	
56.69	620	-1.08	
56.68	620	-1.08	
56.66	621	-1.08	
56.65	622	-1.08	
56.64	622	-1.08	
56.62	623	-1.08	
56.61	624	-1.08	
56.59	624	-1.08	
56.58	625	-1.08	
56.56	626	-1.08	
56.55	627	-1.08	
56.54	627	-1.08	
56.52	628	-1.08	
56.51	629	-1.08	
56.49	629	-1.08	
56.48	630	-1.08	
56.46	631	-1.08	
56.45	631	-1.08	
56.44	632	-1.08	
56.42	633	-1.08	
56.41	634	-1.08	
56.39	634	-1.08	
56.38	635	-1.08	
56.36	636	-1.08	
56.35	636	-1.08	
56.34	637	-1.08	
56.32	638	-1.08	
56.31	638	-1.08	
56.29	639	-1.08	
56.28	640	-1.08	
56.26	641	-1.08	
56.25	641	-1.08	
56.24	642	-1.08	
56.22	643	-1.08	
56.21	643	-1.08	
56.19	644	-1.08	
56.18	645	-1.08	
56.16	645	-1.08	
56.15	646	-1.08	
56.14	647	-1.08	
56.12	648	-1.08	
56.11	648	-1.08	
56.09	649	-1.08	
56.08	650	-1.08	
56.07	650	-1.08	
56.05	651	-1.08	
56.04	652	-1.08	
56.02	652	-1.08	
56.01	653	-1.08	
55.99	654	-1.08	
55.98	655	-1.08	
55.97	655	-1.08	
55.95	656	-1.08	
55.94	657	-1.08	
55.92	657	-1.08	
55.91	658	-1.08	
55.89	659	-1.08	
55.88	659	-1.08	
55.87	660	-1.08	
55.85	661	-1.08	
55.84	662	-1.08	
55.82	662	-1.08	
55.81	663	-1.08	
55.80	664	-1.08	
55.78	664	-1.08	
55.77	665	-1.08	
55.75	666	-1.08	
55.74	666	-1.08	
55.72	667	-1.08	
55.71	668	-1.08	
55.70	669	-1.08	
55.68	669	-1.08	
55.67	670	-1.08	
55.65	671	-1.08	
55.64	671	-1.08	
55.62	672	-1.08	
55.61	673	-1.08	
55.60	673	-1.08	
55.58	674	-1.08	
55.57	675	-1.08	
55.55	676	-1.08	
55.54	676	-1.08	
55.53	677	-1.08	
55.51	678	-1.08	
55.50	678	-1.08	
55.48	679	-1.08	
55.47	680	-1.08	
55.45	680	-1.08	
55.44	681	-1.08	
55.43	682	-1.08	
55.41	683	-1.08	
55.40	683	-1.08	
55.38	684	-1.08	
55.37	685	-1.08	
55.36	685	-1.08	
55.34	686	-1.08	
55.33	687	-1.08	
55.31	687	-1.08	
55.30	688	-1.08	
55.28	689	-1.08	
55.27	690	-1.08	
55.25	690	-1.08	
55.24	691	-1.08	
55.23	692	-1.08	
55.21	692	-1.08	
55.20	693	-1.08	
55.18	694	-1.08	
55.17	694	-1.08	
55.16	695	-1.08	
55.14	696	-1.08	
55.13	697	-1.08	
55.11	697	-1.08	
55.10	698	-1.08	
55.09	699	-1.08	
55.07	699	-1.08	
55.06	700	-1.08	
55.04	701	-1.07	
55.03	701	-1.07	
55.01	702	-1.07	
55.00	703	-1.07	
54.99	704	-1.08	
54.97	704	-1.08	
54.96	705	-1.08	
54.94	706	-1.08	
54.93	706	-1.08	
54.91	707	-1.08	
54.90	708	-1.08	
54.89	708	-1.08	
54.87	709	-1.08	
54.86	710	-1.08	
54.84	711	-1.08	
54.83	711	-1.08	
54.81	712	-1.08	
54.80	713	-1.08	
54.79	713	-1.08	
54.77	714	-1.08	
54.76	715	-1.08	
54.74	715	-1.08	
54.73	716	-1.08	
54.72	717	-1.07	
54.70	718	-1.07	
54.69	718	-1.07	
54.67	719	-1.08	
54.66	720	-1.08	
54.65	720	-1.08	
54.63	721	-1.08	
54.62	722	-1.08	
54.60	722	-1.08	
54.59	723	-1.08	
54.57	724	-1.08	
54.56	725	-1.08	
54.55	725	-1.08	
54.53	726	-1.08	
54.52	727	-1.08	
54.50	727	-1.08	
54.49	728	-1.08	
54.47	729	-1.08	
54.46	729	-1.08	
54.45	730	-1.08	
54.43	731	-1.08	
54.42	732	-1.08	
54.40	732	-1.08	
54.39	733	-1.08	
54.37	734	-1.08	
54.36	734	-1.08	
54.35	735	-1.08	
54.33	736	-1.08	
54.32	736	-1.08	
54.30	737	-1.08	
54.29	738	-1.08	
54.27	739	-1.08	
54.26	739	-1.08	
54.25	740	-1.08	
54.23	741	-1.08	
54.22	741	-1.08	
54.20	742	-1.08	
54.19	743	-1.08	
54.18	743	-1.07	
54.16	744	-1.07	
54.15	745	-1.07	
54.13	746	-1.07	
54.12	746	-1.08	
54.11	747	-1.08	
54.09	748	-1.08	
54.08	748	-1.08	
54.06	749	-1.08	
54.05	750	-1.08	
54.03	750	-1.08	
54.02	751	-1.07	
54.01	752	-1.07	
53.99	753	-1.07	
53.98	753	-1.07	
53.96	754	-1.07	
53.95	755	-1.07	
53.93	755	-1.07	
53.92	756	-1.07	
53.91	757	-1.07	
53.89	757	-1.07	
53.88	758	-1.07	
53.86	759	-1.07	
53.85	760	-1.07	
53.84	760	-1.07	
53.82	761	-1.07	
53.81	762	-1.07	
53.79	762	-1.07	
53.78	763	-1.07	
53.77	764	-1.07	
53.75	764	-1.07	
53.74	765	-1.07	
53.72	766	-1.07	
53.71	767	-1.07	
53.69	767	-1.07	
53.68	768	-1.07	
53.67	769	-1.07	
53.65	769	-1.07	
53.64	770	-1.07	
53.62	771	-1.07	
53.61	771	-1.07	
53.60	772	-1.07	
53.58	773	-1.07	
53.57	774	-1.07	
53.55	774	-1.07	
53.54	775	-1.07	
53.52	776	-1.07	
53.51	776	-1.07	
53.49	777	-1.07	
53.48	778	-1.07	
53.47	778	-1.07	
53.45	779	-1.07	
53.44	780	-1.07	
53.42	781	-1.08	
53.41	781	-1.08	
53.39	782	-1.08	
53.38	783	-1.08	
53.37	783	-1.07	
53.35	784	-1.07	
53.34	785	-1.07	
53.33	785	-1.07	
53.31	786	-1.07	
53.30	787	-1.07	
53.28	788	-1.07	
53.27	788	-1.07	
53.25	789	-1.07	
53.24	790	-1.07	
53.23	790	-1.07	
53.21	791	-1.07	
53.20	792	-1.07	
53.18	792	-1.07	
53.17	793	-1.07	
53.16	794	-1.07	
53.14	795	-1.07	
53.13	795	-1.08	
53.11	796	-1.08	
53.10	797	-1.08	
53.08	797	-1.07	
53.07	798	-1.07	
53.06	799	-1.07	
53.04	799	-1.07	
53.03	800	-1.07	
53.01	801	-1.07	
53.00	802	-1.07	
52.98	802	-1.07	
52.97	803	-1.07	
52.96	804	-1.07	
52.94	804	-1.07	
52.93	805	-1.07	
52.91	806	-1.07	
52.90	806	-1.07	
52.88	807	-1.07	
52.87	808	-1.07	
52.86	809	-1.07	
52.84	809	-1.07	
52.83	810	-1.07	
52.81	811	-1.07	
52.80	811	-1.07	
52.79	812	-1.07	
52.77	813	-1.07	
52.76	813	-1.07	
52.74	814	-1.07	
52.73	815	-1.07	
52.71	816	-1.07	
52.70	816	-1.07	
52.69	817	-1.07	
52.67	818	-1.07	
52.66	818	-1.07	
52.64	819	-1.07	
52.63	820	-1.07	
52.61	820	-1.07	
52.60	821	-1.07	
52.59	822	-1.07	
52.57	823	-1.07	
52.56	823	-1.07	
52.54	824	-1.07	
52.53	825	-1.07	
52.52	825	-1.07	
52.50	826	-1.07	
52.49	827	-1.07	
52.47	827	-1.07	
52.46	828	-1.07	
52.45	829	-1.07	
52.43	830	-1.07	
52.42	830	-1.07	
52.40	831	-1.07	
52.39	832	-1.07	
52.37	832	-1.07	
52.36	833	-1.07	
52.35	834	-1.07	
52.33	834	-1.07	
52.32	835	-1.07	
52.30	836	-1.07	
52.29	837	-1.07	
52.28	837	-1.06	
52.26	838	-1.06	
52.25	839	-1.07	
52.23	839	-1.07	
52.22	840	-1.07	
52.20	841	-1.06	
52.19	841	-1.06	
52.18	842	-1.06	
52.16	843	-1.06	
52.15	844	-1.06	
52.13	844	-1.06	
52.12	845	-1.06	
52.10	846	-1.06	
52.09	846	-1.06	
52.08	847	-1.06	
52.06	848	-1.06	
52.05	848	-1.06	
52.03	849	-1.06	
52.02	850	-1.06	
52.01	851	-1.06	
51.99	851	-1.06	
51.98	852	-1.06	
51.96	853	-1.06	
51.95	853	-1.06	
51.94	854	-1.06	
51.92	855	-1.06	
51.91	855	-1.06	
51.89	856	-1.06	
51.88	857	-1.06	
51.86	858	-1.07	
51.85	858	-1.07	
51.84	859	-1.07	
51.82	860	-1.07	
51.81	860	-1.07	
51.79	861	-1.07	
51.78	862	-1.06	
51.76	862	-1.06	
51.75	863	-1.06	
51.74	864	-1.06	
51.72	865	-1.06	
51.71	865	-1.06	
51.69	866	-1.06	
51.68	867	-1.06	
51.66	867	-1.06	
51.65	868	-1.06	
51.64	869	-1.06	
51.62	869	-1.06	
51.61	870	-1.06	
51.59	871	-1.06	
51.58	872	-1.06	
51.57	872	-1.06	
51.55	873	-1.06	
51.54	874	-1.06	
51.52	874	-1.06	
51.51	875	-1.06	
51.49	876	-1.06	
51.48	876	-1.06	
51.47	877	-1.06	
51.45	878	-1.06	
51.44	879	-1.06	
51.42	879	-1.06	
51.41	880	-1.06	
51.40	881	-1.06	
51.38	881	-1.06	
51.37	882	-1.06	
51.35	883	-1.06	
51.34	883	-1.06	
51.33	884	-1.06	
51.31	885	-1.06	
51.30	886	-1.06	
51.28	886	-1.06	
51.27	887	-1.06	
51.25	888	-1.06	
51.24	888	-1.06	
51.23	889	-1.06	
51.21	890	-1.06	
51.20	890	-1.06	
51.18	891	-1.06	
51.17	892	-1.06	
51.15	893	-1.06	
51.14	893	-1.06	
51.13	894	-1.06	
51.11	895	-1.06	
51.10	895	-1.06	
51.08	896	-1.06	
51.07	897	-1.06	
51.06	897	-1.06	
51.04	898	-1.06	
51.03	899	-1.06	
51.01	900	-1.06	
51.00	900	-1.06	
50.99	901	-1.05	
50.97	902	-1.05	
50.96	902	-1.05	
50.94	903	-1.05	
50.93	904	-1.05	
50.91	904	-1.05	
50.90	905	-1.05	
50.89	906	-1.05	
50.87	907	-1.05	
50.86	907	-1.05	
50.84	908	-1.05	
50.83	909	-1.05	
50.82	909	-1.05	
50.80	910	-1.05	
50.79	911	-1.05	
50.77	911	-1.05	
50.76	912	-1.05	
50.74	913	-1.05	
50.73	914	-1.05	
50.71	914	-1.05	
50.70	915	-1.05	
50.69	916	-1.05	
50.67	916	-1.05	
50.66	917	-1.05	
50.64	918	-1.05	
50.63	918	-1.05	
50.62	919	-1.05	
50.60	920	-1.05	
50.59	921	-1.05	
50.57	921	-1.05	
50.56	922	-1.05	
50.55	923	-1.05	
50.53	923	-1.04	
50.52	924	-1.04	
50.50	925	-1.04	
50.49	925	-1.04	
50.47	926	-1.05	
50.46	927	-1.05	
50.45	928	-1.05	
50.43	928	-1.05	
50.42	929	-1.05	
50.40	930	-1.05	
50.39	930	-1.05	
50.38	931	-1.05	
50.36	932	-1.05	
50.35	932	-1.05	
50.33	933	-1.05	
50.32	934	-1.05	
50.30	935	-1.05	
50.29	935	-1.05	
50.28	936	-1.05	
50.26	937	-1.05	
50.25	937	-1.05	
50.23	938	-1.05	
50.22	939	-1.04	
50.20	939	-1.04	
50.19	940	-1.04	
50.18	941	-1.04	
50.16	942	-1.04	
50.15	942	-1.04	
50.13	943	-1.04	
50.12	944	-1.05	
50.11	944	-1.05	
50.09	945	-1.05	
50.08	946	-1.05	
50.06	946	-1.05	
50.05	947	-1.05	
50.04	948	-1.05	
50.02	949	-1.05	
50.01	949	-1.05	
49.99	950	-1.04	
49.98	951	-1.04	
49.96	951	-1.04	
49.95	952	-1.04	
49.94	953	-1.04	
49.92	953	-1.04	
49.91	954	-1.04	
49.89	955	-1.04	
49.88	956	-1.04	
49.86	956	-1.04	
49.85	957	-1.04	
49.84	958	-1.04	
49.82	958	-1.04	
49.81	959	-1.04	
49.79	960	-1.04	
49.78	960	-1.04	
49.77	961	-1.04	
49.75	962	-1.04	
49.74	963	-1.04	
49.72	963	-1.04	
49.71	964	-1.04	
49.69	965	-1.04	
49.68	965	-1.04	
49.67	966	-1.04	
49.65	967	-1.04	
49.64	967	-1.04	
49.62	968	-1.04	
49.61	969	-1.04	
49.60	970	-1.04	
49.58	970	-1.04	
49.57	971	-1.04	
49.55	972	-1.04	
49.54	972	-1.04	
49.52	973	-1.04	
49.51	974	-1.04	
49.50	974	-1.04	
49.48	975	-1.04	
49.47	976	-1.04	
49.45	977	-1.04	
49.44	977	-1.04	
49.43	978	-1.04	
49.41	979	-1.04	
49.40	979	-1.04	
49.38	980	-1.04	
49.37	981	-1.04	
49.35	981	-1.04	
49.34	982	-1.04	
49.33	983	-1.04	
49.31	984	-1.04	
49.30	984	-1.04	
49.28	985	-1.04	
49.27	986	-1.04	
49.25	986	-1.04	
49.24	987	-1.04	
49.23	988	-1.04	
49.21	988	-1.04	
49.20	989	-1.04	
49.18	990	-1.03	
49.17	991	-1.03	
49.16	991	-1.03	
49.14	992	-1.03	
49.13	993	-1.03	
49.11	993	-1.03	
49.10	994	-1.03	
49.09	995	-1.03	
49.07	995	-1.03	
49.06	996	-1.03	
49.04	997	-1.03	
49.03	998	-1.03	
49.01	998	-1.03	
49.00	999	-1.03	
48.99	1000	-1.03	
48.97	1000	-1.03	
48.96	1001	-1.03	
48.94	1002	-1.03	
48.93	1002	-1.03	
48.91	1003	-1.03	
48.90	1004	-1.03	
48.89	1005	-1.03	
48.87	1005	-1.03	
48.86	1006	-1.03	
48.84	1007	-1.03	
48.83	1007	-1.03	
48.81	1008	-1.03	
48.80	1009	-1.03	
48.79	1009	-1.03	
48.77	1010	-1.03	
48.76	1011	-1.03	
48.74	1012	-1.03	
48.73	1012	-1.03	
48.72	1013	-1.03	
48.70	1014	-1.03	
48.69	1014	-1.03	
48.67	1015	-1.03	
48.66	1016	-1.03	
48.65	1016	-1.03	
48.63	1017	-1.03	
48.62	1018	-1.03	
48.60	1019	-1.03	
48.59	1019	-1.03	
48.57	1020	-1.03	
48.56	1021	-1.03	
48.55	1021	-1.03	
48.53	1022	-1.03	
48.52	1023	-1.02	
48.50	1023	-1.02	
48.49	1024	-1.02	
48.47	1025	-1.02	
48.46	1026	-1.02	
48.45	1026	-1.02	
48.43	1027	-1.02	
48.42	1028	-1.02	
48.40	1028	-1.02	
48.39	1029	-1.02	
48.38	1030	-1.02	
48.36	1030	-1.02	
48.35	1031	-1.02	
48.33	1032	-1.02	
48.32	1033	-1.02	
48.31	1033	-1.02	
48.29	1034	-1.02	
48.28	1035	-1.02	
48.26	1035	-1.02	
48.25	1036	-1.02	
48.23	1037	-1.02	
48.22	1037	-1.02	
48.21	1038	-1.02	
48.19	1039	-1.02	
48.18	1040	-1.02	
48.16	1040	-1.02	
48.15	1041	-1.02	
48.13	1042	-1.02	
48.12	1042	-1.02	
48.11	1043	-1.02	
48.09	1044	-1.02	
48.08	1044	-1.02	
48.06	1045	-1.02	
48.05	1046	-1.02	
48.04	1047	-1.02	
48.02	1047	-1.02	
48.01	1048	-1.02	
47.99	1049	-1.02	
47.98	1049	-1.02	
47.96	1050	-1.02	
47.95	1051	-1.02	
47.94	1051	-1.02	
47.92	1052	-1.02	
47.91	1053	-1.02	
47.89	1054	-1.02	
47.88	1054	-1.02	
47.87	1055	-1.02	
47.85	1056	-1.02	
47.84	1056	-1.02	
47.82	1057	-1.01	
47.81	1058	-1.01	
47.80	1058	-1.01	
47.78	1059	-1.01	
47.77	1060	-1.01	
47.75	1061	-1.01	
47.74	1061	-1.01	
47.72	1062	-1.01	
47.71	1063	-1.01	
47.70	1063	-1.01	
47.68	1064	-1.01	
47.67	1065	-1.01	
47.65	1065	-1.01	
47.64	1066	-1.01	
47.62	1067	-1.01	
47.61	1068	-1.01	
47.60	1068	-1.01	
47.58	1069	-1.01	
47.57	1070	-1.01	
47.55	1070	-1.01	
47.54	1071	-1.01	
47.53	1072	-1.01	
47.51	1072	-1.01	
47.50	1073	-1.01	
47.48	1074	-1.01	
47.47	1075	-1.01	
47.45	1075	-1.01	
47.44	1076	-1.01	
47.43	1077	-1.01	
47.41	1077	-1.01	
47.40	1078	-1.01	
47.38	1079	-1.01	
47.37	1079	-1.01	
47.36	1080	-1.01	
47.34	1081	-1.01	
47.33	1082	-1.01	
47.31	1082	-1.01	
47.30	1083	-1.01	
47.29	1084	-1.01	
47.27	1084	-1.01	
47.26	1085	-1.01	
47.24	1086	-1.01	
47.23	1086	-1.01	
47.21	1087	-1.01	
47.20	1088	-1.01	
47.19	1089	-1.01	
47.17	1089	-1.01	
47.16	1090	-1.01	
47.14	1091	-1.01	
47.13	1091	-1.01	
47.11	1092	-1.01	
47.10	1093	-1.00	
47.09	1093	-1.00	
47.07	1094	-1.00	
47.06	1095	-1.00	
47.04	1096	-1.00	
47.03	1096	-1.00	
47.02	1097	-1.00	
47.00	1098	-1.00	
46.99	1098	-1.00	
46.97	1099	-1.00	
46.96	1100	-1.00	
46.94	1100	-1.00	
46.93	1101	-1.00	
46.92	1102	-1.00	
46.90	1103	-1.00	
46.89	1103	-1.00	
46.87	1104	-1.00	
46.86	1105	-1.00	
46.85	1105	-1.00	
46.83	1106	-1.00	
46.82	1107	-1.00	
46.80	1107	-1.00	
46.79	1108	-1.00	
46.77	1109	-1.00	
46.76	1110	-1.00	
46.75	1110	-1.00	
46.73	1111	-1.00	
46.72	1112	-1.00	
46.70	1112	-0.99	
46.69	1113	-0.99	
46.67	1114	-0.99	
46.66	1114	-0.99	
46.65	1115	-0.99	
46.63	1116	-0.99	
46.62	1117	-0.99	
46.60	1117	-0.99	
46.59	1118	-0.99	
46.58	1119	-0.99	
46.56	1119	-0.99	
46.55	1120	-0.99	
46.53	1121	-0.99	
46.52	1121	-0.99	
46.50	1122	-0.99	
46.49	1123	-0.99	
46.48	1124	-0.99	
46.46	1124	-0.99	
46.45	1125	-0.99	
46.43	1126	-0.99	
46.42	1126	-0.99	
46.41	1127	-0.99	
46.39	1128	-0.99	
46.38	1128	-0.99	
46.36	1129	-0.99	
46.35	1130	-0.99	
46.34	1131	-0.99	
46.32	1131	-0.99	
46.31	1132	-0.99	
46.29	1133	-0.99	
46.28	1133	-0.99	
46.26	1134	-0.99	
46.25	1135	-0.99	
46.23	1135	-0.98	
46.22	1136	-0.98	
46.21	1137	-0.98	
46.19	1138	-0.98	
46.18	1138	-0.98	
46.16	1139	-0.98	
46.15	1140	-0.98	
46.14	1140	-0.98	
46.12	1141	-0.98	
46.11	1142	-0.98	
46.09	1142	-0.98	
46.08	1143	-0.98	
46.07	1144	-0.98	
46.05	1145	-0.98	
46.04	1145	-0.98	
46.02	1146	-0.98	
46.01	1147	-0.98	
46.00	1147	-0.98	
45.98	1148	-0.98	
45.97	1149	-0.98	
45.95	1149	-0.98	
45.94	1150	-0.98	
45.92	1151	-0.98	
45.91	1152	-0.98	
45.90	1152	-0.98	
45.88	1153	-0.97	
45.87	1154	-0.97	
45.85	1154	-0.97	
45.84	1155	-0.97	
45.82	1156	-0.97	
45.81	1156	-0.97	
45.80	1157	-0.97	
45.78	1158	-0.97	
45.77	1159	-0.97	
45.75	1159	-0.97	
45.74	1160	-0.97	
45.73	1161	-0.97	
45.71	1161	-0.97	
45.70	1162	-0.97	
45.68	1163	-0.97	
45.67	1163	-0.97	
45.65	1164	-0.97	
45.64	1165	-0.97	
45.63	1166	-0.97	
45.61	1166	-0.97	
45.60	1167	-0.97	
45.58	1168	-0.97	
45.57	1168	-0.97	
45.56	1169	-0.97	
45.54	1170	-0.97	
45.53	1170	-0.97	
45.51	1171	-0.97	
45.50	1172	-0.97	
45.48	1173	-0.97	
45.47	1173	-0.97	
45.46	1174	-0.97	
45.44	1175	-0.97	
45.43	1175	-0.96	
45.41	1176	-0.96	
45.40	1177	-0.96	
45.39	1177	-0.96	
45.37	1178	-0.96	
45.36	1179	-0.96	
45.34	1180	-0.96	
45.33	1180	-0.96	
45.31	1181	-0.96	
45.30	1182	-0.96	
45.29	1182	-0.96	
45.27	1183	-0.96	
45.26	1184	-0.96	
45.24	1184	-0.96	
45.23	1185	-0.96	
45.22	1186	-0.96	
45.20	1187	-0.96	
45.19	1187	-0.96	
45.17	1188	-0.96	
45.16	1189	-0.96	
45.14	1189	-0.96	
45.13	1190	-0.96	
45.12	1191	-0.96	
45.10	1191	-0.96	
45.09	1192	-0.96	
45.07	1193	-0.96	
45.06	1194	-0.96	
45.05	1194	-0.96	
45.03	1195	-0.95	
45.02	1196	-0.95	
45.00	1196	-0.95	
44.99	1197	-0.95	
44.98	1198	-0.95	
44.96	1198	-0.95	
44.95	1199	-0.95	
44.93	1200	-0.95	
44.92	1201	-0.95	
44.90	1201	-0.95	
44.89	1202	-0.95	
44.88	1203	-0.95	
44.86	1203	-0.95	
44.85	1204	-0.95	
44.83	1205	-0.95	
44.82	1205	-0.95	
44.80	1206	-0.94	
44.79	1207	-0.95	
44.78	1208	-0.95	
44.76	1208	-0.94	
44.75	1209	-0.94	
44.73	1210	-0.94	
44.72	1210	-0.94	
44.71	1211	-0.94	
44.69	1212	-0.94	
44.68	1212	-0.94	
44.66	1213	-0.94	
44.65	1214	-0.94	
44.64	1215	-0.94	
44.62	1215	-0.94	
44.61	1216	-0.94	
44.59	1217	-0.94	
44.58	1217	-0.94	
44.56	1218	-0.94	
44.55	1219	-0.94	
44.54	1219	-0.94	
44.52	1220	-0.94	
44.51	1221	-0.94	
44.49	1222	-0.94	
44.48	1222	-0.94	
44.46	1223	-0.94	
44.45	1224	-0.94	
44.44	1224	-0.93	
44.42	1225	-0.93	
44.41	1226	-0.94	
44.39	1226	-0.94	
44.38	1227	-0.94	
44.36	1228	-0.94	
44.35	1229	-0.94	
44.34	1229	-0.93	
44.32	1230	-0.93	
44.31	1231	-0.93	
44.29	1231	-0.93	
44.28	1232	-0.93	
44.27	1233	-0.93	
44.25	1233	-0.93	
44.24	1234	-0.93	
44.22	1235	-0.93	
44.21	1236	-0.93	
44.20	1236	-0.93	
44.18	1237	-0.93	
44.17	1238	-0.93	
44.15	1238	-0.93	
44.14	1239	-0.93	
44.12	1240	-0.92	
44.11	1240	-0.92	
44.10	1241	-0.92	
44.08	1242	-0.92	
44.07	1243	-0.92	
44.05	1243	-0.92	
44.04	1244	-0.92	
44.03	1245	-0.93	
44.01	1245	-0.93	
44.00	1246	-0.93	
43.98	1247	-0.93	
43.97	1247	-0.92	
43.95	1248	-0.92	
43.94	1249	-0.92	
43.93	1250	-0.92	
43.91	1250	-0.92	
43.90	1251	-0.92	
43.88	1252	-0.92	
43.87	1252	-0.92	
43.85	1253	-0.92	
43.84	1254	-0.92	
43.83	1254	-0.92	
43.81	1255	-0.91	
43.80	1256	-0.91	
43.78	1257	-0.91	
43.77	1257	-0.91	
43.76	1258	-0.91	
43.74	1259	-0.91	
43.73	1259	-0.91	
43.71	1260	-0.91	
43.70	1261	-0.91	
43.69	1261	-0.91	
43.67	1262	-0.91	
43.66	1263	-0.91	
43.64	1264	-0.91	
43.63	1264	-0.91	
43.62	1265	-0.91	
43.60	1266	-0.91	
43.59	1266	-0.91	
43.57	1267	-0.90	
43.56	1268	-0.90	
43.54	1268	-0.90	
43.53	1269	-0.90	
43.52	1270	-0.90	
43.50	1271	-0.90	
43.49	1271	-0.90	
43.47	1272	-0.90	
43.46	1273	-0.90	
43.44	1273	-0.90	
43.43	1274	-0.90	
43.42	1275	-0.90	
43.40	1275	-0.90	
43.39	1276	-0.90	
43.37	1277	-0.89	
43.36	1278	-0.89	
43.34	1278	-0.89	
43.33	1279	-0.89	
43.32	1280	-0.89	
43.30	1280	-0.89	
43.29	1281	-0.89	
43.27	1282	-0.89	
43.26	1282	-0.89	
43.25	1283	-0.89	
43.23	1284	-0.89	
43.22	1285	-0.89	
43.20	1285	-0.89	
43.19	1286	-0.89	
43.17	1287	-0.89	
43.16	1287	-0.89	
43.15	1288	-0.89	
43.13	1289	-0.89	
43.12	1289	-0.88	
43.10	1290	-0.88	
43.09	1291	-0.88	
43.08	1292	-0.88	
43.06	1292	-0.88	
43.05	1293	-0.88	
43.03	1294	-0.88	
43.02	1294	-0.88	
43.00	1295	-0.88	
42.99	1296	-0.88	
42.98	1296	-0.88	
42.96	1297	-0.88	
42.95	1298	-0.88	
42.93	1299	-0.88	
42.92	1299	-0.88	
42.91	1300	-0.87	
42.89	1301	-0.87	
42.88	1301	-0.87	
42.86	1302	-0.87	
42.85	1303	-0.87	
42.83	1303	-0.87	
42.82	1304	-0.87	
42.81	1305	-0.87	
42.79	1306	-0.87	
42.78	1306	-0.87	
42.76	1307	-0.87	
42.75	1308	-0.87	
42.73	1308	-0.87	
42.72	1309	-0.87	
42.71	1310	-0.87	
42.69	1310	-0.87	
42.68	1311	-0.87	
42.66	1312	-0.87	
42.65	1313	-0.87	
42.64	1313	-0.86	
42.62	1314	-0.86	
42.61	1315	-0.86	
42.59	1315	-0.86	
42.58	1316	-0.86	
42.57	1317	-0.86	
42.55	1317	-0.86	
42.54	1318	-0.86	
42.52	1319	-0.86	
42.51	1320	-0.86	
42.50	1320	-0.86	
42.48	1321	-0.86	
42.47	1322	-0.86	
42.45	1322	-0.86	
42.44	1323	-0.86	
42.42	1324	-0.86	
42.41	1324	-0.86	
42.40	1325	-0.85	
42.38	1326	-0.85	
42.37	1327	-0.85	
42.35	1327	-0.85	
42.34	1328	-0.85	
42.32	1329	-0.85	
42.31	1329	-0.85	
42.30	1330	-0.85	
42.28	1331	-0.85	
42.27	1331	-0.85	
42.25	1332	-0.84	
42.24	1333	-0.84	
42.23	1334	-0.84	
42.21	1334	-0.84	
42.20	1335	-0.84	
42.18	1336	-0.84	
42.17	1336	-0.84	
42.15	1337	-0.84	
42.14	1338	-0.84	
42.13	1338	-0.84	
42.11	1339	-0.84	
42.10	1340	-0.84	
42.08	1341	-0.84	
42.07	1341	-0.83	
42.06	1342	-0.83	
42.04	1343	-0.83	
42.03	1343	-0.83	
42.01	1344	-0.83	
42.00	1345	-0.83	
41.98	1345	-0.83	
41.97	1346	-0.83	
41.96	1347	-0.83	
41.94	1348	-0.83	
41.93	1348	-0.83	
41.91	1349	-0.82	
41.90	1350	-0.82	
41.89	1350	-0.82	
41.87	1351	-0.82	
41.86	1352	-0.82	
41.84	1352	-0.82	
41.83	1353	-0.82	
41.82	1354	-0.82	
41.80	1355	-0.82	
41.79	1355	-0.81	
41.77	1356	-0.81	
41.76	1357	-0.81	
41.74	1357	-0.81	
41.73	1358	-0.81	
41.72	1359	-0.81	
41.70	1359	-0.81	
41.69	1360	-0.81	
41.67	1361	-0.81	
41.66	1362	-0.81	
41.64	1362	-0.81	
41.63	1363	-0.81	
41.62	1364	-0.81	
41.60	1364	-0.80	
41.59	1365	-0.80	
41.57	1366	-0.80	
41.56	1366	-0.80	
41.55	1367	-0.80	
41.53	1368	-0.80	
41.52	1369	-0.80	
41.50	1369	-0.80	
41.49	1370	-0.80	
41.48	1371	-0.80	
41.46	1371	-0.80	
41.45	1372	-0.80	
41.43	1373	-0.80	
41.42	1373	-0.80	
41.40	1374	-0.79	
41.39	1375	-0.79	
41.38	1376	-0.79	
41.36	1376	-0.79	
41.35	1377	-0.79	
41.33	1378	-0.79	
41.32	1378	-0.79	
41.31	1379	-0.79	
41.29	1380	-0.79	
41.28	1380	-0.79	
41.26	1381	-0.79	
41.25	1382	-0.78	
41.23	1383	-0.78	
41.22	1383	-0.78	
41.21	1384	-0.78	
41.19	1385	-0.78	
41.18	1385	-0.78	
41.16	1386	-0.78	
41.15	1387	-0.78	
41.13	1387	-0.78	
41.12	1388	-0.78	
41.11	1389	-0.77	
41.09	1390	-0.77	
41.08	1390	-0.77	
41.06	1391	-0.77	
41.05	1392	-0.77	
41.04	1392	-0.77	
41.02	1393	-0.77	
41.01	1394	-0.77	
40.99	1394	-0.77	
40.98	1395	-0.77	
40.97	1396	-0.76	
40.95	1397	-0.76	
40.94	1397	-0.76	
40.92	1398	-0.76	
40.91	1399	-0.76	
40.89	1399	-0.76	
40.88	1400	-0.76	
40.87	1401	-0.76	
40.85	1401	-0.76	
40.84	1402	-0.75	
40.82	1403	-0.75	
40.81	1404	-0.75	
40.79	1404	-0.75	
40.78	1405	-0.75	
40.77	1406	-0.75	
40.75	1406	-0.75	
40.74	1407	-0.75	
40.72	1408	-0.75	
40.71	1408	-0.75	
40.70	1409	-0.74	
40.68	1410	-0.74	
40.67	1411	-0.74	
40.65	1411	-0.74	
40.64	1412	-0.74	
40.62	1413	-0.74	
40.61	1413	-0.74	
40.60	1414	-0.74	
40.58	1415	-0.74	
40.57	1415	-0.73	
40.55	1416	-0.73	
40.54	1417	-0.73	
40.52	1418	-0.73	
40.51	1418	-0.73	
40.50	1419	-0.73	
40.48	1420	-0.73	
40.47	1420	-0.73	
40.45	1421	-0.73	
40.44	1422	-0.72	
40.43	1422	-0.72	
40.41	1423	-0.72	
40.40	1424	-0.72	
40.38	1425	-0.72	
40.37	1425	-0.72	
40.36	1426	-0.72	
40.34	1427	-0.72	
40.33	1427	-0.72	
40.31	1428	-0.71	
40.30	1429	-0.71	
40.28	1429	-0.71	
40.27	1430	-0.71	
40.26	1431	-0.71	
40.24	1432	-0.71	
40.23	1432	-0.71	
40.21	1433	-0.71	
40.20	1434	-0.71	
40.19	1434	-0.70	
40.17	1435	-0.70	
40.16	1436	-0.70	
40.14	1436	-0.70	
40.13	1437	-0.70	
40.12	1438	-0.70	
40.10	1439	-0.70	
40.09	1439	-0.70	
40.07	1440	-0.70	
40.06	1441	-0.70	
40.04	1441	-0.69	
40.03	1442	-0.69	
40.02	1443	-0.69	
40.00	1443	-0.69	
39.99	1444	-0.69	
39.97	1445	-0.69	
39.96	1446	-0.69	
39.94	1446	-0.68	
39.93	1447	-0.68	
39.92	1448	-0.68	
39.90	1448	-0.68	
39.89	1449	-0.68	
39.87	1450	-0.68	
39.86	1450	-0.68	
39.85	1451	-0.68	
39.83	1452	-0.67	
39.82	1453	-0.67	
39.80	1453	-0.67	
39.79	1454	-0.67	
39.78	1455	-0.67	
39.76	1455	-0.67	
39.75	1456	-0.67	
39.73	1457	-0.67	
39.72	1457	-0.66	
39.70	1458	-0.66	
39.69	1459	-0.66	
39.68	1460	-0.66	
39.66	1460	-0.66	
39.65	1461	-0.66	
39.63	1462	-0.65	
39.62	1462	-0.65	
39.60	1463	-0.65	
39.59	1464	-0.65	
39.58	1464	-0.65	
39.56	1465	-0.65	
39.55	1466	-0.65	
39.53	1467	-0.64	
39.52	1467	-0.64	
39.51	1468	-0.64	
39.49	1469	-0.64	
39.48	1469	-0.64	
39.46	1470	-0.64	
39.45	1471	-0.64	
39.44	1471	-0.64	
39.42	1472	-0.63	
39.41	1473	-0.63	
39.39	1474	-0.63	
39.38	1474	-0.63	
39.36	1475	-0.63	
39.35	1476	-0.63	
39.34	1476	-0.63	
39.32	1477	-0.63	
39.31	1478	-0.62	
39.29	1478	-0.62	
39.28	1479	-0.62	
39.27	1480	-0.62	
39.25	1481	-0.62	
39.24	1481	-0.62	
39.22	1482	-0.61	
39.21	1483	-0.61	
39.19	1483	-0.61	
39.18	1484	-0.61	
39.17	1485	-0.61	
39.15	1485	-0.61	
39.14	1486	-0.61	
39.12	1487	-0.60	
39.11	1488	-0.60	
39.09	1488	-0.60	
39.08	1489	-0.60	
39.07	1490	-0.60	
39.05	1490	-0.60	
39.04	1491	-0.60	
39.02	1492	-0.59	
39.01	1492	-0.59	
39.00	1493	-0.59	
38.98	1494	-0.59	
38.97	1495	-0.59	
38.95	1495	-0.59	
38.94	1496	-0.58	
38.92	1497	-0.58	
38.91	1497	-0.58	
38.90	1498	-0.58	
38.88	1499	-0.58	
38.87	1499	-0.58	
38.85	1500	-0.58	
38.84	1501	-0.58	
38.83	1502	-0.58	
38.81	1502	-0.57	
38.80	1503	-0.57	
38.78	1504	-0.57	
38.77	1504	-0.57	
38.75	1505	-0.57	
38.74	1506	-0.57	
38.73	1506	-0.56	
38.71	1507	-0.56	
38.70	1508	-0.56	
38.68	1509	-0.56	
38.67	1509	-0.56	
38.66	1510	-0.55	
38.64	1511	-0.55	
38.63	1511	-0.55	
38.61	1512	-0.55	
38.60	1513	-0.55	
38.59	1513	-0.55	
38.57	1514	-0.55	
38.56	1515	-0.54	
38.54	1516	-0.54	
38.53	1516	-0.54	
38.51	1517	-0.54	
38.50	1518	-0.54	
38.49	1518	-0.54	
38.47	1519	-0.53	
38.46	1520	-0.53	
38.44	1520	-0.53	
38.43	1521	-0.53	
38.42	1522	-0.53	
38.40	1523	-0.52	
38.39	1523	-0.52	
38.37	1524	-0.52	
38.36	1525	-0.51	
38.34	1525	-0.51	
38.33	1526	-0.51	
38.32	1527	-0.51	
38.30	1527	-0.51	
38.29	1528	-0.51	
38.27	1529	-0.50	
38.26	1530	-0.50	
38.25	1530	-0.50	
38.23	1531	-0.50	
38.22	1532	-0.50	
38.20	1532	-0.50	
38.19	1533	-0.49	
38.17	1534	-0.49	
38.16	1534	-0.49	
38.15	1535	-0.49	
38.13	1536	-0.49	
38.12	1537	-0.48	
38.10	1537	-0.48	
38.09	1538	-0.48	
38.08	1539	-0.48	
38.06	1539	-0.48	
38.05	1540	-0.48	
38.03	1541	-0.47	
38.02	1541	-0.47	
38.00	1542	-0.47	
37.99	1543	-0.47	
37.98	1544	-0.47	
37.96	1544	-0.46	
37.95	1545	-0.46	
37.93	1546	-0.46	
37.92	1546	-0.46	
37.91	1547	-0.46	
37.89	1548	-0.46	
37.88	1548	-0.45	
37.86	1549	-0.45	
37.85	1550	-0.45	
37.84	1551	-0.45	
37.82	1551	-0.45	
37.81	1552	-0.44	
37.79	1553	-0.44	
37.78	1553	-0.44	
37.76	1554	-0.44	
37.75	1555	-0.43	
37.74	1555	-0.43	
37.72	1556	-0.43	
37.71	1557	-0.43	
37.69	1558	-0.43	
37.68	1558	-0.42	
37.66	1559	-0.42	
37.65	1560	-0.42	
37.64	1560	-0.42	
37.62	1561	-0.42	
37.61	1562	-0.41	
37.59	1562	-0.41	
37.58	1563	-0.41	
37.56	1564	-0.41	
37.55	1565	-0.41	
37.54	1565	-0.40	
37.52	1566	-0.40	
37.51	1567	-0.40	
37.49	1567	-0.40	
37.48	1568	-0.40	
37.47	1569	-0.39	
37.45	1569	-0.39	
37.44	1570	-0.39	
37.42	1571	-0.39	
37.41	1572	-0.39	
37.40	1572	-0.38	
37.38	1573	-0.38	
37.37	1574	-0.38	
37.35	1574	-0.37	
37.34	1575	-0.37	
37.33	1576	-0.37	
37.31	1576	-0.37	
37.30	1577	-0.36	
37.28	1578	-0.36	
37.27	1579	-0.36	
37.25	1579	-0.36	
37.24	1580	-0.35	
37.23	1581	-0.35	
37.21	1581	-0.35	
37.20	1582	-0.35	
37.18	1583	-0.34	
37.17	1583	-0.34	
37.16	1584	-0.34	
37.14	1585	-0.34	
37.13	1586	-0.33	
37.11	1586	-0.33	
37.10	1587	-0.33	
37.08	1588	-0.33	
37.07	1588	-0.33	
37.06	1589	-0.33	
37.04	1590	-0.32	
37.03	1590	-0.32	
37.01	1591	-0.32	
37.00	1592	-0.32	
36.98	1593	-0.31	
36.97	1593	-0.31	
36.96	1594	-0.31	
36.94	1595	-0.31	
36.93	1595	-0.30	
36.91	1596	-0.30	
36.90	1597	-0.30	
36.88	1597	-0.29	
36.87	1598	-0.29	
36.86	1599	-0.29	
36.84	1600	-0.29	
36.83	1600	-0.28	
36.81	1601	-0.28	
36.80	1602	-0.28	
36.79	1602	-0.28	
36.77	1603	-0.28	
36.76	1604	-0.27	
36.74	1604	-0.27	
36.73	1605	-0.27	
36.72	1606	-0.26	
36.70	1607	-0.26	
36.69	1607	-0.26	
36.67	1608	-0.26	
36.66	1609	-0.25	
36.64	1609	-0.25	
36.63	1610	-0.25	
36.62	1611	-0.25	
36.60	1611	-0.24	
36.59	1612	-0.24	
36.57	1613	-0.24	
36.56	1614	-0.23	
36.55	1614	-0.23	
36.53	1615	-0.23	
36.52	1616	-0.23	
36.50	1616	-0.23	
36.49	1617	-0.22	
36.48	1618	-0.22	
36.46	1618	-0.22	
36.45	1619	-0.21	
36.43	1620	-0.21	
36.42	1621	-0.21	
36.40	1621	-0.20	
36.39	1622	-0.20	
36.38	1623	-0.20	
36.36	1623	-0.20	
36.35	1624	-0.19	
36.33	1625	-0.19	
36.32	1625	-0.19	
36.31	1626	-0.18	
36.29	1627	-0.18	
36.28	1628	-0.18	
36.26	1628	-0.18	
36.25	1629	-0.17	
36.23	1630	-0.17	
36.22	1630	-0.17	
36.21	1631	-0.16	
36.19	1632	-0.16	
36.18	1632	-0.16	
36.16	1633	-0.15	
36.15	1634	-0.15	
36.14	1635	-0.15	
36.12	1635	-0.15	
36.11	1636	-0.14	
36.09	1637	-0.14	
36.08	1637	-0.14	
36.06	1638	-0.14	
36.05	1639	-0.13	
36.04	1639	-0.13	
36.02	1640	-0.12	
36.01	1641	-0.12	
35.99	1642	-0.12	
35.98	1642	-0.11	
35.96	1643	-0.11	
35.95	1644	-0.11	
35.94	1644	-0.11	
35.92	1645	-0.10	
35.91	1646	-0.10	
35.89	1646	-0.10	
35.88	1647	-0.09	
35.87	1648	-0.09	
35.85	1649	-0.09	
35.84	1649	-0.08	
35.82	1650	-0.08	
35.81	1651	-0.08	
35.79	1651	-0.07	
35.78	1652	-0.07	
35.76	1653	-0.07	
35.75	1653	-0.06	
35.73	1654	-0.06	
35.72	1655	-0.06	
35.70	1656	-0.05	
35.69	1656	-0.05	
35.68	1657	-0.05	
35.66	1658	-0.05	
35.65	1658	-0.04	
35.63	1659	-0.04	
35.62	1660	-0.04	
35.60	1660	-0.03	
35.59	1661	-0.03	
35.58	1662	-0.03	
35.56	1663	-0.02	
35.55	1663	-0.02	
35.53	1664	-0.01	
35.52	1665	-0.01	
35.51	1665	-0.01	
35.49	1666	-0.00	
35.48	1667	-0.00	
35.46	1667	0.00	
35.45	1668	0.00	
35.44	1669	0.01	
35.42	1670	0.01	
35.41	1670	0.01	
35.39	1671	0.02	
35.38	1672	0.02	
35.36	1672	0.02	
35.35	1673	0.03	
35.34	1674	0.03	
35.32	1674	0.03	
35.31	1675	0.04	
35.29	1676	0.04	
35.28	1677	0.04	
35.26	1677	0.05	
35.25	1678	0.05	
35.24	1679	0.05	
35.22	1679	0.06	
35.21	1680	0.06	
35.19	1681	0.06	
35.18	1681	0.07	
35.17	1682	0.07	
35.15	1683	0.07	
35.14	1684	0.08	
35.12	1684	0.08	
35.11	1685	0.09	
35.10	1686	0.09	
35.08	1686	0.10	
35.07	1687	0.10	
35.05	1688	0.11	
35.04	1688	0.11	
35.02	1689	0.11	
35.01	1690	0.11	
35.00	1691	0.12	
34.98	1691	0.12	
34.97	1692	0.12	
34.95	1693	0.13	
34.94	1693	0.13	
34.92	1694	0.14	
34.91	1695	0.14	
34.90	1695	0.14	
34.88	1696	0.15	
34.87	1697	0.15	
34.85	1698	0.16	
34.84	1698	0.16	
34.83	1699	0.16	
34.81	1700	0.17	
34.80	1700	0.17	
34.78	1701	0.17	
34.77	1702	0.18	
34.75	1702	0.18	
34.74	1703	0.19	
34.73	1704	0.19	
34.71	1705	0.19	
34.70	1705	0.20	
34.68	1706	0.20	
34.67	1707	0.21	
34.66	1707	0.21	
34.64	1708	0.22	
34.63	1709	0.22	
34.61	1709	0.22	
34.60	1710	0.23	
34.59	1711	0.23	
34.57	1712	0.23	
34.56	1712	0.24	
34.54	1713	0.24	
34.53	1714	0.25	
34.52	1714	0.25	
34.50	1715	0.25	
34.49	1716	0.26	
34.47	1716	0.26	
34.46	1717	0.27	
34.44	1718	0.27	
34.43	1719	0.28	
34.42	1719	0.28	
34.40	1720	0.29	
34.39	1721	0.29	
34.37	1721	0.29	
34.36	1722	0.30	
34.35	1723	0.30	
34.33	1723	0.31	
34.32	1724	0.31	
34.30	1725	0.31	
34.29	1726	0.32	
34.27	1726	0.32	
34.26	1727	0.33	
34.25	1728	0.33	
34.23	1728	0.34	
34.22	1729	0.34	
34.20	1730	0.35	
34.19	1730	0.35	
34.18	1731	0.35	
34.16	1732	0.36	
34.15	1733	0.36	
34.13	1733	0.37	
34.12	1734	0.37	
34.11	1735	0.37	
34.09	1735	0.38	
34.08	1736	0.38	
34.06	1737	0.39	
34.05	1737	0.39	
34.03	1738	0.40	
34.02	1739	0.40	
34.01	1740	0.41	
33.99	1740	0.41	
33.98	1741	0.42	
33.96	1742	0.42	
33.95	1742	0.43	
33.94	1743	0.43	
33.92	1744	0.43	
33.91	1744	0.44	
33.89	1745	0.44	
33.88	1746	0.45	
33.86	1747	0.45	
33.85	1747	0.46	
33.84	1748	0.46	
33.82	1749	0.47	
33.81	1749	0.47	
33.79	1750	0.47	
33.78	1751	0.48	
33.77	1751	0.48	
33.75	1752	0.49	
33.74	1753	0.50	
33.72	1754	0.50	
33.71	1754	0.51	
33.69	1755	0.51	
33.68	1756	0.52	
33.67	1756	0.52	
33.65	1757	0.53	
33.64	1758	0.53	
33.62	1758	0.54	
33.61	1759	0.54	
33.60	1760	0.55	
33.58	1761	0.55	
33.57	1761	0.56	
33.55	1762	0.56	
33.54	1763	0.57	
33.53	1763	0.57	
33.51	1764	0.57	
33.50	1765	0.58	
33.48	1765	0.58	
33.47	1766	0.59	
33.45	1767	0.59	
33.44	1768	0.60	
33.43	1768	0.61	
33.41	1769	0.61	
33.40	1770	0.62	
33.38	1770	0.62	
33.37	1771	0.63	
33.35	1772	0.63	
33.34	1772	0.63	
33.33	1773	0.64	
33.31	1774	0.64	
33.30	1775	0.65	
33.28	1775	0.66	
33.27	1776	0.66	
33.25	1777	0.66	
33.24	1777	0.67	
33.23	1778	0.67	
33.21	1779	0.68	
33.20	1779	0.69	
33.18	1780	0.69	
33.17	1781	0.70	
33.16	1782	0.70	
33.14	1782	0.71	
33.13	1783	0.71	
33.11	1784	0.72	
33.10	1784	0.73	
33.09	1785	0.73	
33.07	1786	0.74	
33.06	1786	0.74	
33.04	1787	0.75	
33.03	1788	0.75	
33.02	1789	0.76	
33.00	1789	0.76	
32.99	1790	0.77	
32.97	1791	0.77	
32.96	1791	0.78	
32.94	1792	0.78	
32.93	1793	0.79	
32.92	1793	0.80	
32.90	1794	0.80	
32.89	1795	0.81	
32.87	1796	0.81	
32.86	1796	0.82	
32.85	1797	0.82	
32.83	1798	0.83	
32.82	1798	0.84	
32.80	1799	0.84	
32.79	1800	0.85	
32.77	1800	0.85	
32.76	1801	0.86	
32.75	1802	0.86	
32.73	1803	0.87	
32.72	1803	0.87	
32.70	1804	0.88	
32.69	1805	0.89	
32.68	1805	0.89	
32.66	1806	0.90	
32.65	1807	0.90	
32.63	1807	0.91	
32.62	1808	0.92	
32.61	1809	0.92	
32.59	1810	0.93	
32.58	1810	0.93	
32.56	1811	0.94	
32.55	1812	0.95	
32.53	1812	0.95	
32.52	1813	0.96	
32.51	1814	0.96	
32.49	1814	0.97	
32.48	1815	0.97	
32.46	1816	0.98	
32.45	1817	0.99	
32.43	1817	1.00	
32.42	1818	1.00	
32.41	1819	1.01	
32.39	1819	1.02	
32.38	1820	1.02	
32.36	1821	1.03	
32.35	1821	1.04	
32.34	1822	1.04	
32.32	1823	1.05	
32.31	1824	1.05	
32.29	1824	1.06	
32.28	1825	1.06	
32.26	1826	1.07	
32.25	1826	1.08	
32.24	1827	1.08	
32.22	1828	1.09	
32.21	1828	1.10	
32.19	1829	1.10	
32.18	1830	1.11	
32.17	1831	1.11	
32.15	1831	1.12	
32.14	1832	1.13	
32.12	1833	1.13	
32.11	1833	1.14	
32.10	1834	1.15	
32.08	1835	1.15	
32.07	1835	1.16	
32.05	1836	1.17	
32.04	1837	1.17	
32.03	1838	1.18	
32.01	1838	1.19	
32.00	1839	1.19	
31.98	1840	1.20	
31.97	1840	1.20	
31.95	1841	1.21	
31.94	1842	1.22	
31.93	1842	1.22	
31.91	1843	1.23	
31.90	1844	1.24	
31.88	1845	1.24	
31.87	1845	1.25	
31.86	1846	1.26	
31.84	1847	1.26	
31.83	1847	1.27	
31.81	1848	1.28	
31.80	1849	1.28	
31.78	1849	1.29	
31.77	1850	1.30	
31.76	1851	1.30	
31.74	1852	1.31	
31.73	1852	1.32	
31.71	1853	1.32	
31.70	1854	1.33	
31.69	1854	1.34	
31.67	1855	1.35	
31.66	1856	1.35	
31.64	1856	1.36	
31.63	1857	1.37	
31.61	1858	1.37	
31.60	1859	1.38	
31.59	1859	1.39	
31.57	1860	1.39	
31.56	1861	1.40	
31.54	1861	1.41	
31.53	1862	1.42	
31.52	1863	1.42	
31.50	1863	1.43	
31.49	1864	1.43	
31.47	1865	1.44	
31.46	1866	1.45	
31.45	1866	1.45	
31.43	1867	1.46	
31.42	1868	1.47	
31.40	1868	1.48	
31.39	1869	1.48	
31.37	1870	1.49	
31.36	1870	1.50	
31.35	1871	1.50	
31.33	1872	1.51	
31.32	1873	1.52	
31.30	1873	1.53	
31.29	1874	1.54	
31.28	1875	1.54	
31.26	1875	1.55	
31.25	1876	1.56	
31.23	1877	1.57	
31.22	1877	1.57	
31.21	1878	1.58	
31.19	1879	1.59	
31.18	1880	1.59	
31.16	1880	1.60	
31.15	1881	1.61	
31.13	1882	1.61	
31.12	1882	1.62	
31.11	1883	1.63	
31.09	1884	1.64	
31.08	1884	1.65	
31.06	1885	1.65	
31.05	1886	1.66	
31.04	1887	1.67	
31.02	1887	1.68	
31.01	1888	1.68	
30.99	1889	1.69	
30.98	1889	1.70	
30.96	1890	1.71	
30.95	1891	1.71	
30.94	1891	1.72	
30.92	1892	1.73	
30.91	1893	1.74	
30.89	1894	1.74	
30.88	1894	1.75	
30.87	1895	1.76	
30.85	1896	1.77	
30.84	1896	1.77	
30.82	1897	1.78	
30.81	1898	1.79	
30.80	1898	1.80	
30.78	1899	1.80	
30.77	1900	1.81	
30.75	1901	1.82	
30.74	1901	1.83	
30.73	1902	1.83	
30.71	1903	1.84	
30.70	1903	1.85	
30.68	1904	1.86	
30.67	1905	1.87	
30.65	1905	1.88	
30.64	1906	1.88	
30.63	1907	1.89	
30.61	1908	1.90	
30.60	1908	1.91	
30.58	1909	1.91	
30.57	1910	1.92	
30.55	1910	1.93	
30.54	1911	1.93	
30.53	1912	1.94	
30.51	1912	1.95	
30.50	1913	1.96	
30.48	1914	1.97	
30.47	1915	1.97	
30.46	1915	1.98	
30.44	1916	1.99	
30.43	1917	2.00	
30.41	1917	2.01	
30.40	1918	2.02	
30.39	1919	2.02	
30.37	1919	2.03	
30.36	1920	2.04	
30.34	1921	2.05	
30.33	1922	2.06	
30.31	1922	2.06	
30.30	1923	2.07	
30.29	1924	2.08	
30.27	1924	2.09	
30.26	1925	2.10	
30.24	1926	2.10	
30.23	1926	2.11	
30.22	1927	2.12	
30.20	1928	2.13	
30.19	1929	2.14	
30.17	1929	2.15	
30.16	1930	2.15	
30.14	1931	2.16	
30.13	1931	2.17	
30.12	1932	2.18	
30.10	1933	2.19	
30.09	1933	2.19	
30.07	1934	2.20	
30.06	1935	2.21	
30.04	1936	2.22	
30.03	1936	2.23	
30.02	1937	2.24	
30.00	1938	2.24	
29.99	1938	2.25	
29.97	1939	2.26	
29.96	1940	2.27	
29.95	1940	2.27	
29.93	1941	2.28	
29.92	1942	2.29	
29.90	1943	2.30	
29.89	1943	2.31	
29.88	1944	2.32	
29.86	1945	2.32	
29.85	1945	2.33	
29.83	1946	2.34	
29.82	1947	2.35	
29.81	1947	2.36	
29.79	1948	2.37	
29.78	1949	2.38	
29.76	1950	2.39	
29.75	1950	2.39	
29.73	1951	2.40	
29.72	1952	2.41	
29.71	1952	2.42	
29.69	1953	2.43	
29.68	1954	2.44	
29.66	1954	2.44	
29.65	1955	2.45	
29.63	1956	2.46	
29.62	1957	2.47	
29.60	1957	2.48	
29.59	1958	2.48	
29.58	1959	2.49	
29.56	1959	2.50	
29.55	1960	2.51	
29.54	1961	2.51	
29.52	1961	2.52	
29.51	1962	2.53	
29.49	1963	2.54	
29.48	1964	2.55	
29.47	1964	2.56	
29.45	1965	2.57	
29.44	1966	2.57	
29.42	1966	2.58	
29.41	1967	2.59	
29.39	1968	2.60	
29.38	1968	2.61	
29.37	1969	2.62	
29.35	1970	2.63	
29.34	1971	2.64	
29.32	1971	2.64	
29.31	1972	2.65	
29.30	1973	2.66	
29.28	1973	2.67	
29.27	1974	2.68	
29.25	1975	2.69	
29.24	1975	2.70	
29.23	1976	2.70	
29.21	1977	2.71	
29.20	1978	2.72	
29.18	1978	2.73	
29.17	1979	2.74	
29.15	1980	2.75	
29.14	1980	2.75	
29.13	1981	2.76	
29.11	1982	2.77	
29.10	1982	2.78	
29.08	1983	2.79	
29.07	1984	2.80	
29.05	1985	2.81	
29.04	1985	2.82	
29.03	1986	2.82	
29.01	1987	2.83	
29.00	1987	2.84	
28.98	1988	2.85	
28.97	1989	2.86	
28.95	1989	2.86	
28.94	1990	2.87	
28.93	1991	2.88	
28.91	1992	2.89	
28.90	1992	2.90	
28.88	1993	2.90	
28.87	1994	2.91	
28.85	1994	2.92	
28.84	1995	2.93	
28.83	1996	2.94	
28.81	1996	2.95	
28.80	1997	2.96	
28.78	1998	2.96	
28.77	1999	2.97	
28.76	1999	2.98	
28.74	2000	2.99	
28.73	2001	3.00	
28.71	2001	3.01	
28.70	2002	3.02	
28.69	2003	3.03	
28.67	2003	3.03	
28.66	2004	3.04	
28.64	2005	3.05	
28.63	2006	3.06	
28.62	2006	3.06	
28.60	2007	3.07	
28.59	2008	3.08	
28.57	2008	3.09	
28.56	2009	3.10	
28.55	2010	3.11	
28.53	2010	3.12	
28.52	2011	3.12	
28.50	2012	3.13	
28.49	2013	3.14	
28.47	2013	3.15	
28.46	2014	3.16	
28.45	2015	3.16	
28.43	2015	3.17	
28.42	2016	3.18	
28.40	2017	3.19	
28.39	2017	3.20	
28.38	2018	3.21	
28.36	2019	3.21	
28.35	2020	3.22	
28.33	2020	3.23	
28.32	2021	3.23	
28.30	2022	3.24	
28.29	2022	3.25	
28.28	2023	3.26	
28.26	2024	3.26	
28.25	2024	3.27	
28.23	2025	3.28	
28.22	2026	3.29	
28.20	2027	3.30	
28.19	2027	3.30	
28.18	2028	3.31	
28.16	2029	3.32	
28.15	2029	3.33	
28.13	2030	3.34	
28.12	2031	3.35	
28.10	2031	3.35	
28.09	2032	3.36	
28.08	2033	3.37	
28.06	2034	3.38	
28.05	2034	3.38	
28.03	2035	3.39	
28.02	2036	3.40	
28.01	2036	3.41	
27.99	2037	3.42	
27.98	2038	3.42	
27.96	2038	3.43	
27.95	2039	3.44	
27.94	2040	3.44	
27.92	2041	3.45	
27.91	2041	3.46	
27.89	2042	3.47	
27.88	2043	3.47	
27.87	2043	3.48	
27.85	2044	3.49	
27.84	2045	3.50	
27.83	2045	3.50	
27.81	2046	3.51	
27.80	2047	3.52	
27.78	2048	3.53	
27.77	2048	3.53	
27.75	2049	3.54	
27.74	2050	3.55	
27.73	2050	3.56	
27.71	2051	3.56	
27.70	2052	3.57	
27.68	2052	3.58	
27.67	2053	3.58	
27.65	2054	3.59	
27.64	2055	3.60	
27.63	2055	3.60	
27.61	2056	3.61	
27.60	2057	3.62	
27.58	2057	3.62	
27.57	2058	3.63	
27.55	2059	3.64	
27.54	2059	3.65	
27.53	2060	3.65	
27.51	2061	3.66	
27.50	2062	3.66	
27.48	2062	3.67	
27.47	2063	3.68	
27.46	2064	3.68	
27.44	2064	3.69	
27.43	2065	3.70	
27.41	2066	3.70	
27.40	2066	3.71	
27.38	2067	3.71	
27.37	2068	3.72	
27.36	2069	3.73	
27.34	2069	3.73	
27.33	2070	3.74	
27.31	2071	3.74	
27.30	2071	3.75	
27.29	2072	3.76	
27.27	2073	3.76	
27.26	2073	3.77	
27.24	2074	3.78	
27.23	2075	3.78	
27.22	2076	3.79	
27.20	2076	3.79	
27.19	2077	3.80	
27.17	2078	3.80	
27.16	2078	3.81	
27.14	2079	3.81	
27.13	2080	3.82	
27.12	2080	3.82	
27.10	2081	3.83	
27.09	2082	3.83	
27.07	2083	3.84	
27.06	2083	3.84	
27.05	2084	3.85	
27.03	2085	3.85	
27.02	2085	3.86	
27.00	2086	3.86	
26.99	2087	3.87	
26.97	2087	3.87	
26.96	2088	3.88	
26.95	2089	3.88	
26.93	2090	3.89	
26.92	2090	3.89	
26.90	2091	3.90	
26.89	2092	3.90	
26.88	2092	3.90	
26.86	2093	3.91	
26.85	2094	3.91	
26.83	2094	3.92	
26.82	2095	3.92	
26.81	2096	3.92	
26.79	2097	3.93	
26.78	2097	3.93	
26.76	2098	3.94	
26.75	2099	3.94	
26.73	2099	3.94	
26.72	2100	3.94	
26.71	2101	3.95	
26.69	2101	3.95	
26.68	2102	3.95	
26.66	2103	3.96	
26.65	2104	3.96	
26.64	2104	3.96	
26.62	2105	3.97	
26.61	2106	3.97	
26.59	2106	3.98	
26.58	2107	3.98	
26.56	2108	3.98	
26.55	2108	3.98	
26.54	2109	3.99	
26.52	2110	3.99	
26.51	2111	3.99	
26.49	2111	3.99	
26.48	2112	3.99	
26.47	2113	4.00	
26.45	2113	4.00	
26.44	2114	4.00	
26.42	2115	4.00	
26.41	2115	4.00	
26.39	2116	4.00	
26.38	2117	4.00	
26.37	2118	4.01	
26.35	2118	4.01	
26.34	2119	4.01	
26.32	2120	4.01	
26.31	2120	4.01	
26.30	2121	4.01	
26.28	2122	4.02	
26.27	2122	4.02	
26.25	2123	4.02	
26.24	2124	4.02	
26.23	2125	4.02	
26.21	2125	4.02	
26.20	2126	4.02	
26.18	2127	4.02	
26.17	2127	4.01	
26.16	2128	4.01	
26.14	2129	4.01	
26.13	2129	4.01	
26.11	2130	4.01	
26.10	2131	4.01	
26.08	2132	4.01	
26.07	2132	4.01	
26.06	2133	4.01	
26.04	2134	4.01	
26.03	2134	4.01	
26.01	2135	4.01	
26.00	2136	4.01	
25.98	2136	4.00	
25.97	2137	4.00	
25.96	2138	4.00	
25.94	2139	4.00	
25.93	2139	4.00	
25.91	2140	4.00	
25.90	2141	3.99	
25.89	2141	3.99	
25.87	2142	3.99	
25.86	2143	3.99	
25.84	2143	3.98	
25.83	2144	3.98	
25.81	2145	3.98	
25.80	2146	3.97	
25.79	2146	3.97	
25.77	2147	3.97	
25.76	2148	3.96	
25.74	2148	3.96	
25.73	2149	3.96	
25.72	2150	3.95	
25.70	2150	3.95	
25.69	2151	3.94	
25.67	2152	3.94	
25.66	2153	3.93	
25.65	2153	3.93	
25.63	2154	3.92	
25.62	2155	3.92	
25.60	2155	3.91	
25.59	2156	3.91	
25.57	2157	3.90	
25.56	2157	3.90	
25.55	2158	3.89	
25.53	2159	3.89	
25.52	2160	3.88	
25.50	2160	3.87	
25.49	2161	3.87	
25.48	2162	3.86	
25.46	2162	3.85	
25.45	2163	3.84	
25.43	2164	3.84	
25.42	2164	3.83	
25.41	2165	3.82	
25.39	2166	3.81	
25.38	2167	3.81	
25.36	2167	3.80	
25.35	2168	3.79	
25.33	2169	3.78	
25.32	2169	3.77	
25.31	2170	3.76	
25.29	2171	3.76	
25.28	2171	3.75	
25.26	2172	3.74	
25.25	2173	3.73	
25.24	2174	3.72	
25.22	2174	3.71	
25.21	2175	3.70	
25.19	2176	3.69	
25.18	2176	3.68	
25.17	2177	3.67	
25.15	2178	3.66	
25.14	2178	3.65	
25.12	2179	3.64	
25.11	2180	3.63	
25.09	2181	3.61	
25.08	2181	3.60	
25.06	2182	3.59	
25.05	2183	3.58	
25.04	2183	3.57	
25.02	2184	3.56	
25.01	2185	3.54	
24.99	2185	3.53	
24.98	2186	3.52	
24.97	2187	3.51	
24.95	2188	3.50	
24.94	2188	3.48	
24.92	2189	3.47	
24.91	2190	3.45	
24.89	2190	3.44	
24.88	2191	3.43	
24.87	2192	3.41	
24.85	2192	3.40	
24.84	2193	3.38	
24.82	2194	3.37	
24.81	2195	3.35	
24.80	2195	3.34	
24.78	2196	3.32	
24.77	2197	3.31	
24.75	2197	3.29	
24.74	2198	3.28	
24.72	2199	3.26	
24.71	2199	3.25	
24.70	2200	3.23	
24.68	2201	3.22	
24.67	2202	3.20	
24.65	2202	3.18	
24.64	2203	3.17	
24.63	2204	3.15	
24.61	2204	3.13	
24.60	2205	3.11	
24.58	2206	3.10	
24.57	2206	3.08	
24.56	2207	3.06	
24.54	2208	3.05	
24.53	2209	3.03	
24.51	2209	3.01	
24.50	2210	2.99	
24.48	2211	2.97	
24.47	2211	2.96	
24.46	2212	2.94	
24.44	2213	2.92	
24.43	2213	2.90	
24.41	2214	2.88	
24.40	2215	2.86	
24.39	2216	2.84	
24.37	2216	2.82	
24.36	2217	2.80	
24.34	2218	2.78	
24.33	2218	2.77	
24.32	2219	2.75	
24.30	2220	2.73	
24.29	2220	2.71	
24.27	2221	2.69	
24.26	2222	2.67	
24.24	2223	2.65	
24.23	2223	2.63	
24.22	2224	2.61	
24.20	2225	2.59	
24.19	2225	2.57	
24.17	2226	2.55	
24.16	2227	2.52	
24.15	2227	2.50	
24.13	2228	2.48	
24.12	2229	2.46	
24.10	2230	2.44	
24.09	2230	2.42	
24.08	2231	2.40	
24.06	2232	2.38	
24.05	2232	2.36	
24.03	2233	2.34	
24.02	2234	2.32	
24.00	2234	2.30	
23.99	2235	2.28	
23.98	2236	2.26	
23.96	2237	2.24	
23.95	2237	2.22	
23.93	2238	2.20	
23.92	2239	2.18	
23.91	2239	2.16	
23.89	2240	2.14	
23.88	2241	2.12	
23.86	2241	2.09	
23.85	2242	2.07	
23.84	2243	2.05	
23.82	2244	2.03	
23.81	2244	2.01	
23.79	2245	1.99	
23.78	2246	1.97	
23.76	2246	1.95	
23.75	2247	1.93	
23.74	2248	1.91	
23.72	2248	1.89	
23.71	2249	1.87	
23.69	2250	1.85	
23.68	2251	1.83	
23.67	2251	1.81	
23.65	2252	1.79	
23.64	2253	1.77	
23.62	2253	1.75	
23.61	2254	1.73	
23.59	2255	1.71	
23.58	2255	1.70	
23.57	2256	1.68	
23.55	2257	1.66	
23.54	2258	1.64	
23.52	2258	1.62	
23.51	2259	1.60	
23.50	2260	1.58	
23.48	2260	1.57	
23.47	2261	1.55	
23.45	2262	1.53	
23.44	2262	1.51	
23.42	2263	1.49	
23.41	2264	1.48	
23.40	2265	1.46	
23.38	2265	1.44	
23.37	2266	1.42	
23.36	2267	1.41	
23.34	2267	1.39	
23.33	2268	1.37	
23.31	2269	1.36	
23.30	2269	1.34	
23.28	2270	1.32	
23.27	2271	1.31	
23.26	2272	1.29	
23.24	2272	1.27	
23.23	2273	1.26	
23.21	2274	1.24	
23.20	2274	1.22	
23.18	2275	1.21	
23.17	2276	1.19	
23.16	2276	1.18	
23.14	2277	1.16	
23.13	2278	1.15	
23.11	2279	1.13	
23.10	2279	1.12	
23.09	2280	1.10	
23.07	2281	1.09	
23.06	2281	1.07	
23.04	2282	1.06	
23.03	2283	1.04	
23.02	2283	1.03	
23.00	2284	1.01	
22.99	2285	1.00	
22.97	2286	0.98	
22.96	2286	0.97	
22.94	2287	0.96	
22.93	2288	0.94	
22.92	2288	0.93	
22.90	2289	0.91	
22.89	2290	0.90	
22.87	2290	0.89	
22.86	2291	0.87	
22.85	2292	0.86	
22.83	2293	0.85	
22.82	2293	0.83	
22.80	2294	0.82	
22.79	2295	0.81	
22.77	2295	0.79	
22.76	2296	0.78	
22.75	2297	0.77	
22.73	2297	0.76	
22.72	2298	0.75	
22.70	2299	0.73	
22.69	2300	0.72	
22.68	2300	0.71	
22.66	2301	0.70	
22.65	2302	0.68	
22.63	2302	0.67	
22.62	2303	0.66	
22.61	2304	0.65	
22.59	2304	0.64	
22.58	2305	0.63	
22.56	2306	0.62	
22.55	2307	0.60	
22.53	2307	0.59	
22.52	2308	0.58	
22.51	2309	0.57	
22.49	2309	0.56	
22.48	2310	0.55	
22.46	2311	0.54	
22.45	2311	0.53	
22.44	2312	0.52	
22.42	2313	0.51	
22.41	2314	0.50	
22.39	2314	0.49	
22.38	2315	0.48	
22.37	2316	0.47	
22.35	2316	0.46	
22.34	2317	0.45	
22.32	2318	0.44	
22.31	2318	0.43	
22.29	2319	0.42	
22.28	2320	0.41	
22.27	2321	0.40	
22.25	2321	0.39	
22.24	2322	0.38	
22.22	2323	0.37	
22.21	2323	0.36	
22.19	2324	0.35	
22.18	2325	0.34	
22.17	2325	0.33	
22.15	2326	0.32	
22.14	2327	0.31	
22.12	2328	0.30	
22.11	2328	0.29	
22.10	2329	0.29	
22.08	2330	0.28	
22.07	2330	0.27	
22.05	2331	0.26	
22.04	2332	0.25	
22.03	2332	0.24	
22.01	2333	0.23	
22.00	2334	0.22	
21.98	2335	0.22	
21.97	2335	0.21	
21.96	2336	0.20	
21.94	2337	0.19	
21.93	2337	0.18	
21.91	2338	0.18	
21.90	2339	0.17	
21.88	2339	0.16	
21.87	2340	0.15	
21.86	2341	0.15	
21.84	2342	0.14	
21.83	2342	0.13	
21.81	2343	0.12	
21.80	2344	0.12	
21.79	2344	0.11	
21.77	2345	0.10	
21.76	2346	0.09	
21.74	2346	0.09	
21.73	2347	0.08	
21.72	2348	0.07	
21.70	2349	0.07	
21.69	2349	0.06	
21.67	2350	0.05	
21.66	2351	0.05	
21.64	2351	0.04	
21.63	2352	0.03	
21.61	2353	0.03	
21.60	2353	0.02	
21.59	2354	0.01	
21.57	2355	0.00	
21.56	2356	-0.00	
21.54	2356	-0.01	
21.53	2357	-0.01	
21.52	2358	-0.02	
21.50	2358	-0.03	
21.49	2359	-0.03	
21.47	2360	-0.04	
21.46	2360	-0.05	
21.45	2361	-0.05	
21.43	2362	-0.06	
21.42	2363	-0.06	
21.40	2363	-0.07	
21.39	2364	-0.08	
21.38	2365	-0.08	
21.36	2365	-0.09	
21.35	2366	-0.09	
21.33	2367	-0.10	
21.32	2367	-0.11	
21.31	2368	-0.11	
21.29	2369	-0.12	
21.28	2370	-0.12	
21.26	2370	-0.13	
21.25	2371	-0.13	
21.23	2372	-0.14	
21.22	2372	-0.14	
21.21	2373	-0.15	
21.19	2374	-0.15	
21.18	2374	-0.16	
21.16	2375	-0.16	
21.15	2376	-0.17	
21.14	2377	-0.17	
21.12	2377	-0.18	
21.11	2378	-0.19	
21.09	2379	-0.19	
21.08	2379	-0.20	
21.06	2380	-0.20	
21.05	2381	-0.20	
21.04	2381	-0.21	
21.02	2382	-0.21	
21.01	2383	-0.22	
20.99	2384	-0.22	
20.98	2384	-0.23	
20.97	2385	-0.23	
20.95	2386	-0.24	
20.94	2386	-0.24	
20.92	2387	-0.25	
20.91	2388	-0.25	
20.89	2388	-0.26	
20.88	2389	-0.26	
20.87	2390	-0.26	
20.85	2391	-0.27	
20.84	2391	-0.27	
20.82	2392	-0.28	
20.81	2393	-0.28	
20.80	2393	-0.29	
20.78	2394	-0.29	
20.77	2395	-0.29	
20.75	2395	-0.30	
20.74	2396	-0.30	
20.73	2397	-0.31	
20.71	2398	-0.31	
20.70	2398	-0.32	
20.68	2399	-0.32	
20.67	2400	-0.32	
20.65	2400	-0.33	
20.64	2401	-0.33	
20.63	2402	-0.34	
20.61	2402	-0.34	
20.60	2403	-0.34	
20.58	2404	-0.35	
20.57	2405	-0.35	
20.55	2405	-0.35	
20.54	2406	-0.36	
20.53	2407	-0.36	
20.51	2407	-0.36	
20.50	2408	-0.37	
20.48	2409	-0.37	
20.47	2409	-0.38	
20.46	2410	-0.38	
20.44	2411	-0.38	
20.43	2412	-0.39	
20.41	2412	-0.39	
20.40	2413	-0.39	
20.39	2414	-0.40	
20.37	2414	-0.40	
20.36	2415	-0.40	
20.34	2416	-0.41	
20.33	2416	-0.41	
20.32	2417	-0.41	
20.30	2418	-0.42	
20.29	2419	-0.42	
20.27	2419	-0.42	
20.26	2420	-0.43	
20.25	2421	-0.43	
20.23	2421	-0.43	
20.22	2422	-0.44	
20.20	2423	-0.44	
20.19	2423	-0.44	
20.17	2424	-0.45	
20.16	2425	-0.45	
20.15	2426	-0.45	
20.13	2426	-0.46	
20.12	2427	-0.46	
20.10	2428	-0.46	
20.09	2428	-0.46	
20.08	2429	-0.47	
20.06	2430	-0.47	
20.05	2430	-0.47	
20.03	2431	-0.47	
20.02	2432	-0.48	
20.01	2433	-0.48	
19.99	2433	-0.48	
19.98	2434	-0.49	
19.96	2435	-0.49	
19.95	2435	-0.49	
19.93	2436	-0.49	
19.92	2437	-0.50	
19.91	2437	-0.50	
19.89	2438	-0.50	
19.88	2439	-0.50	
19.86	2440	-0.51	
19.85	2440	-0.51	
19.84	2441	-0.51	
19.82	2442	-0.51	
19.81	2442	-0.51	
19.79	2443	-0.52	
19.78	2444	-0.52	
19.76	2444	-0.52	
19.75	2445	-0.53	
19.74	2446	-0.53	
19.72	2447	-0.53	
19.71	2447	-0.53	
19.69	2448	-0.54	
19.68	2449	-0.54	
19.67	2449	-0.54	
19.65	2450	-0.54	
19.64	2451	-0.54	
19.62	2451	-0.55	
19.61	2452	-0.55	
19.60	2453	-0.55	
19.58	2454	-0.56	
19.57	2454	-0.56	
19.55	2455	-0.56	
19.54	2456	-0.56	
19.53	2456	-0.56	
19.51	2457	-0.57	
19.50	2458	-0.57	
19.48	2458	-0.57	
19.47	2459	-0.57	
19.45	2460	-0.57	
19.44	2461	-0.58	
19.43	2461	-0.58	
19.41	2462	-0.58	
19.40	2463	-0.58	
19.38	2463	-0.59	
19.37	2464	-0.59	
19.36	2465	-0.59	
19.34	2465	-0.59	
19.33	2466	-0.59	
19.31	2467	-0.60	
19.30	2468	-0.60	
19.29	2468	-0.60	
19.27	2469	-0.60	
19.26	2470	-0.60	
19.24	2470	-0.60	
19.23	2471	-0.61	
19.21	2472	-0.61	
19.20	2472	-0.61	
19.19	2473	-0.61	
19.17	2474	-0.61	
19.16	2475	-0.62	
19.14	2475	-0.62	
19.13	2476	-0.62	
19.12	2477	-0.62	
19.10	2477	-0.62	
19.09	2478	-0.63	
19.07	2479	-0.63	
19.06	2479	-0.63	
19.04	2480	-0.63	
19.03	2481	-0.63	
19.02	2482	-0.63	
19.00	2482	-0.64	
18.99	2483	-0.64	
18.97	2484	-0.64	
18.96	2484	-0.64	
18.95	2485	-0.64	
18.93	2486	-0.65	
18.92	2486	-0.65	
18.90	2487	-0.65	
18.89	2488	-0.65	
18.88	2489	-0.65	
18.86	2489	-0.65	
18.85	2490	-0.65	
18.83	2491	-0.66	
18.82	2491	-0.66	
18.81	2492	-0.66	
18.79	2493	-0.66	
18.78	2493	-0.66	
18.76	2494	-0.67	
18.75	2495	-0.67	
18.73	2496	-0.67	
18.72	2496	-0.67	
18.71	2497	-0.67	
18.69	2498	-0.67	
18.68	2498	-0.67	
18.66	2499	-0.67	
18.65	2500	-0.68	
18.64	2500	-0.68	
18.62	2501	-0.68	
18.61	2502	-0.68	
18.59	2503	-0.68	
18.58	2503	-0.68	
18.57	2504	-0.68	
18.55	2505	-0.68	
18.54	2505	-0.69	
18.52	2506	-0.69	
18.51	2507	-0.69	
18.50	2507	-0.69	
18.48	2508	-0.69	
18.47	2509	-0.69	
18.45	2510	-0.70	
18.44	2510	-0.70	
18.42	2511	-0.70	
18.41	2512	-0.70	
18.40	2512	-0.70	
18.38	2513	-0.70	
18.37	2514	-0.71	
18.35	2514	-0.71	
18.34	2515	-0.71	
18.32	2516	-0.71	
18.31	2517	-0.71	
18.30	2517	-0.71	
18.28	2518	-0.71	
18.27	2519	-0.72	
18.25	2519	-0.72	
18.24	2520	-0.72	
18.23	2521	-0.72	
18.21	2521	-0.72	
18.20	2522	-0.72	
18.18	2523	-0.72	
18.17	2524	-0.73	
18.16	2524	-0.73	
18.14	2525	-0.73	
18.13	2526	-0.73	
18.11	2526	-0.73	
18.10	2527	-0.73	
18.08	2528	-0.73	
18.07	2528	-0.73	
18.06	2529	-0.73	
18.04	2530	-0.73	
18.03	2531	-0.73	
18.01	2531	-0.74	
18.00	2532	-0.74	
17.99	2533	-0.74	
17.97	2533	-0.74	
17.96	2534	-0.74	
17.94	2535	-0.74	
17.93	2535	-0.74	
17.92	2536	-0.74	
17.90	2537	-0.74	
17.89	2538	-0.74	
17.87	2538	-0.74	
17.86	2539	-0.75	
17.85	2540	-0.75	
17.83	2540	-0.75	
17.82	2541	-0.75	
17.80	2542	-0.75	
17.79	2542	-0.75	
17.77	2543	-0.76	
17.76	2544	-0.76	
17.75	2545	-0.76	
17.73	2545	-0.76	
17.72	2546	-0.76	
17.70	2547	-0.76	
17.69	2547	-0.76	
17.68	2548	-0.76	
17.66	2549	-0.76	
17.65	2549	-0.77	
17.63	2550	-0.77	
17.62	2551	-0.77	
17.60	2552	-0.77	
17.59	2552	-0.77	
17.58	2553	-0.77	
17.56	2554	-0.77	
17.55	2554	-0.77	
17.53	2555	-0.77	
17.52	2556	-0.77	
17.51	2556	-0.77	
17.49	2557	-0.77	
17.48	2558	-0.78	
17.46	2559	-0.78	
17.45	2559	-0.78	
17.44	2560	-0.78	
17.42	2561	-0.78	
17.41	2561	-0.78	
17.39	2562	-0.78	
17.38	2563	-0.78	
17.37	2563	-0.78	
17.35	2564	-0.78	
17.34	2565	-0.79	
17.32	2566	-0.79	
17.31	2566	-0.79	
17.29	2567	-0.79	
17.28	2568	-0.79	
17.27	2568	-0.79	
17.25	2569	-0.79	
17.24	2570	-0.79	
17.22	2570	-0.79	
17.21	2571	-0.80	
17.20	2572	-0.80	
17.18	2573	-0.80	
17.17	2573	-0.80	
17.15	2574	-0.80	
17.14	2575	-0.80	
17.13	2575	-0.80	
17.11	2576	-0.80	
17.10	2577	-0.80	
17.08	2577	-0.80	
17.07	2578	-0.80	
17.06	2579	-0.80	
17.04	2580	-0.80	
17.03	2580	-0.80	
17.01	2581	-0.81	
17.00	2582	-0.81	
16.99	2582	-0.81	
16.97	2583	-0.81	
16.96	2584	-0.81	
16.94	2584	-0.81	
16.93	2585	-0.81	
16.91	2586	-0.81	
16.90	2587	-0.81	
16.89	2587	-0.81	
16.87	2588	-0.81	
16.86	2589	-0.81	
16.85	2589	-0.82	
16.83	2590	-0.82	
16.82	2591	-0.82	
16.80	2591	-0.82	
16.79	2592	-0.82	
16.78	2593	-0.82	
16.76	2594	-0.82	
16.75	2594	-0.82	
16.73	2595	-0.82	
16.72	2596	-0.82	
16.70	2596	-0.82	
16.69	2597	-0.82	
16.68	2598	-0.82	
16.66	2598	-0.83	
16.65	2599	-0.83	
16.63	2600	-0.83	
16.62	2601	-0.83	
16.61	2601	-0.83	
16.59	2602	-0.83	
16.58	2603	-0.83	
16.56	2603	-0.83	
16.55	2604	-0.83	
16.53	2605	-0.83	
16.52	2605	-0.83	
16.51	2606	-0.83	
16.49	2607	-0.83	
16.48	2608	-0.83	
16.46	2608	-0.84	
16.45	2609	-0.84	
16.44	2610	-0.84	
16.42	2610	-0.84	
16.41	2611	-0.84	
16.39	2612	-0.84	
16.38	2612	-0.84	
16.37	2613	-0.84	
16.35	2614	-0.84	
16.34	2615	-0.84	
16.32	2615	-0.84	
16.31	2616	-0.84	
16.29	2617	-0.84	
16.28	2617	-0.85	
16.27	2618	-0.85	
16.25	2619	-0.85	
16.24	2619	-0.85	
16.22	2620	-0.85	
16.21	2621	-0.85	
16.20	2622	-0.85	
16.18	2622	-0.85	
16.17	2623	-0.85	
16.15	2624	-0.85	
16.14	2624	-0.85	
16.12	2625	-0.85	
16.11	2626	-0.85	
16.10	2626	-0.85	
16.08	2627	-0.85	
16.07	2628	-0.85	
16.06	2629	-0.85	
16.04	2629	-0.86	
16.03	2630	-0.86	
16.01	2631	-0.86	
16.00	2631	-0.86	
15.99	2632	-0.86	
15.97	2633	-0.86	
15.96	2633	-0.86	
15.94	2634	-0.86	
15.93	2635	-0.86	
15.92	2636	-0.86	
15.90	2636	-0.86	
15.89	2637	-0.86	
15.87	2638	-0.86	
15.86	2638	-0.87	
15.84	2639	-0.87	
15.83	2640	-0.87	
15.82	2640	-0.87	
15.80	2641	-0.87	
15.79	2642	-0.87	
15.77	2643	-0.87	
15.76	2643	-0.87	
15.75	2644	-0.87	
15.73	2645	-0.87	
15.72	2645	-0.87	
15.70	2646	-0.87	
15.69	2647	-0.87	
15.68	2647	-0.87	
15.66	2648	-0.88	
15.65	2649	-0.88	
15.63	2650	-0.88	
15.62	2650	-0.88	
15.60	2651	-0.88	
15.59	2652	-0.88	
15.58	2652	-0.88	
15.56	2653	-0.88	
15.55	2654	-0.88	
15.53	2654	-0.88	
15.52	2655	-0.88	
15.51	2656	-0.88	
15.49	2657	-0.88	
15.48	2657	-0.88	
15.46	2658	-0.88	
15.45	2659	-0.88	
15.44	2659	-0.88	
15.42	2660	-0.88	
15.41	2661	-0.89	
15.39	2661	-0.89	
15.38	2662	-0.89	
15.37	2663	-0.89	
15.35	2664	-0.89	
15.34	2664	-0.89	
15.32	2665	-0.89	
15.31	2666	-0.89	
15.30	2666	-0.89	
15.28	2667	-0.89	
15.27	2668	-0.89	
15.25	2668	-0.89	
15.24	2669	-0.89	
15.23	2670	-0.89	
15.21	2671	-0.89	
15.20	2671	-0.90	
15.18	2672	-0.90	
15.17	2673	-0.90	
15.16	2673	-0.90	
15.14	2674	-0.90	
15.13	2675	-0.90	
15.11	2675	-0.90	
15.10	2676	-0.90	
15.08	2677	-0.90	
15.07	2678	-0.90	
15.06	2678	-0.90	
15.04	2679	-0.90	
15.03	2680	-0.90	
15.01	2680	-0.90	
15.00	2681	-0.90	
14.99	2682	-0.90	
14.97	2682	-0.90	
14.96	2683	-0.90	
14.94	2684	-0.90	
14.93	2685	-0.90	
14.92	2685	-0.91	
14.90	2686	-0.91	
14.89	2687	-0.91	
14.87	2687	-0.91	
14.86	2688	-0.91	
14.84	2689	-0.91	
14.83	2689	-0.91	
14.82	2690	-0.91	
14.80	2691	-0.91	
14.79	2692	-0.91	
14.77	2692	-0.91	
14.76	2693	-0.91	
14.75	2694	-0.91	
14.73	2694	-0.91	
14.72	2695	-0.91	
14.70	2696	-0.91	
14.69	2696	-0.91	
14.68	2697	-0.91	
14.66	2698	-0.91	
14.65	2699	-0.91	
14.63	2699	-0.92	
14.62	2700	-0.92	
14.61	2701	-0.92	
14.59	2701	-0.92	
14.58	2702	-0.92	
14.56	2703	-0.92	
14.55	2703	-0.92	
14.54	2704	-0.92	
14.52	2705	-0.92	
14.51	2706	-0.92	
14.49	2706	-0.92	
14.48	2707	-0.92	
14.47	2708	-0.92	
14.45	2708	-0.92	
14.44	2709	-0.92	
14.42	2710	-0.92	
14.41	2710	-0.92	
14.40	2711	-0.92	
14.38	2712	-0.92	
14.37	2713	-0.92	
14.35	2713	-0.92	
14.34	2714	-0.93	
14.33	2715	-0.93	
14.31	2715	-0.93	
14.30	2716	-0.93	
14.28	2717	-0.93	
14.27	2717	-0.93	
14.26	2718	-0.93	
14.24	2719	-0.93	
14.23	2720	-0.93	
14.21	2720	-0.93	
14.20	2721	-0.93	
14.19	2722	-0.93	
14.17	2722	-0.93	
14.16	2723	-0.93	
14.14	2724	-0.93	
14.13	2724	-0.93	
14.11	2725	-0.93	
14.10	2726	-0.93	
14.09	2727	-0.93	
14.07	2727	-0.94	
14.06	2728	-0.94	
14.04	2729	-0.94	
14.03	2729	-0.94	
14.02	2730	-0.94	
14.00	2731	-0.94	
13.99	2731	-0.94	
13.97	2732	-0.94	
13.96	2733	-0.94	
13.95	2734	-0.94	
13.93	2734	-0.94	
13.92	2735	-0.94	
13.90	2736	-0.94	
13.89	2736	-0.94	
13.88	2737	-0.94	
13.86	2738	-0.94	
13.85	2738	-0.95	
13.83	2739	-0.95	
13.82	2740	-0.95	
13.81	2741	-0.95	
13.79	2741	-0.95	
13.78	2742	-0.95	
13.76	2743	-0.95	
13.75	2743	-0.95	
13.74	2744	-0.95	
13.72	2745	-0.95	
13.71	2745	-0.95	
13.69	2746	-0.95	
13.68	2747	-0.95	
13.67	2748	-0.95	
13.65	2748	-0.95	
13.64	2749	-0.95	
13.62	2750	-0.95	
13.61	2750	-0.95	
13.60	2751	-0.95	
13.58	2752	-0.95	
13.57	2752	-0.95	
13.55	2753	-0.95	
13.54	2754	-0.95	
13.53	2755	-0.95	
13.51	2755	-0.95	
13.50	2756	-0.96	
13.48	2757	-0.96	
13.47	2757	-0.96	
13.46	2758	-0.96	
13.44	2759	-0.96	
13.43	2759	-0.96	
13.41	2760	-0.96	
13.40	2761	-0.96	
13.39	2762	-0.96	
13.37	2762	-0.96	
13.36	2763	-0.96	
13.34	2764	-0.96	
13.33	2764	-0.96	
13.32	2765	-0.96	
13.30	2766	-0.96	
13.29	2766	-0.96	
13.27	2767	-0.96	
13.26	2768	-0.96	
13.24	2769	-0.96	
13.23	2769	-0.96	
13.22	2770	-0.96	
13.20	2771	-0.96	
13.19	2771	-0.96	
13.17	2772	-0.96	
13.16	2773	-0.96	
13.15	2773	-0.96	
13.13	2774	-0.96	
13.12	2775	-0.96	
13.10	2776	-0.96	
13.09	2776	-0.96	
13.08	2777	-0.97	
13.06	2778	-0.97	
13.05	2778	-0.97	
13.03	2779	-0.97	
13.02	2780	-0.97	
13.01	2780	-0.97	
12.99	2781	-0.97	
12.98	2782	-0.97	
12.96	2783	-0.97	
12.95	2783	-0.97	
12.94	2784	-0.97	
12.92	2785	-0.97	
12.91	2785	-0.97	
12.90	2786	-0.97	
12.88	2787	-0.97	
12.87	2787	-0.97	
12.85	2788	-0.97	
12.84	2789	-0.97	
12.83	2790	-0.97	
12.81	2790	-0.98	
12.80	2791	-0.98	
12.78	2792	-0.98	
12.77	2792	-0.98	
12.76	2793	-0.98	
12.74	2794	-0.98	
12.73	2794	-0.98	
12.71	2795	-0.98	
12.70	2796	-0.98	
12.69	2797	-0.98	
12.67	2797	-0.98	
12.66	2798	-0.98	
12.64	2799	-0.98	
12.63	2799	-0.98	
12.62	2800	-0.98	
12.60	2801	-0.98	
12.59	2801	-0.98	
12.57	2802	-0.98	
12.56	2803	-0.98	
12.55	2804	-0.98	
12.53	2804	-0.98	
12.52	2805	-0.98	
12.50	2806	-0.98	
12.49	2806	-0.98	
12.47	2807	-0.98	
12.46	2808	-0.98	
12.45	2808	-0.98	
12.43	2809	-0.98	
12.42	2810	-0.98	
12.41	2811	-0.98	
12.39	2811	-0.98	
12.38	2812	-0.98	
12.36	2813	-0.99	
12.35	2813	-0.99	
12.34	2814	-0.99	
12.32	2815	-0.98	
12.31	2815	-0.99	
12.29	2816	-0.99	
12.28	2817	-0.99	
12.27	2818	-0.99	
12.25	2818	-0.99	
12.24	2819	-0.99	
12.22	2820	-0.99	
12.21	2820	-0.99	
12.20	2821	-0.99	
12.18	2822	-0.99	
12.17	2822	-0.99	
12.16	2823	-0.99	
12.14	2824	-0.99	
12.13	2825	-0.99	
12.11	2825	-0.99	
12.10	2826	-0.99	
12.09	2827	-0.99	
12.07	2827	-0.99	
12.06	2828	-0.99	
12.04	2829	-0.99	
12.03	2829	-0.99	
12.02	2830	-0.99	
12.00	2831	-0.99	
11.99	2832	-0.99	
11.97	2832	-0.99	
11.96	2833	-0.99	
11.95	2834	-0.99	
11.93	2834	-0.99	
11.92	2835	-0.99	
11.91	2836	-0.99	
11.89	2836	-0.99	
11.88	2837	-0.99	
11.86	2838	-0.99	
11.85	2839	-0.99	
11.83	2839	-0.99	
11.82	2840	-0.99	
11.81	2841	-1.00	
11.79	2841	-1.00	
11.78	2842	-1.00	
11.77	2843	-1.00	
11.75	2843	-1.00	
11.74	2844	-1.00	
11.72	2845	-1.00	
11.71	2846	-1.00	
11.70	2846	-1.00	
11.68	2847	-1.00	
11.67	2848	-1.00	
11.65	2848	-1.00	
11.64	2849	-1.00	
11.63	2850	-1.00	
11.61	2850	-1.00	
11.60	2851	-1.00	
11.58	2852	-1.00	
11.57	2853	-1.00	
11.56	2853	-1.00	
11.54	2854	-1.00	
11.53	2855	-1.00	
11.51	2855	-1.00	
11.50	2856	-1.00	
11.49	2857	-1.00	
11.47	2857	-1.00	
11.46	2858	-1.00	
11.45	2859	-1.00	
11.43	2860	-1.00	
11.42	2860	-1.00	
11.40	2861	-1.00	
11.39	2862	-1.00	
11.38	2862	-1.00	
11.36	2863	-1.00	
11.35	2864	-1.00	
11.33	2864	-1.00	
11.32	2865	-1.00	
11.31	2866	-1.00	
11.29	2867	-1.00	
11.28	2867	-1.00	
11.26	2868	-1.00	
11.25	2869	-1.00	
11.24	2869	-1.00	
11.22	2870	-1.00	
11.21	2871	-1.00	
11.20	2871	-1.00	
11.18	2872	-1.00	
11.17	2873	-1.00	
11.15	2874	-1.00	
11.14	2874	-1.00	
11.13	2875	-1.00	
11.11	2876	-1.00	
11.10	2876	-1.00	
11.08	2877	-1.00	
11.07	2878	-1.00	
11.06	2878	-1.00	
11.04	2879	-1.00	
11.03	2880	-1.00	
11.01	2881	-1.00	
11.00	2881	-1.00	
10.99	2882	-1.00	
10.97	2883	-1.00	
10.96	2883	-1.00	
10.95	2884	-1.00	
10.93	2885	-1.00	
10.92	2885	-1.00	
10.90	2886	-1.00	
10.89	2887	-1.00	
10.88	2888	-1.00	
10.86	2888	-1.00	
10.85	2889	-1.00	
10.83	2890	-1.01	
10.82	2890	-1.01	
10.81	2891	-1.01	
10.79	2892	-1.00	
10.78	2892	-1.00	
10.77	2893	-1.00	
10.75	2894	-1.00	
10.74	2895	-1.00	
10.72	2895	-1.00	
10.71	2896	-1.00	
10.70	2897	-1.00	
10.68	2897	-1.00	
10.67	2898	-1.00	
10.66	2899	-1.00	
10.64	2899	-1.00	
10.63	2900	-1.00	
10.61	2901	-1.00	
10.60	2902	-1.00	
10.59	2902	-1.00	
10.57	2903	-1.00	
10.56	2904	-1.00	
10.55	2904	-1.00	
10.53	2905	-1.00	
10.52	2906	-1.00	
10.50	2906	-1.00	
10.49	2907	-1.00	
10.48	2908	-1.00	
10.46	2909	-1.00	
10.45	2909	-1.00	
10.43	2910	-1.00	
10.42	2911	-1.00	
10.41	2911	-1.00	
10.39	2912	-1.00	
10.38	2913	-1.00	
10.37	2913	-1.00	
10.35	2914	-1.00	
10.34	2915	-1.00	
10.33	2916	-0.99	
10.31	2916	-0.99	
10.30	2917	-0.99	
10.28	2918	-0.99	
10.27	2918	-0.99	
10.26	2919	-0.99	
10.24	2920	-0.99	
10.23	2920	-0.99	
10.22	2921	-0.99	
10.20	2922	-0.99	
10.19	2923	-0.99	
10.17	2923	-0.99	
10.16	2924	-0.99	
10.15	2925	-0.99	
10.13	2925	-0.99	
10.12	2926	-0.99	
10.11	2927	-0.99	
10.09	2927	-0.99	
10.08	2928	-0.99	
10.06	2929	-0.99	
10.05	2930	-0.99	
10.04	2930	-0.99	
10.02	2931	-0.99	
10.01	2932	-0.99	
10.00	2932	-0.99	
9.98	2933	-0.99	
9.97	2934	-0.99	
9.95	2934	-0.99	
9.94	2935	-0.98	
9.93	2936	-0.98	
9.91	2937	-0.98	
9.90	2937	-0.98	
9.89	2938	-0.98	
9.87	2939	-0.98	
9.86	2939	-0.98	
9.85	2940	-0.98	
9.83	2941	-0.98	
9.82	2941	-0.98	
9.80	2942	-0.98	
9.79	2943	-0.98	
9.78	2944	-0.98	
9.76	2944	-0.98	
9.75	2945	-0.98	
9.74	2946	-0.98	
9.72	2946	-0.98	
9.71	2947	-0.98	
9.70	2948	-0.98	
9.68	2948	-0.98	
9.67	2949	-0.98	
9.66	2950	-0.98	
9.64	2951	-0.98	
9.63	2951	-0.98	
9.62	2952	-0.98	
9.60	2953	-0.98	
9.59	2953	-0.98	
9.57	2954	-0.98	
9.56	2955	-0.98	
9.55	2955	-0.98	
9.53	2956	-0.97	
9.52	2957	-0.97	
9.51	2958	-0.97	
9.49	2958	-0.97	
9.48	2959	-0.97	
9.47	2960	-0.97	
9.45	2960	-0.97	
9.44	2961	-0.97	
9.43	2962	-0.97	
9.41	2962	-0.97	
9.40	2963	-0.97	
9.38	2964	-0.97	
9.37	2965	-0.97	
9.36	2965	-0.97	
9.34	2966	-0.97	
9.33	2967	-0.97	
9.32	2967	-0.97	
9.30	2968	-0.97	
9.29	2969	-0.97	
9.28	2969	-0.97	
9.26	2970	-0.97	
9.25	2971	-0.97	
9.24	2972	-0.97	
9.22	2972	-0.97	
9.21	2973	-0.97	
9.20	2974	-0.96	
9.18	2974	-0.96	
9.17	2975	-0.96	
9.16	2976	-0.96	
9.14	2976	-0.96	
9.13	2977	-0.96	
9.12	2978	-0.96	
9.10	2979	-0.96	
9.09	2979	-0.96	
9.07	2980	-0.96	
9.06	2981	-0.96	
9.05	2981	-0.96	
9.03	2982	-0.96	
9.02	2983	-0.96	
9.01	2983	-0.96	
9.00	2984	-0.96	
8.98	2985	-0.96	
8.97	2986	-0.96	
8.96	2986	-0.96	
8.94	2987	-0.96	
8.93	2988	-0.96	
8.92	2988	-0.96	
8.90	2989	-0.96	
8.89	2990	-0.96	
8.88	2990	-0.95	
8.86	2991	-0.95	
8.85	2992	-0.95	
8.84	2993	-0.95	
8.82	2993	-0.95	
8.81	2994	-0.95	
8.80	2995	-0.95	
8.78	2995	-0.95	
8.77	2996	-0.95	
8.76	2997	-0.95	
8.74	2997	-0.95	
8.73	2998	-0.95	
8.72	2999	-0.95	
8.70	3000	-0.95	
