P85
Furnace temperature 	Time	HeatFlow	
/°C	/s	/mW	
64.97	0	0.38	
64.97	1	0.38	
65.06	1	0.38	
65.13	2	0.38	
65.21	3	0.38	
65.30	4	0.38	
65.41	4	0.38	
65.54	5	0.38	
65.69	6	0.38	
65.84	6	0.38	
66.00	7	0.38	
66.17	8	0.38	
66.33	8	0.37	
66.50	9	0.37	
66.67	10	0.37	
66.82	11	0.36	
66.97	11	0.36	
67.11	12	0.36	
67.24	13	0.35	
67.36	13	0.35	
67.46	14	0.34	
67.55	15	0.33	
67.63	15	0.33	
67.70	16	0.32	
67.75	17	0.31	
67.80	18	0.30	
67.83	18	0.30	
67.86	19	0.29	
67.88	20	0.28	
67.89	20	0.27	
67.89	21	0.26	
67.90	22	0.25	
67.90	22	0.24	
67.89	23	0.23	
67.89	24	0.22	
67.88	25	0.21	
67.87	25	0.20	
67.87	26	0.19	
67.86	27	0.18	
67.86	27	0.17	
67.85	28	0.16	
67.85	29	0.15	
67.85	29	0.14	
67.85	30	0.13	
67.85	31	0.12	
67.85	32	0.11	
67.85	32	0.10	
67.85	33	0.09	
67.85	34	0.08	
67.85	34	0.07	
67.85	35	0.06	
67.86	36	0.05	
67.86	36	0.04	
67.86	37	0.03	
67.86	38	0.02	
67.86	39	0.01	
67.86	39	-0.00	
67.86	40	-0.01	
67.86	41	-0.02	
67.85	41	-0.03	
67.85	42	-0.04	
67.84	43	-0.06	
67.84	43	-0.07	
67.83	44	-0.08	
67.83	45	-0.09	
67.82	46	-0.10	
67.81	46	-0.11	
67.81	47	-0.12	
67.80	48	-0.13	
67.79	48	-0.14	
67.78	49	-0.15	
67.78	50	-0.17	
67.77	50	-0.18	
67.76	51	-0.19	
67.75	52	-0.20	
67.75	53	-0.21	
67.74	53	-0.22	
67.73	54	-0.23	
67.72	55	-0.24	
67.71	55	-0.25	
67.71	56	-0.26	
67.70	57	-0.27	
67.69	57	-0.28	
67.68	58	-0.29	
67.68	59	-0.30	
67.67	60	-0.31	
67.66	60	-0.32	
67.65	61	-0.33	
67.64	62	-0.35	
67.63	62	-0.36	
67.62	63	-0.37	
67.62	64	-0.37	
67.61	64	-0.38	
67.60	65	-0.39	
67.59	66	-0.40	
67.58	67	-0.41	
67.57	67	-0.42	
67.56	68	-0.43	
67.55	69	-0.44	
67.54	69	-0.45	
67.53	70	-0.46	
67.52	71	-0.47	
67.51	71	-0.48	
67.50	72	-0.49	
67.49	73	-0.49	
67.48	74	-0.50	
67.47	74	-0.51	
67.46	75	-0.52	
67.45	76	-0.53	
67.44	76	-0.54	
67.43	77	-0.55	
67.42	78	-0.55	
67.40	78	-0.56	
67.39	79	-0.57	
67.38	80	-0.57	
67.37	81	-0.58	
67.36	81	-0.59	
67.35	82	-0.60	
67.34	83	-0.60	
67.33	83	-0.61	
67.32	84	-0.62	
67.31	85	-0.63	
67.30	85	-0.63	
67.28	86	-0.64	
67.27	87	-0.65	
67.26	88	-0.65	
67.25	88	-0.66	
67.24	89	-0.66	
67.23	90	-0.67	
67.22	90	-0.68	
67.20	91	-0.68	
67.19	92	-0.69	
67.18	92	-0.69	
67.17	93	-0.70	
67.16	94	-0.70	
67.15	95	-0.71	
67.13	95	-0.71	
67.12	96	-0.72	
67.11	97	-0.72	
67.10	97	-0.73	
67.09	98	-0.73	
67.07	99	-0.74	
67.06	99	-0.74	
67.05	100	-0.75	
67.04	101	-0.75	
67.03	102	-0.76	
67.01	102	-0.76	
67.00	103	-0.76	
66.99	104	-0.77	
66.98	104	-0.77	
66.96	105	-0.78	
66.95	106	-0.78	
66.94	106	-0.79	
66.93	107	-0.79	
66.92	108	-0.79	
66.90	109	-0.80	
66.89	109	-0.80	
66.88	110	-0.80	
66.87	111	-0.81	
66.85	111	-0.81	
66.84	112	-0.81	
66.83	113	-0.82	
66.82	113	-0.82	
66.80	114	-0.83	
66.79	115	-0.83	
66.78	116	-0.84	
66.77	116	-0.84	
66.75	117	-0.84	
66.74	118	-0.85	
66.73	118	-0.85	
66.71	119	-0.85	
66.70	120	-0.86	
66.69	120	-0.86	
66.68	121	-0.87	
66.66	122	-0.87	
66.65	123	-0.87	
66.64	123	-0.88	
66.63	124	-0.88	
66.61	125	-0.89	
66.60	125	-0.89	
66.59	126	-0.89	
66.57	127	-0.90	
66.56	127	-0.90	
66.55	128	-0.91	
66.53	129	-0.91	
66.52	130	-0.92	
66.51	130	-0.92	
66.50	131	-0.93	
66.48	132	-0.93	
66.47	132	-0.94	
66.46	133	-0.94	
66.44	134	-0.94	
66.43	134	-0.95	
66.42	135	-0.95	
66.40	136	-0.96	
66.39	137	-0.96	
66.38	137	-0.97	
66.36	138	-0.97	
66.35	139	-0.97	
66.34	139	-0.98	
66.32	140	-0.98	
66.31	141	-0.98	
66.30	141	-0.99	
66.28	142	-0.99	
66.27	143	-1.00	
66.26	144	-1.00	
66.24	144	-1.01	
66.23	145	-1.01	
66.22	146	-1.02	
66.20	146	-1.02	
66.19	147	-1.02	
66.18	148	-1.03	
66.16	148	-1.03	
66.15	149	-1.04	
66.14	150	-1.04	
66.12	151	-1.04	
66.11	151	-1.05	
66.10	152	-1.05	
66.08	153	-1.06	
66.07	153	-1.06	
66.06	154	-1.06	
66.04	155	-1.07	
66.03	155	-1.07	
66.02	156	-1.07	
66.00	157	-1.07	
65.99	158	-1.08	
65.98	158	-1.08	
65.96	159	-1.08	
65.95	160	-1.08	
65.93	160	-1.09	
65.92	161	-1.09	
65.91	162	-1.09	
65.89	162	-1.09	
65.90	163	-1.09	
65.90	164	-1.10	
65.90	165	-1.10	
65.91	165	-1.10	
65.91	166	-1.10	
65.91	167	-1.11	
65.91	167	-1.11	
65.90	168	-1.11	
65.90	169	-1.11	
65.89	169	-1.11	
65.88	170	-1.12	
65.87	171	-1.12	
65.86	172	-1.12	
65.84	172	-1.12	
65.83	173	-1.12	
65.81	174	-1.12	
65.80	174	-1.13	
65.78	175	-1.13	
65.76	176	-1.13	
65.75	176	-1.13	
65.73	177	-1.13	
65.71	178	-1.13	
65.70	179	-1.13	
65.68	179	-1.13	
65.66	180	-1.13	
65.65	181	-1.13	
65.64	181	-1.14	
65.62	182	-1.14	
65.61	183	-1.14	
65.60	183	-1.14	
65.59	184	-1.14	
65.57	185	-1.14	
65.56	186	-1.14	
65.55	186	-1.14	
65.54	187	-1.14	
65.53	188	-1.14	
65.52	188	-1.14	
65.51	189	-1.14	
65.50	190	-1.14	
65.49	190	-1.14	
65.47	191	-1.14	
65.46	192	-1.14	
65.45	193	-1.14	
65.44	193	-1.14	
65.42	194	-1.14	
65.41	195	-1.14	
65.40	195	-1.14	
65.38	196	-1.13	
65.37	197	-1.13	
65.36	197	-1.13	
65.34	198	-1.13	
65.33	199	-1.13	
65.31	200	-1.13	
65.30	200	-1.13	
65.28	201	-1.13	
65.27	202	-1.13	
65.25	202	-1.13	
65.24	203	-1.13	
65.23	204	-1.13	
65.21	204	-1.13	
65.20	205	-1.13	
65.18	206	-1.13	
65.17	207	-1.13	
65.16	207	-1.13	
65.14	208	-1.13	
65.13	209	-1.13	
65.12	209	-1.13	
65.10	210	-1.12	
65.09	211	-1.12	
65.08	211	-1.12	
65.06	212	-1.12	
65.05	213	-1.12	
65.04	214	-1.12	
65.02	214	-1.12	
65.01	215	-1.11	
65.00	216	-1.11	
64.98	216	-1.11	
64.97	217	-1.11	
64.95	218	-1.11	
64.94	218	-1.10	
64.93	219	-1.10	
64.91	220	-1.10	
64.90	221	-1.10	
64.88	221	-1.10	
64.87	222	-1.10	
64.85	223	-1.10	
64.84	223	-1.10	
64.83	224	-1.09	
64.81	225	-1.09	
64.80	225	-1.09	
64.78	226	-1.09	
64.77	227	-1.09	
64.75	228	-1.09	
64.74	228	-1.09	
64.73	229	-1.09	
64.71	230	-1.08	
64.70	230	-1.08	
64.68	231	-1.08	
64.67	232	-1.08	
64.65	232	-1.08	
64.64	233	-1.08	
64.63	234	-1.07	
64.61	235	-1.07	
64.60	235	-1.07	
64.58	236	-1.07	
64.57	237	-1.07	
64.56	237	-1.07	
64.54	238	-1.06	
64.53	239	-1.06	
64.51	239	-1.06	
64.50	240	-1.06	
64.48	241	-1.06	
64.47	242	-1.06	
64.46	242	-1.06	
64.44	243	-1.05	
64.43	244	-1.05	
64.41	244	-1.05	
64.40	245	-1.05	
64.38	246	-1.05	
64.37	246	-1.05	
64.35	247	-1.05	
64.34	248	-1.04	
64.33	249	-1.04	
64.31	249	-1.04	
64.30	250	-1.04	
64.28	251	-1.04	
64.27	251	-1.04	
64.25	252	-1.03	
64.24	253	-1.03	
64.22	253	-1.03	
64.21	254	-1.03	
64.20	255	-1.03	
64.18	256	-1.03	
64.17	256	-1.03	
64.15	257	-1.03	
64.14	258	-1.03	
64.12	258	-1.03	
64.11	259	-1.03	
64.09	260	-1.03	
64.08	260	-1.03	
64.07	261	-1.02	
64.05	262	-1.02	
64.04	263	-1.02	
64.02	263	-1.02	
64.01	264	-1.02	
63.99	265	-1.02	
63.98	265	-1.02	
63.96	266	-1.02	
63.95	267	-1.01	
63.94	267	-1.01	
63.92	268	-1.01	
63.91	269	-1.01	
63.89	270	-1.01	
63.88	270	-1.01	
63.86	271	-1.01	
63.85	272	-1.00	
63.83	272	-1.00	
63.82	273	-1.00	
63.80	274	-1.00	
63.79	274	-1.00	
63.77	275	-1.00	
63.76	276	-1.00	
63.75	277	-1.00	
63.73	277	-1.00	
63.72	278	-1.00	
63.70	279	-0.99	
63.69	279	-0.99	
63.67	280	-0.99	
63.66	281	-0.99	
63.64	281	-0.99	
63.63	282	-0.99	
63.62	283	-0.99	
63.60	284	-0.99	
63.59	284	-0.99	
63.57	285	-0.99	
63.56	286	-0.98	
63.54	286	-0.98	
63.53	287	-0.98	
63.51	288	-0.98	
63.50	288	-0.98	
63.48	289	-0.98	
63.47	290	-0.98	
63.46	291	-0.98	
63.44	291	-0.98	
63.43	292	-0.98	
63.41	293	-0.98	
63.40	293	-0.98	
63.38	294	-0.98	
63.37	295	-0.98	
63.35	295	-0.98	
63.34	296	-0.98	
63.32	297	-0.97	
63.31	298	-0.97	
63.29	298	-0.97	
63.28	299	-0.97	
63.27	300	-0.97	
63.25	300	-0.97	
63.24	301	-0.97	
63.22	302	-0.97	
63.21	302	-0.97	
63.19	303	-0.97	
63.18	304	-0.97	
63.16	305	-0.97	
63.15	305	-0.97	
63.13	306	-0.97	
63.12	307	-0.97	
63.11	307	-0.97	
63.09	308	-0.97	
63.08	309	-0.97	
63.06	309	-0.97	
63.05	310	-0.97	
63.03	311	-0.96	
63.02	312	-0.96	
63.00	312	-0.96	
62.99	313	-0.96	
62.97	314	-0.96	
62.96	314	-0.96	
62.95	315	-0.96	
62.93	316	-0.96	
62.92	316	-0.96	
62.90	317	-0.96	
62.89	318	-0.96	
62.87	319	-0.96	
62.86	319	-0.96	
62.84	320	-0.96	
62.83	321	-0.95	
62.81	321	-0.95	
62.80	322	-0.95	
62.78	323	-0.95	
62.77	323	-0.95	
62.75	324	-0.95	
62.74	325	-0.95	
62.73	326	-0.95	
62.71	326	-0.95	
62.70	327	-0.95	
62.68	328	-0.95	
62.67	328	-0.96	
62.65	329	-0.96	
62.64	330	-0.96	
62.62	330	-0.96	
62.61	331	-0.96	
62.59	332	-0.95	
62.58	333	-0.95	
62.57	333	-0.95	
62.55	334	-0.95	
62.54	335	-0.95	
62.52	335	-0.95	
62.51	336	-0.95	
62.49	337	-0.95	
62.48	337	-0.95	
62.46	338	-0.95	
62.45	339	-0.95	
62.43	340	-0.95	
62.42	340	-0.95	
62.41	341	-0.95	
62.39	342	-0.96	
62.38	342	-0.96	
62.36	343	-0.96	
62.35	344	-0.96	
62.33	344	-0.96	
62.32	345	-0.95	
62.30	346	-0.95	
62.29	347	-0.95	
62.27	347	-0.95	
62.26	348	-0.95	
62.25	349	-0.95	
62.23	349	-0.95	
62.22	350	-0.96	
62.20	351	-0.96	
62.19	351	-0.96	
62.17	352	-0.96	
62.16	353	-0.96	
62.14	354	-0.96	
62.13	354	-0.96	
62.11	355	-0.96	
62.10	356	-0.96	
62.09	356	-0.96	
62.07	357	-0.96	
62.06	358	-0.96	
62.04	358	-0.96	
62.03	359	-0.96	
62.01	360	-0.96	
62.00	361	-0.96	
61.98	361	-0.96	
61.97	362	-0.96	
61.95	363	-0.96	
61.94	363	-0.96	
61.93	364	-0.97	
61.91	365	-0.97	
61.90	365	-0.97	
61.88	366	-0.97	
61.87	367	-0.97	
61.85	368	-0.97	
61.84	368	-0.97	
61.82	369	-0.97	
61.81	370	-0.97	
61.79	370	-0.97	
61.78	371	-0.97	
61.77	372	-0.97	
61.75	372	-0.97	
61.74	373	-0.97	
61.72	374	-0.98	
61.71	375	-0.98	
61.69	375	-0.98	
61.68	376	-0.98	
61.66	377	-0.98	
61.65	377	-0.98	
61.64	378	-0.98	
61.62	379	-0.98	
61.61	379	-0.98	
61.59	380	-0.98	
61.58	381	-0.98	
61.56	382	-0.98	
61.55	382	-0.98	
61.53	383	-0.98	
61.52	384	-0.98	
61.51	384	-0.98	
61.49	385	-0.98	
61.48	386	-0.98	
61.46	386	-0.98	
61.45	387	-0.98	
61.43	388	-0.98	
61.42	389	-0.98	
61.40	389	-0.98	
61.39	390	-0.98	
61.37	391	-0.98	
61.36	391	-0.99	
61.34	392	-0.99	
61.33	393	-0.99	
61.32	393	-0.99	
61.30	394	-0.99	
61.29	395	-0.99	
61.27	396	-0.99	
61.26	396	-0.99	
61.24	397	-0.99	
61.23	398	-0.99	
61.22	398	-1.00	
61.20	399	-1.00	
61.19	400	-1.00	
61.17	400	-1.00	
61.16	401	-1.00	
61.14	402	-1.00	
61.13	403	-1.00	
61.11	403	-1.00	
61.10	404	-1.00	
61.09	405	-1.00	
61.07	405	-1.00	
61.06	406	-1.00	
61.04	407	-1.00	
61.03	407	-1.00	
61.01	408	-1.01	
61.00	409	-1.01	
60.98	410	-1.01	
60.97	410	-1.01	
60.95	411	-1.01	
60.94	412	-1.01	
60.93	412	-1.01	
60.91	413	-1.01	
60.90	414	-1.01	
60.88	414	-1.01	
60.87	415	-1.01	
60.85	416	-1.01	
60.84	417	-1.01	
60.82	417	-1.01	
60.81	418	-1.01	
60.80	419	-1.02	
60.78	419	-1.02	
60.77	420	-1.02	
60.75	421	-1.02	
60.74	421	-1.02	
60.72	422	-1.02	
60.71	423	-1.02	
60.70	424	-1.02	
60.68	424	-1.02	
60.67	425	-1.02	
60.65	426	-1.02	
60.64	426	-1.02	
60.62	427	-1.02	
60.61	428	-1.03	
60.59	428	-1.03	
60.58	429	-1.03	
60.57	430	-1.03	
60.55	431	-1.03	
60.54	431	-1.03	
60.52	432	-1.03	
60.51	433	-1.03	
60.49	433	-1.03	
60.48	434	-1.03	
60.46	435	-1.03	
60.45	435	-1.03	
60.44	436	-1.03	
60.42	437	-1.03	
60.41	438	-1.03	
60.39	438	-1.03	
60.38	439	-1.03	
60.36	440	-1.03	
60.35	440	-1.03	
60.34	441	-1.03	
60.32	442	-1.03	
60.31	442	-1.03	
60.29	443	-1.04	
60.28	444	-1.04	
60.26	445	-1.04	
60.25	445	-1.04	
60.23	446	-1.04	
60.22	447	-1.04	
60.21	447	-1.04	
60.19	448	-1.04	
60.18	449	-1.04	
60.16	449	-1.04	
60.15	450	-1.04	
60.13	451	-1.04	
60.12	452	-1.04	
60.10	452	-1.04	
60.09	453	-1.04	
60.08	454	-1.05	
60.06	454	-1.05	
60.05	455	-1.05	
60.03	456	-1.05	
60.02	456	-1.05	
60.00	457	-1.05	
59.99	458	-1.05	
59.97	459	-1.05	
59.96	459	-1.05	
59.95	460	-1.05	
59.93	461	-1.05	
59.92	461	-1.05	
59.90	462	-1.05	
59.89	463	-1.06	
59.87	463	-1.06	
59.86	464	-1.06	
59.85	465	-1.06	
59.83	466	-1.06	
59.82	466	-1.06	
59.80	467	-1.06	
59.79	468	-1.06	
59.77	468	-1.06	
59.76	469	-1.06	
59.75	470	-1.06	
59.73	470	-1.06	
59.72	471	-1.06	
59.70	472	-1.06	
59.69	473	-1.06	
59.67	473	-1.06	
59.66	474	-1.06	
59.64	475	-1.06	
59.63	475	-1.06	
59.62	476	-1.06	
59.60	477	-1.06	
59.59	477	-1.06	
59.57	478	-1.06	
59.56	479	-1.06	
59.54	480	-1.06	
59.53	480	-1.06	
59.52	481	-1.06	
59.50	482	-1.06	
59.49	482	-1.06	
59.47	483	-1.06	
59.46	484	-1.06	
59.44	484	-1.06	
59.43	485	-1.06	
59.42	486	-1.06	
59.40	487	-1.06	
59.39	487	-1.06	
59.37	488	-1.06	
59.36	489	-1.07	
59.34	489	-1.07	
59.33	490	-1.07	
59.32	491	-1.07	
59.30	491	-1.07	
59.29	492	-1.07	
59.27	493	-1.07	
59.26	494	-1.07	
59.24	494	-1.07	
59.23	495	-1.07	
59.21	496	-1.07	
59.20	496	-1.07	
59.18	497	-1.07	
59.17	498	-1.07	
59.16	498	-1.07	
59.14	499	-1.07	
59.13	500	-1.07	
59.11	501	-1.07	
59.10	501	-1.07	
59.08	502	-1.07	
59.07	503	-1.07	
59.06	503	-1.07	
59.04	504	-1.07	
59.03	505	-1.07	
59.01	505	-1.07	
59.00	506	-1.07	
58.99	507	-1.08	
58.97	508	-1.08	
58.96	508	-1.08	
58.94	509	-1.07	
58.93	510	-1.07	
58.91	510	-1.07	
58.90	511	-1.07	
58.89	512	-1.07	
58.87	512	-1.07	
58.86	513	-1.08	
58.84	514	-1.08	
58.83	515	-1.08	
58.81	515	-1.08	
58.80	516	-1.08	
58.79	517	-1.08	
58.77	517	-1.08	
58.76	518	-1.08	
58.74	519	-1.07	
58.73	519	-1.07	
58.71	520	-1.08	
58.70	521	-1.08	
58.68	522	-1.08	
58.67	522	-1.08	
58.66	523	-1.08	
58.64	524	-1.08	
58.63	524	-1.08	
58.61	525	-1.08	
58.60	526	-1.08	
58.58	526	-1.08	
58.57	527	-1.08	
58.56	528	-1.08	
58.54	529	-1.08	
58.53	529	-1.08	
58.51	530	-1.08	
58.50	531	-1.08	
58.48	531	-1.08	
58.47	532	-1.08	
58.46	533	-1.08	
58.44	533	-1.08	
58.43	534	-1.08	
58.41	535	-1.08	
58.40	536	-1.08	
58.38	536	-1.08	
58.37	537	-1.08	
58.36	538	-1.08	
58.34	538	-1.08	
58.33	539	-1.08	
58.31	540	-1.08	
58.30	540	-1.08	
58.28	541	-1.08	
58.27	542	-1.08	
58.26	543	-1.08	
58.24	543	-1.08	
58.23	544	-1.08	
58.21	545	-1.08	
58.20	545	-1.08	
58.18	546	-1.08	
58.17	547	-1.08	
58.16	547	-1.08	
58.14	548	-1.08	
58.13	549	-1.08	
58.11	550	-1.08	
58.10	550	-1.08	
58.08	551	-1.08	
58.07	552	-1.08	
58.06	552	-1.08	
58.04	553	-1.08	
58.03	554	-1.08	
58.01	554	-1.09	
58.00	555	-1.09	
57.99	556	-1.09	
57.97	557	-1.09	
57.96	557	-1.09	
57.94	558	-1.09	
57.93	559	-1.09	
57.91	559	-1.09	
57.90	560	-1.09	
57.88	561	-1.09	
57.87	561	-1.09	
57.86	562	-1.08	
57.84	563	-1.08	
57.83	564	-1.09	
57.81	564	-1.09	
57.80	565	-1.09	
57.78	566	-1.09	
57.77	566	-1.09	
57.76	567	-1.09	
57.74	568	-1.09	
57.73	568	-1.09	
57.71	569	-1.09	
57.70	570	-1.09	
57.68	571	-1.09	
57.67	571	-1.09	
57.66	572	-1.09	
57.64	573	-1.09	
57.63	573	-1.09	
57.61	574	-1.09	
57.60	575	-1.09	
57.58	575	-1.09	
57.57	576	-1.09	
57.56	577	-1.09	
57.54	578	-1.09	
57.53	578	-1.09	
57.51	579	-1.09	
57.50	580	-1.09	
57.49	580	-1.09	
57.47	581	-1.09	
57.46	582	-1.09	
57.44	582	-1.09	
57.43	583	-1.09	
57.41	584	-1.09	
57.40	585	-1.09	
57.39	585	-1.09	
57.37	586	-1.09	
57.36	587	-1.09	
57.34	587	-1.09	
57.33	588	-1.09	
57.31	589	-1.09	
57.30	589	-1.08	
57.29	590	-1.08	
57.27	591	-1.08	
57.26	592	-1.08	
57.24	592	-1.09	
57.23	593	-1.09	
57.21	594	-1.09	
57.20	594	-1.09	
57.19	595	-1.09	
57.17	596	-1.09	
57.16	596	-1.09	
57.14	597	-1.09	
57.13	598	-1.09	
57.12	599	-1.09	
57.10	599	-1.09	
57.09	600	-1.09	
57.07	601	-1.09	
57.06	601	-1.09	
57.04	602	-1.09	
57.03	603	-1.09	
57.02	603	-1.09	
57.00	604	-1.09	
56.99	605	-1.09	
56.97	606	-1.09	
56.96	606	-1.09	
56.94	607	-1.09	
56.93	608	-1.09	
56.92	608	-1.09	
56.90	609	-1.09	
56.89	610	-1.09	
56.87	610	-1.09	
56.86	611	-1.09	
56.84	612	-1.09	
56.83	613	-1.09	
56.82	613	-1.09	
56.80	614	-1.09	
56.79	615	-1.09	
56.77	615	-1.09	
56.76	616	-1.09	
56.74	617	-1.09	
56.73	617	-1.09	
56.72	618	-1.09	
56.70	619	-1.09	
56.69	620	-1.09	
56.67	620	-1.09	
56.66	621	-1.09	
56.65	622	-1.09	
56.63	622	-1.09	
56.62	623	-1.09	
56.60	624	-1.09	
56.59	624	-1.09	
56.57	625	-1.09	
56.56	626	-1.09	
56.55	627	-1.09	
56.53	627	-1.09	
56.52	628	-1.09	
56.50	629	-1.09	
56.49	629	-1.09	
56.47	630	-1.09	
56.46	631	-1.09	
56.45	631	-1.09	
56.43	632	-1.09	
56.42	633	-1.09	
56.40	634	-1.09	
56.39	634	-1.09	
56.37	635	-1.09	
56.36	636	-1.09	
56.35	636	-1.09	
56.33	637	-1.09	
56.32	638	-1.09	
56.30	638	-1.09	
56.29	639	-1.09	
56.27	640	-1.09	
56.26	641	-1.09	
56.25	641	-1.09	
56.23	642	-1.09	
56.22	643	-1.09	
56.20	643	-1.09	
56.19	644	-1.09	
56.17	645	-1.09	
56.16	645	-1.09	
56.15	646	-1.09	
56.13	647	-1.09	
56.12	648	-1.09	
56.10	648	-1.09	
56.09	649	-1.09	
56.08	650	-1.09	
56.06	650	-1.09	
56.05	651	-1.09	
56.03	652	-1.09	
56.02	652	-1.09	
56.00	653	-1.09	
55.99	654	-1.09	
55.98	655	-1.09	
55.96	655	-1.09	
55.95	656	-1.09	
55.93	657	-1.09	
55.92	657	-1.09	
55.90	658	-1.09	
55.89	659	-1.09	
55.88	659	-1.09	
55.86	660	-1.09	
55.85	661	-1.09	
55.83	662	-1.09	
55.82	662	-1.09	
55.81	663	-1.09	
55.79	664	-1.09	
55.78	664	-1.09	
55.76	665	-1.09	
55.75	666	-1.09	
55.73	666	-1.09	
55.72	667	-1.09	
55.71	668	-1.09	
55.69	669	-1.09	
55.68	669	-1.09	
55.66	670	-1.09	
55.65	671	-1.08	
55.64	671	-1.08	
55.62	672	-1.09	
55.61	673	-1.09	
55.59	673	-1.09	
55.58	674	-1.09	
55.56	675	-1.09	
55.55	676	-1.09	
55.53	676	-1.09	
55.52	677	-1.09	
55.51	678	-1.09	
55.49	678	-1.09	
55.48	679	-1.09	
55.46	680	-1.09	
55.45	680	-1.09	
55.44	681	-1.09	
55.42	682	-1.09	
55.41	683	-1.09	
55.39	683	-1.09	
55.38	684	-1.09	
55.36	685	-1.09	
55.35	685	-1.09	
55.34	686	-1.09	
55.32	687	-1.09	
55.31	687	-1.09	
55.29	688	-1.09	
55.28	689	-1.09	
55.27	690	-1.09	
55.25	690	-1.09	
55.24	691	-1.09	
55.22	692	-1.09	
55.21	692	-1.09	
55.19	693	-1.09	
55.18	694	-1.09	
55.17	694	-1.09	
55.15	695	-1.09	
55.14	696	-1.09	
55.12	697	-1.09	
55.11	697	-1.09	
55.09	698	-1.09	
55.08	699	-1.09	
55.07	699	-1.09	
55.05	700	-1.09	
55.04	701	-1.08	
55.02	701	-1.08	
55.01	702	-1.08	
55.00	703	-1.08	
54.98	704	-1.08	
54.97	704	-1.08	
54.95	705	-1.09	
54.94	706	-1.09	
54.92	706	-1.09	
54.91	707	-1.09	
54.90	708	-1.09	
54.88	708	-1.08	
54.87	709	-1.08	
54.85	710	-1.08	
54.84	711	-1.08	
54.82	711	-1.08	
54.81	712	-1.08	
54.80	713	-1.08	
54.78	713	-1.08	
54.77	714	-1.08	
54.75	715	-1.08	
54.74	715	-1.08	
54.73	716	-1.08	
54.71	717	-1.08	
54.70	718	-1.08	
54.68	718	-1.08	
54.67	719	-1.08	
54.65	720	-1.08	
54.64	720	-1.08	
54.63	721	-1.08	
54.61	722	-1.08	
54.60	722	-1.08	
54.58	723	-1.08	
54.57	724	-1.08	
54.55	725	-1.08	
54.54	725	-1.08	
54.53	726	-1.08	
54.51	727	-1.08	
54.50	727	-1.08	
54.48	728	-1.08	
54.47	729	-1.08	
54.46	729	-1.08	
54.44	730	-1.08	
54.43	731	-1.08	
54.41	732	-1.08	
54.40	732	-1.08	
54.38	733	-1.08	
54.37	734	-1.08	
54.36	734	-1.08	
54.34	735	-1.08	
54.33	736	-1.08	
54.31	736	-1.08	
54.30	737	-1.08	
54.29	738	-1.08	
54.27	739	-1.08	
54.26	739	-1.08	
54.24	740	-1.08	
54.23	741	-1.08	
54.21	741	-1.08	
54.20	742	-1.08	
54.19	743	-1.08	
54.17	743	-1.08	
54.16	744	-1.08	
54.14	745	-1.08	
54.13	746	-1.08	
54.12	746	-1.08	
54.10	747	-1.08	
54.09	748	-1.08	
54.07	748	-1.08	
54.06	749	-1.08	
54.04	750	-1.08	
54.03	750	-1.08	
54.02	751	-1.08	
54.00	752	-1.08	
53.99	753	-1.08	
53.97	753	-1.08	
53.96	754	-1.08	
53.94	755	-1.08	
53.93	755	-1.08	
53.92	756	-1.08	
53.90	757	-1.08	
53.89	757	-1.08	
53.87	758	-1.08	
53.86	759	-1.08	
53.85	760	-1.08	
53.83	760	-1.08	
53.82	761	-1.08	
53.80	762	-1.08	
53.79	762	-1.08	
53.77	763	-1.08	
53.76	764	-1.08	
53.75	764	-1.08	
53.73	765	-1.07	
53.72	766	-1.08	
53.70	767	-1.08	
53.69	767	-1.08	
53.67	768	-1.08	
53.66	769	-1.08	
53.65	769	-1.08	
53.63	770	-1.08	
53.62	771	-1.08	
53.60	771	-1.08	
53.59	772	-1.07	
53.58	773	-1.07	
53.56	774	-1.07	
53.55	774	-1.07	
53.53	775	-1.07	
53.52	776	-1.07	
53.50	776	-1.07	
53.49	777	-1.07	
53.48	778	-1.07	
53.46	778	-1.07	
53.45	779	-1.07	
53.43	780	-1.07	
53.42	781	-1.07	
53.41	781	-1.07	
53.39	782	-1.07	
53.38	783	-1.07	
53.36	783	-1.07	
53.35	784	-1.07	
53.33	785	-1.07	
53.32	785	-1.07	
53.31	786	-1.07	
53.29	787	-1.07	
53.28	788	-1.07	
53.26	788	-1.07	
53.25	789	-1.07	
53.23	790	-1.07	
53.22	790	-1.07	
53.21	791	-1.07	
53.19	792	-1.07	
53.18	792	-1.07	
53.16	793	-1.07	
53.15	794	-1.07	
53.14	795	-1.07	
53.12	795	-1.07	
53.11	796	-1.07	
53.09	797	-1.07	
53.08	797	-1.07	
53.06	798	-1.07	
53.05	799	-1.07	
53.04	799	-1.07	
53.02	800	-1.07	
53.01	801	-1.07	
52.99	802	-1.07	
52.98	802	-1.07	
52.97	803	-1.07	
52.95	804	-1.07	
52.94	804	-1.07	
52.92	805	-1.07	
52.91	806	-1.07	
52.90	806	-1.07	
52.88	807	-1.07	
52.87	808	-1.07	
52.85	809	-1.07	
52.84	809	-1.07	
52.82	810	-1.07	
52.81	811	-1.07	
52.80	811	-1.07	
52.78	812	-1.07	
52.77	813	-1.07	
52.75	813	-1.07	
52.74	814	-1.07	
52.72	815	-1.07	
52.71	816	-1.07	
52.70	816	-1.07	
52.68	817	-1.07	
52.67	818	-1.07	
52.65	818	-1.07	
52.64	819	-1.07	
52.62	820	-1.07	
52.61	820	-1.07	
52.60	821	-1.07	
52.58	822	-1.07	
52.57	823	-1.07	
52.55	823	-1.07	
52.54	824	-1.07	
52.53	825	-1.07	
52.51	825	-1.07	
52.50	826	-1.07	
52.48	827	-1.07	
52.47	827	-1.07	
52.46	828	-1.07	
52.44	829	-1.07	
52.43	830	-1.07	
52.41	830	-1.07	
52.40	831	-1.07	
52.38	832	-1.07	
52.37	832	-1.07	
52.36	833	-1.07	
52.34	834	-1.07	
52.33	834	-1.07	
52.31	835	-1.07	
52.30	836	-1.07	
52.28	837	-1.07	
52.27	837	-1.07	
52.26	838	-1.07	
52.24	839	-1.06	
52.23	839	-1.06	
52.21	840	-1.06	
52.20	841	-1.06	
52.19	841	-1.06	
52.17	842	-1.06	
52.16	843	-1.07	
52.14	844	-1.07	
52.13	844	-1.07	
52.11	845	-1.07	
52.10	846	-1.07	
52.09	846	-1.07	
52.07	847	-1.07	
52.06	848	-1.06	
52.04	848	-1.06	
52.03	849	-1.06	
52.02	850	-1.06	
52.00	851	-1.06	
51.99	851	-1.07	
51.97	852	-1.07	
51.96	853	-1.07	
51.94	853	-1.07	
51.93	854	-1.07	
51.92	855	-1.07	
51.90	855	-1.07	
51.89	856	-1.07	
51.87	857	-1.07	
51.86	858	-1.07	
51.84	858	-1.07	
51.83	859	-1.07	
51.82	860	-1.07	
51.80	860	-1.07	
51.79	861	-1.07	
51.77	862	-1.06	
51.76	862	-1.06	
51.75	863	-1.06	
51.73	864	-1.07	
51.72	865	-1.07	
51.70	865	-1.07	
51.69	866	-1.07	
51.67	867	-1.07	
51.66	867	-1.07	
51.65	868	-1.07	
51.63	869	-1.07	
51.62	869	-1.07	
51.60	870	-1.07	
51.59	871	-1.07	
51.58	872	-1.07	
51.56	872	-1.07	
51.55	873	-1.07	
51.53	874	-1.06	
51.52	874	-1.06	
51.51	875	-1.06	
51.49	876	-1.06	
51.48	876	-1.06	
51.46	877	-1.06	
51.45	878	-1.06	
51.43	879	-1.06	
51.42	879	-1.06	
51.41	880	-1.06	
51.39	881	-1.06	
51.38	881	-1.06	
51.36	882	-1.06	
51.35	883	-1.06	
51.33	883	-1.06	
51.32	884	-1.06	
51.31	885	-1.06	
51.29	886	-1.06	
51.28	886	-1.06	
51.26	887	-1.06	
51.25	888	-1.06	
51.23	888	-1.06	
51.22	889	-1.06	
51.21	890	-1.06	
51.19	890	-1.06	
51.18	891	-1.06	
51.16	892	-1.06	
51.15	893	-1.06	
51.14	893	-1.06	
51.12	894	-1.06	
51.11	895	-1.06	
51.09	895	-1.06	
51.08	896	-1.06	
51.07	897	-1.06	
51.05	897	-1.06	
51.04	898	-1.06	
51.02	899	-1.06	
51.01	900	-1.06	
50.99	900	-1.06	
50.98	901	-1.06	
50.97	902	-1.06	
50.95	902	-1.06	
50.94	903	-1.06	
50.92	904	-1.06	
50.91	904	-1.06	
50.89	905	-1.06	
50.88	906	-1.06	
50.87	907	-1.06	
50.85	907	-1.06	
50.84	908	-1.06	
50.82	909	-1.06	
50.81	909	-1.06	
50.80	910	-1.06	
50.78	911	-1.06	
50.77	911	-1.06	
50.75	912	-1.06	
50.74	913	-1.06	
50.73	914	-1.06	
50.71	914	-1.06	
50.70	915	-1.06	
50.68	916	-1.05	
50.67	916	-1.05	
50.65	917	-1.05	
50.64	918	-1.05	
50.63	918	-1.06	
50.61	919	-1.06	
50.60	920	-1.06	
50.58	921	-1.06	
50.57	921	-1.06	
50.56	922	-1.06	
50.54	923	-1.06	
50.53	923	-1.06	
50.51	924	-1.06	
50.50	925	-1.05	
50.48	925	-1.05	
50.47	926	-1.05	
50.46	927	-1.05	
50.44	928	-1.05	
50.43	928	-1.05	
50.41	929	-1.06	
50.40	930	-1.06	
50.38	930	-1.06	
50.37	931	-1.06	
50.36	932	-1.05	
50.34	932	-1.05	
50.33	933	-1.05	
50.31	934	-1.05	
50.30	935	-1.05	
50.29	935	-1.05	
50.27	936	-1.05	
50.26	937	-1.05	
50.24	937	-1.05	
50.23	938	-1.05	
50.22	939	-1.05	
50.20	939	-1.05	
50.19	940	-1.05	
50.17	941	-1.05	
50.16	942	-1.05	
50.14	942	-1.05	
50.13	943	-1.05	
50.12	944	-1.05	
50.10	944	-1.05	
50.09	945	-1.05	
50.07	946	-1.05	
50.06	946	-1.05	
50.04	947	-1.05	
50.03	948	-1.05	
50.02	949	-1.05	
50.00	949	-1.05	
49.99	950	-1.05	
49.97	951	-1.05	
49.96	951	-1.05	
49.94	952	-1.05	
49.93	953	-1.05	
49.92	953	-1.05	
49.90	954	-1.05	
49.89	955	-1.05	
49.87	956	-1.05	
49.86	956	-1.05	
49.85	957	-1.05	
49.83	958	-1.05	
49.82	958	-1.05	
49.80	959	-1.05	
49.79	960	-1.05	
49.78	960	-1.05	
49.76	961	-1.05	
49.75	962	-1.05	
49.73	963	-1.05	
49.72	963	-1.05	
49.71	964	-1.05	
49.69	965	-1.05	
49.68	965	-1.05	
49.66	966	-1.05	
49.65	967	-1.05	
49.63	967	-1.05	
49.62	968	-1.05	
49.61	969	-1.05	
49.59	970	-1.05	
49.58	970	-1.05	
49.56	971	-1.05	
49.55	972	-1.05	
49.53	972	-1.05	
49.52	973	-1.05	
49.51	974	-1.05	
49.49	974	-1.04	
49.48	975	-1.04	
49.46	976	-1.04	
49.45	977	-1.04	
49.43	977	-1.04	
49.42	978	-1.04	
49.41	979	-1.04	
49.39	979	-1.04	
49.38	980	-1.04	
49.36	981	-1.04	
49.35	981	-1.04	
49.34	982	-1.04	
49.32	983	-1.04	
49.31	984	-1.04	
49.29	984	-1.04	
49.28	985	-1.04	
49.27	986	-1.04	
49.25	986	-1.04	
49.24	987	-1.04	
49.22	988	-1.04	
49.21	988	-1.04	
49.19	989	-1.04	
49.18	990	-1.04	
49.17	991	-1.04	
49.15	991	-1.04	
49.14	992	-1.04	
49.12	993	-1.04	
49.11	993	-1.04	
49.09	994	-1.04	
49.08	995	-1.04	
49.07	995	-1.04	
49.05	996	-1.04	
49.04	997	-1.04	
49.02	998	-1.04	
49.01	998	-1.04	
49.00	999	-1.04	
48.98	1000	-1.04	
48.97	1000	-1.04	
48.95	1001	-1.04	
48.94	1002	-1.04	
48.93	1002	-1.04	
48.91	1003	-1.03	
48.90	1004	-1.03	
48.88	1005	-1.03	
48.87	1005	-1.03	
48.85	1006	-1.03	
48.84	1007	-1.03	
48.83	1007	-1.04	
48.81	1008	-1.04	
48.80	1009	-1.03	
48.78	1009	-1.03	
48.77	1010	-1.04	
48.75	1011	-1.04	
48.74	1012	-1.04	
48.73	1012	-1.04	
48.71	1013	-1.04	
48.70	1014	-1.04	
48.68	1014	-1.04	
48.67	1015	-1.04	
48.66	1016	-1.04	
48.64	1016	-1.04	
48.63	1017	-1.04	
48.61	1018	-1.03	
48.60	1019	-1.03	
48.58	1019	-1.03	
48.57	1020	-1.03	
48.56	1021	-1.03	
48.54	1021	-1.03	
48.53	1022	-1.03	
48.51	1023	-1.03	
48.50	1023	-1.03	
48.48	1024	-1.04	
48.47	1025	-1.03	
48.46	1026	-1.03	
48.44	1026	-1.03	
48.43	1027	-1.03	
48.41	1028	-1.03	
48.40	1028	-1.03	
48.39	1029	-1.03	
48.37	1030	-1.03	
48.36	1030	-1.03	
48.34	1031	-1.03	
48.33	1032	-1.03	
48.32	1033	-1.03	
48.30	1033	-1.03	
48.29	1034	-1.03	
48.27	1035	-1.03	
48.26	1035	-1.03	
48.24	1036	-1.03	
48.23	1037	-1.03	
48.22	1037	-1.03	
48.20	1038	-1.03	
48.19	1039	-1.03	
48.17	1040	-1.03	
48.16	1040	-1.03	
48.15	1041	-1.03	
48.13	1042	-1.03	
48.12	1042	-1.03	
48.10	1043	-1.03	
48.09	1044	-1.03	
48.07	1044	-1.03	
48.06	1045	-1.03	
48.05	1046	-1.03	
48.03	1047	-1.03	
48.02	1047	-1.03	
48.00	1048	-1.03	
47.99	1049	-1.03	
47.97	1049	-1.03	
47.96	1050	-1.03	
47.95	1051	-1.02	
47.93	1051	-1.02	
47.92	1052	-1.02	
47.90	1053	-1.02	
47.89	1054	-1.02	
47.88	1054	-1.02	
47.86	1055	-1.02	
47.85	1056	-1.02	
47.83	1056	-1.02	
47.82	1057	-1.02	
47.81	1058	-1.02	
47.79	1058	-1.02	
47.78	1059	-1.02	
47.76	1060	-1.02	
47.75	1061	-1.02	
47.73	1061	-1.02	
47.72	1062	-1.02	
47.71	1063	-1.02	
47.69	1063	-1.02	
47.68	1064	-1.02	
47.66	1065	-1.02	
47.65	1065	-1.02	
47.63	1066	-1.02	
47.62	1067	-1.02	
47.61	1068	-1.02	
47.59	1068	-1.02	
47.58	1069	-1.02	
47.56	1070	-1.02	
47.55	1070	-1.02	
47.54	1071	-1.02	
47.52	1072	-1.02	
47.51	1072	-1.02	
47.49	1073	-1.02	
47.48	1074	-1.02	
47.47	1075	-1.02	
47.45	1075	-1.02	
47.44	1076	-1.01	
47.42	1077	-1.01	
47.41	1077	-1.01	
47.39	1078	-1.01	
47.38	1079	-1.01	
47.37	1079	-1.01	
47.35	1080	-1.02	
47.34	1081	-1.02	
47.32	1082	-1.02	
47.31	1082	-1.02	
47.29	1083	-1.02	
47.28	1084	-1.01	
47.27	1084	-1.01	
47.25	1085	-1.01	
47.24	1086	-1.01	
47.22	1086	-1.01	
47.21	1087	-1.01	
47.19	1088	-1.01	
47.18	1089	-1.01	
47.17	1089	-1.01	
47.15	1090	-1.01	
47.14	1091	-1.01	
47.12	1091	-1.01	
47.11	1092	-1.01	
47.10	1093	-1.01	
47.08	1093	-1.01	
47.07	1094	-1.01	
47.05	1095	-1.01	
47.04	1096	-1.01	
47.03	1096	-1.01	
47.01	1097	-1.01	
47.00	1098	-1.01	
46.98	1098	-1.01	
46.97	1099	-1.00	
46.96	1100	-1.00	
46.94	1100	-1.01	
46.93	1101	-1.01	
46.91	1102	-1.01	
46.90	1103	-1.01	
46.88	1103	-1.00	
46.87	1104	-1.00	
46.86	1105	-1.00	
46.84	1105	-1.00	
46.83	1106	-1.00	
46.81	1107	-1.00	
46.80	1107	-1.00	
46.78	1108	-1.00	
46.77	1109	-1.00	
46.76	1110	-1.00	
46.74	1110	-1.00	
46.73	1111	-1.00	
46.71	1112	-1.00	
46.70	1112	-1.00	
46.69	1113	-1.00	
46.67	1114	-1.00	
46.66	1114	-1.00	
46.64	1115	-1.00	
46.63	1116	-1.00	
46.61	1117	-1.00	
46.60	1117	-1.00	
46.59	1118	-1.00	
46.57	1119	-1.00	
46.56	1119	-1.00	
46.54	1120	-1.00	
46.53	1121	-1.00	
46.52	1121	-1.00	
46.50	1122	-1.00	
46.49	1123	-1.00	
46.47	1124	-1.00	
46.46	1124	-1.00	
46.44	1125	-1.00	
46.43	1126	-1.00	
46.42	1126	-1.00	
46.40	1127	-1.00	
46.39	1128	-1.00	
46.37	1128	-1.00	
46.36	1129	-0.99	
46.35	1130	-0.99	
46.33	1131	-0.99	
46.32	1131	-0.99	
46.30	1132	-0.99	
46.29	1133	-0.99	
46.27	1133	-0.99	
46.26	1134	-0.99	
46.25	1135	-0.99	
46.23	1135	-0.99	
46.22	1136	-0.99	
46.20	1137	-0.99	
46.19	1138	-0.99	
46.18	1138	-0.99	
46.16	1139	-0.99	
46.15	1140	-0.99	
46.13	1140	-0.99	
46.12	1141	-0.99	
46.10	1142	-0.99	
46.09	1142	-0.99	
46.08	1143	-0.99	
46.06	1144	-0.99	
46.05	1145	-0.99	
46.03	1145	-0.99	
46.02	1146	-0.98	
46.00	1147	-0.98	
45.99	1147	-0.98	
45.98	1148	-0.98	
45.96	1149	-0.98	
45.95	1149	-0.99	
45.93	1150	-0.99	
45.92	1151	-0.98	
45.91	1152	-0.98	
45.89	1152	-0.98	
45.88	1153	-0.98	
45.86	1154	-0.98	
45.85	1154	-0.98	
45.84	1155	-0.98	
45.82	1156	-0.98	
45.81	1156	-0.98	
45.79	1157	-0.98	
45.78	1158	-0.98	
45.76	1159	-0.98	
45.75	1159	-0.98	
45.74	1160	-0.98	
45.72	1161	-0.98	
45.71	1161	-0.98	
45.69	1162	-0.98	
45.68	1163	-0.98	
45.67	1163	-0.98	
45.65	1164	-0.98	
45.64	1165	-0.98	
45.62	1166	-0.98	
45.61	1166	-0.98	
45.59	1167	-0.98	
45.58	1168	-0.98	
45.57	1168	-0.97	
45.55	1169	-0.97	
45.54	1170	-0.97	
45.52	1170	-0.97	
45.51	1171	-0.97	
45.50	1172	-0.97	
45.48	1173	-0.97	
45.47	1173	-0.97	
45.45	1174	-0.97	
45.44	1175	-0.97	
45.42	1175	-0.97	
45.41	1176	-0.97	
45.40	1177	-0.97	
45.38	1177	-0.97	
45.37	1178	-0.97	
45.35	1179	-0.97	
45.34	1180	-0.97	
45.33	1180	-0.97	
45.31	1181	-0.97	
45.30	1182	-0.97	
45.28	1182	-0.97	
45.27	1183	-0.97	
45.25	1184	-0.97	
45.24	1184	-0.97	
45.23	1185	-0.97	
45.21	1186	-0.97	
45.20	1187	-0.97	
45.18	1187	-0.97	
45.17	1188	-0.97	
45.16	1189	-0.97	
45.14	1189	-0.97	
45.13	1190	-0.96	
45.11	1191	-0.96	
45.10	1191	-0.96	
45.08	1192	-0.96	
45.07	1193	-0.96	
45.06	1194	-0.96	
45.04	1194	-0.96	
45.03	1195	-0.96	
45.01	1196	-0.96	
45.00	1196	-0.96	
44.98	1197	-0.96	
44.97	1198	-0.96	
44.96	1198	-0.96	
44.94	1199	-0.96	
44.93	1200	-0.96	
44.91	1201	-0.96	
44.90	1201	-0.96	
44.88	1202	-0.95	
44.87	1203	-0.95	
44.86	1203	-0.95	
44.84	1204	-0.95	
44.83	1205	-0.95	
44.82	1205	-0.95	
44.80	1206	-0.95	
44.79	1207	-0.95	
44.77	1208	-0.95	
44.76	1208	-0.95	
44.74	1209	-0.95	
44.73	1210	-0.95	
44.72	1210	-0.95	
44.70	1211	-0.95	
44.69	1212	-0.95	
44.67	1212	-0.95	
44.66	1213	-0.95	
44.65	1214	-0.95	
44.63	1215	-0.95	
44.62	1215	-0.95	
44.60	1216	-0.95	
44.59	1217	-0.95	
44.57	1217	-0.95	
44.56	1218	-0.95	
44.55	1219	-0.94	
44.53	1219	-0.94	
44.52	1220	-0.94	
44.50	1221	-0.94	
44.49	1222	-0.94	
44.47	1222	-0.94	
44.46	1223	-0.94	
44.45	1224	-0.94	
44.43	1224	-0.94	
44.42	1225	-0.94	
44.40	1226	-0.94	
44.39	1226	-0.94	
44.38	1227	-0.94	
44.36	1228	-0.94	
44.35	1229	-0.94	
44.33	1229	-0.94	
44.32	1230	-0.94	
44.31	1231	-0.94	
44.29	1231	-0.94	
44.28	1232	-0.94	
44.26	1233	-0.94	
44.25	1233	-0.94	
44.24	1234	-0.94	
44.22	1235	-0.94	
44.21	1236	-0.94	
44.19	1236	-0.94	
44.18	1237	-0.93	
44.16	1238	-0.93	
44.15	1238	-0.93	
44.14	1239	-0.93	
44.12	1240	-0.93	
44.11	1240	-0.93	
44.09	1241	-0.93	
44.08	1242	-0.93	
44.06	1243	-0.93	
44.05	1243	-0.93	
44.04	1244	-0.93	
44.02	1245	-0.93	
44.01	1245	-0.93	
43.99	1246	-0.93	
43.98	1247	-0.93	
43.96	1247	-0.93	
43.95	1248	-0.93	
43.94	1249	-0.93	
43.92	1250	-0.92	
43.91	1250	-0.92	
43.89	1251	-0.93	
43.88	1252	-0.93	
43.87	1252	-0.93	
43.85	1253	-0.92	
43.84	1254	-0.92	
43.82	1254	-0.92	
43.81	1255	-0.92	
43.80	1256	-0.92	
43.78	1257	-0.92	
43.77	1257	-0.92	
43.75	1258	-0.92	
43.74	1259	-0.92	
43.72	1259	-0.92	
43.71	1260	-0.92	
43.70	1261	-0.91	
43.68	1261	-0.91	
43.67	1262	-0.91	
43.65	1263	-0.91	
43.64	1264	-0.91	
43.63	1264	-0.91	
43.61	1265	-0.91	
43.60	1266	-0.91	
43.58	1266	-0.91	
43.57	1267	-0.91	
43.55	1268	-0.91	
43.54	1268	-0.91	
43.53	1269	-0.91	
43.51	1270	-0.91	
43.50	1271	-0.91	
43.48	1271	-0.91	
43.47	1272	-0.91	
43.46	1273	-0.90	
43.44	1273	-0.90	
43.43	1274	-0.90	
43.41	1275	-0.90	
43.40	1275	-0.90	
43.38	1276	-0.90	
43.37	1277	-0.90	
43.36	1278	-0.90	
43.34	1278	-0.90	
43.33	1279	-0.90	
43.31	1280	-0.90	
43.30	1280	-0.90	
43.29	1281	-0.90	
43.27	1282	-0.90	
43.26	1282	-0.90	
43.24	1283	-0.90	
43.23	1284	-0.90	
43.22	1285	-0.89	
43.20	1285	-0.89	
43.19	1286	-0.89	
43.17	1287	-0.89	
43.16	1287	-0.89	
43.14	1288	-0.89	
43.13	1289	-0.89	
43.12	1289	-0.89	
43.10	1290	-0.89	
43.09	1291	-0.89	
43.07	1292	-0.89	
43.06	1292	-0.89	
43.04	1293	-0.89	
43.03	1294	-0.89	
43.02	1294	-0.89	
43.00	1295	-0.88	
42.99	1296	-0.88	
42.97	1296	-0.88	
42.96	1297	-0.88	
42.94	1298	-0.88	
42.93	1299	-0.88	
42.92	1299	-0.88	
42.90	1300	-0.88	
42.89	1301	-0.88	
42.87	1301	-0.88	
42.86	1302	-0.88	
42.85	1303	-0.88	
42.83	1303	-0.88	
42.82	1304	-0.88	
42.80	1305	-0.88	
42.79	1306	-0.88	
42.78	1306	-0.88	
42.76	1307	-0.87	
42.75	1308	-0.87	
42.73	1308	-0.87	
42.72	1309	-0.87	
42.70	1310	-0.87	
42.69	1310	-0.87	
42.68	1311	-0.87	
42.66	1312	-0.87	
42.65	1313	-0.87	
42.63	1313	-0.87	
42.62	1314	-0.87	
42.60	1315	-0.87	
42.59	1315	-0.87	
42.58	1316	-0.87	
42.56	1317	-0.86	
42.55	1317	-0.86	
42.53	1318	-0.86	
42.52	1319	-0.86	
42.51	1320	-0.86	
42.49	1320	-0.86	
42.48	1321	-0.86	
42.46	1322	-0.86	
42.45	1322	-0.86	
42.44	1323	-0.86	
42.42	1324	-0.86	
42.41	1324	-0.86	
42.39	1325	-0.86	
42.38	1326	-0.85	
42.37	1327	-0.85	
42.35	1327	-0.85	
42.34	1328	-0.85	
42.32	1329	-0.85	
42.31	1329	-0.85	
42.29	1330	-0.85	
42.28	1331	-0.85	
42.27	1331	-0.85	
42.25	1332	-0.85	
42.24	1333	-0.85	
42.22	1334	-0.85	
42.21	1334	-0.85	
42.19	1335	-0.84	
42.18	1336	-0.84	
42.17	1336	-0.84	
42.15	1337	-0.84	
42.14	1338	-0.84	
42.12	1338	-0.84	
42.11	1339	-0.84	
42.09	1340	-0.84	
42.08	1341	-0.84	
42.07	1341	-0.84	
42.05	1342	-0.84	
42.04	1343	-0.83	
42.02	1343	-0.83	
42.01	1344	-0.83	
42.00	1345	-0.83	
41.98	1345	-0.83	
41.97	1346	-0.83	
41.95	1347	-0.83	
41.94	1348	-0.83	
41.93	1348	-0.83	
41.91	1349	-0.83	
41.90	1350	-0.83	
41.88	1350	-0.83	
41.87	1351	-0.83	
41.85	1352	-0.83	
41.84	1352	-0.83	
41.83	1353	-0.83	
41.81	1354	-0.82	
41.80	1355	-0.82	
41.78	1355	-0.82	
41.77	1356	-0.82	
41.76	1357	-0.82	
41.74	1357	-0.82	
41.73	1358	-0.82	
41.71	1359	-0.81	
41.70	1359	-0.81	
41.68	1360	-0.81	
41.67	1361	-0.81	
41.66	1362	-0.81	
41.64	1362	-0.81	
41.63	1363	-0.81	
41.61	1364	-0.81	
41.60	1364	-0.81	
41.59	1365	-0.81	
41.57	1366	-0.81	
41.56	1366	-0.81	
41.54	1367	-0.80	
41.53	1368	-0.80	
41.51	1369	-0.80	
41.50	1369	-0.80	
41.49	1370	-0.80	
41.47	1371	-0.80	
41.46	1371	-0.80	
41.44	1372	-0.80	
41.43	1373	-0.80	
41.42	1373	-0.80	
41.40	1374	-0.80	
41.39	1375	-0.80	
41.37	1376	-0.80	
41.36	1376	-0.80	
41.34	1377	-0.80	
41.33	1378	-0.79	
41.32	1378	-0.79	
41.30	1379	-0.79	
41.29	1380	-0.79	
41.27	1380	-0.79	
41.26	1381	-0.79	
41.25	1382	-0.79	
41.23	1383	-0.79	
41.22	1383	-0.78	
41.20	1384	-0.78	
41.19	1385	-0.78	
41.17	1385	-0.78	
41.16	1386	-0.78	
41.15	1387	-0.78	
41.13	1387	-0.78	
41.12	1388	-0.78	
41.10	1389	-0.78	
41.09	1390	-0.78	
41.08	1390	-0.77	
41.06	1391	-0.77	
41.05	1392	-0.77	
41.03	1392	-0.77	
41.02	1393	-0.77	
41.00	1394	-0.77	
40.99	1394	-0.77	
40.98	1395	-0.77	
40.96	1396	-0.77	
40.95	1397	-0.77	
40.93	1397	-0.77	
40.92	1398	-0.77	
40.91	1399	-0.76	
40.89	1399	-0.76	
40.88	1400	-0.76	
40.86	1401	-0.76	
40.85	1401	-0.76	
40.83	1402	-0.76	
40.82	1403	-0.76	
40.81	1404	-0.76	
40.79	1404	-0.76	
40.78	1405	-0.75	
40.76	1406	-0.75	
40.75	1406	-0.75	
40.74	1407	-0.75	
40.72	1408	-0.75	
40.71	1408	-0.75	
40.69	1409	-0.75	
40.68	1410	-0.75	
40.66	1411	-0.74	
40.65	1411	-0.74	
40.64	1412	-0.74	
40.62	1413	-0.74	
40.61	1413	-0.74	
40.59	1414	-0.74	
40.58	1415	-0.74	
40.57	1415	-0.74	
40.55	1416	-0.74	
40.54	1417	-0.73	
40.52	1418	-0.73	
40.51	1418	-0.73	
40.49	1419	-0.73	
40.48	1420	-0.73	
40.47	1420	-0.73	
40.45	1421	-0.73	
40.44	1422	-0.73	
40.42	1422	-0.73	
40.41	1423	-0.72	
40.40	1424	-0.72	
40.38	1425	-0.72	
40.37	1425	-0.72	
40.35	1426	-0.72	
40.34	1427	-0.72	
40.32	1427	-0.72	
40.31	1428	-0.72	
40.30	1429	-0.72	
40.28	1429	-0.72	
40.27	1430	-0.72	
40.25	1431	-0.71	
40.24	1432	-0.71	
40.23	1432	-0.71	
40.21	1433	-0.71	
40.20	1434	-0.71	
40.18	1434	-0.71	
40.17	1435	-0.71	
40.16	1436	-0.70	
40.14	1436	-0.70	
40.13	1437	-0.70	
40.11	1438	-0.70	
40.10	1439	-0.70	
40.08	1439	-0.70	
40.07	1440	-0.70	
40.06	1441	-0.69	
40.04	1441	-0.69	
40.03	1442	-0.69	
40.01	1443	-0.69	
40.00	1443	-0.69	
39.99	1444	-0.69	
39.97	1445	-0.69	
39.96	1446	-0.68	
39.94	1446	-0.68	
39.93	1447	-0.68	
39.91	1448	-0.68	
39.90	1448	-0.68	
39.89	1449	-0.68	
39.87	1450	-0.68	
39.86	1450	-0.68	
39.84	1451	-0.68	
39.83	1452	-0.68	
39.81	1453	-0.67	
39.80	1453	-0.67	
39.79	1454	-0.67	
39.77	1455	-0.67	
39.76	1455	-0.67	
39.74	1456	-0.67	
39.73	1457	-0.67	
39.72	1457	-0.66	
39.70	1458	-0.66	
39.69	1459	-0.66	
39.67	1460	-0.66	
39.66	1460	-0.66	
39.64	1461	-0.66	
39.63	1462	-0.66	
39.62	1462	-0.65	
39.60	1463	-0.65	
39.59	1464	-0.65	
39.57	1464	-0.65	
39.56	1465	-0.65	
39.55	1466	-0.65	
39.53	1467	-0.65	
39.52	1467	-0.65	
39.50	1468	-0.64	
39.49	1469	-0.64	
39.48	1469	-0.64	
39.46	1470	-0.64	
39.45	1471	-0.64	
39.43	1471	-0.64	
39.42	1472	-0.64	
39.40	1473	-0.64	
39.39	1474	-0.63	
39.38	1474	-0.63	
39.36	1475	-0.63	
39.35	1476	-0.63	
39.33	1476	-0.63	
39.32	1477	-0.63	
39.31	1478	-0.62	
39.29	1478	-0.62	
39.28	1479	-0.62	
39.26	1480	-0.62	
39.25	1481	-0.62	
39.23	1481	-0.62	
39.22	1482	-0.62	
39.21	1483	-0.61	
39.19	1483	-0.61	
39.18	1484	-0.61	
39.16	1485	-0.61	
39.15	1485	-0.61	
39.13	1486	-0.61	
39.12	1487	-0.60	
39.11	1488	-0.60	
39.09	1488	-0.60	
39.08	1489	-0.60	
39.06	1490	-0.60	
39.05	1490	-0.60	
39.03	1491	-0.60	
39.02	1492	-0.59	
39.01	1492	-0.59	
38.99	1493	-0.59	
38.98	1494	-0.59	
38.96	1495	-0.59	
38.95	1495	-0.59	
38.94	1496	-0.59	
38.92	1497	-0.58	
38.91	1497	-0.58	
38.89	1498	-0.58	
38.88	1499	-0.58	
38.87	1499	-0.58	
38.85	1500	-0.58	
38.84	1501	-0.58	
38.82	1502	-0.58	
38.81	1502	-0.57	
38.80	1503	-0.57	
38.78	1504	-0.57	
38.77	1504	-0.57	
38.75	1505	-0.57	
38.74	1506	-0.56	
38.73	1506	-0.56	
38.71	1507	-0.56	
38.70	1508	-0.56	
38.68	1509	-0.55	
38.67	1509	-0.55	
38.65	1510	-0.55	
38.64	1511	-0.55	
38.63	1511	-0.55	
38.61	1512	-0.55	
38.60	1513	-0.55	
38.58	1513	-0.55	
38.57	1514	-0.54	
38.55	1515	-0.54	
38.54	1516	-0.54	
38.53	1516	-0.54	
38.51	1517	-0.54	
38.50	1518	-0.54	
38.48	1518	-0.53	
38.47	1519	-0.53	
38.45	1520	-0.53	
38.44	1520	-0.53	
38.43	1521	-0.53	
38.41	1522	-0.52	
38.40	1523	-0.52	
38.38	1523	-0.52	
38.37	1524	-0.52	
38.36	1525	-0.52	
38.34	1525	-0.52	
38.33	1526	-0.51	
38.31	1527	-0.51	
38.30	1527	-0.51	
38.29	1528	-0.51	
38.27	1529	-0.51	
38.26	1530	-0.50	
38.24	1530	-0.50	
38.23	1531	-0.50	
38.21	1532	-0.50	
38.20	1532	-0.50	
38.19	1533	-0.50	
38.17	1534	-0.49	
38.16	1534	-0.49	
38.14	1535	-0.49	
38.13	1536	-0.49	
38.12	1537	-0.49	
38.10	1537	-0.48	
38.09	1538	-0.48	
38.07	1539	-0.48	
38.06	1539	-0.48	
38.05	1540	-0.48	
38.03	1541	-0.47	
38.02	1541	-0.47	
38.00	1542	-0.47	
37.99	1543	-0.47	
37.97	1544	-0.47	
37.96	1544	-0.46	
37.95	1545	-0.46	
37.93	1546	-0.46	
37.92	1546	-0.46	
37.90	1547	-0.46	
37.89	1548	-0.46	
37.87	1548	-0.45	
37.86	1549	-0.45	
37.85	1550	-0.45	
37.83	1551	-0.45	
37.82	1551	-0.45	
37.80	1552	-0.44	
37.79	1553	-0.44	
37.78	1553	-0.44	
37.76	1554	-0.44	
37.75	1555	-0.43	
37.73	1555	-0.43	
37.72	1556	-0.43	
37.71	1557	-0.43	
37.69	1558	-0.43	
37.68	1558	-0.42	
37.66	1559	-0.42	
37.65	1560	-0.42	
37.63	1560	-0.42	
37.62	1561	-0.42	
37.61	1562	-0.41	
37.59	1562	-0.41	
37.58	1563	-0.41	
37.56	1564	-0.41	
37.55	1565	-0.41	
37.53	1565	-0.40	
37.52	1566	-0.40	
37.51	1567	-0.40	
37.49	1567	-0.40	
37.48	1568	-0.40	
37.46	1569	-0.39	
37.45	1569	-0.39	
37.44	1570	-0.39	
37.42	1571	-0.39	
37.41	1572	-0.38	
37.39	1572	-0.38	
37.38	1573	-0.38	
37.37	1574	-0.38	
37.35	1574	-0.37	
37.34	1575	-0.37	
37.32	1576	-0.37	
37.31	1576	-0.37	
37.29	1577	-0.37	
37.28	1578	-0.36	
37.27	1579	-0.36	
37.25	1579	-0.36	
37.24	1580	-0.36	
37.22	1581	-0.35	
37.21	1581	-0.35	
37.19	1582	-0.35	
37.18	1583	-0.35	
37.17	1583	-0.34	
37.15	1584	-0.34	
37.14	1585	-0.34	
37.12	1586	-0.34	
37.11	1586	-0.34	
37.10	1587	-0.33	
37.08	1588	-0.33	
37.07	1588	-0.33	
37.05	1589	-0.32	
37.04	1590	-0.32	
37.02	1590	-0.32	
37.01	1591	-0.32	
37.00	1592	-0.32	
36.98	1593	-0.31	
36.97	1593	-0.31	
36.95	1594	-0.31	
36.94	1595	-0.31	
36.93	1595	-0.30	
36.91	1596	-0.30	
36.90	1597	-0.30	
36.88	1597	-0.30	
36.87	1598	-0.29	
36.85	1599	-0.29	
36.84	1600	-0.29	
36.83	1600	-0.29	
36.81	1601	-0.28	
36.80	1602	-0.28	
36.78	1602	-0.28	
36.77	1603	-0.28	
36.76	1604	-0.28	
36.74	1604	-0.27	
36.73	1605	-0.27	
36.71	1606	-0.27	
36.70	1607	-0.26	
36.68	1607	-0.26	
36.67	1608	-0.26	
36.66	1609	-0.25	
36.64	1609	-0.25	
36.63	1610	-0.25	
36.61	1611	-0.25	
36.60	1611	-0.25	
36.59	1612	-0.24	
36.57	1613	-0.24	
36.56	1614	-0.24	
36.54	1614	-0.23	
36.53	1615	-0.23	
36.52	1616	-0.23	
36.50	1616	-0.23	
36.49	1617	-0.22	
36.47	1618	-0.22	
36.46	1618	-0.22	
36.45	1619	-0.22	
36.43	1620	-0.21	
36.42	1621	-0.21	
36.40	1621	-0.21	
36.39	1622	-0.20	
36.37	1623	-0.20	
36.36	1623	-0.20	
36.35	1624	-0.19	
36.33	1625	-0.19	
36.32	1625	-0.19	
36.30	1626	-0.18	
36.29	1627	-0.18	
36.27	1628	-0.18	
36.26	1628	-0.18	
36.25	1629	-0.17	
36.23	1630	-0.17	
36.22	1630	-0.17	
36.20	1631	-0.17	
36.19	1632	-0.17	
36.18	1632	-0.16	
36.16	1633	-0.16	
36.15	1634	-0.15	
36.13	1635	-0.15	
36.12	1635	-0.15	
36.10	1636	-0.15	
36.09	1637	-0.14	
36.08	1637	-0.14	
36.06	1638	-0.14	
36.05	1639	-0.14	
36.03	1639	-0.13	
36.02	1640	-0.13	
36.01	1641	-0.13	
35.99	1642	-0.12	
35.98	1642	-0.12	
35.96	1643	-0.12	
35.95	1644	-0.12	
35.94	1644	-0.11	
35.92	1645	-0.11	
35.91	1646	-0.11	
35.89	1646	-0.10	
35.88	1647	-0.10	
35.86	1648	-0.10	
35.85	1649	-0.09	
35.84	1649	-0.09	
35.82	1650	-0.09	
35.81	1651	-0.08	
35.79	1651	-0.08	
35.78	1652	-0.08	
35.76	1653	-0.07	
35.75	1653	-0.07	
35.74	1654	-0.07	
35.72	1655	-0.06	
35.71	1656	-0.06	
35.69	1656	-0.06	
35.68	1657	-0.06	
35.67	1658	-0.05	
35.65	1658	-0.05	
35.64	1659	-0.05	
35.62	1660	-0.04	
35.61	1660	-0.04	
35.59	1661	-0.04	
35.58	1662	-0.03	
35.57	1663	-0.03	
35.55	1663	-0.03	
35.54	1664	-0.02	
35.53	1665	-0.02	
35.51	1665	-0.01	
35.50	1666	-0.01	
35.48	1667	-0.01	
35.47	1667	-0.00	
35.45	1668	-0.00	
35.44	1669	0.00	
35.43	1670	0.00	
35.41	1670	0.01	
35.40	1671	0.01	
35.38	1672	0.02	
35.37	1672	0.02	
35.35	1673	0.02	
35.34	1674	0.03	
35.33	1674	0.03	
35.31	1675	0.03	
35.30	1676	0.04	
35.28	1677	0.04	
35.27	1677	0.05	
35.25	1678	0.05	
35.24	1679	0.05	
35.23	1679	0.06	
35.21	1680	0.06	
35.20	1681	0.06	
35.18	1681	0.07	
35.17	1682	0.07	
35.16	1683	0.07	
35.14	1684	0.08	
35.13	1684	0.08	
35.11	1685	0.09	
35.10	1686	0.09	
35.09	1686	0.09	
35.07	1687	0.10	
35.06	1688	0.10	
35.04	1688	0.10	
35.03	1689	0.11	
35.01	1690	0.11	
35.00	1691	0.12	
34.99	1691	0.12	
34.97	1692	0.12	
34.96	1693	0.13	
34.94	1693	0.13	
34.93	1694	0.13	
34.92	1695	0.14	
34.90	1695	0.14	
34.89	1696	0.14	
34.87	1697	0.15	
34.86	1698	0.15	
34.84	1698	0.15	
34.83	1699	0.16	
34.82	1700	0.16	
34.80	1700	0.17	
34.79	1701	0.17	
34.77	1702	0.18	
34.76	1702	0.18	
34.75	1703	0.18	
34.73	1704	0.19	
34.72	1705	0.19	
34.70	1705	0.20	
34.69	1706	0.20	
34.68	1707	0.20	
34.66	1707	0.21	
34.65	1708	0.21	
34.63	1709	0.22	
34.62	1709	0.22	
34.60	1710	0.23	
34.59	1711	0.23	
34.58	1712	0.23	
34.56	1712	0.24	
34.55	1713	0.24	
34.53	1714	0.24	
34.52	1714	0.25	
34.50	1715	0.25	
34.49	1716	0.26	
34.48	1716	0.26	
34.46	1717	0.27	
34.45	1718	0.27	
34.43	1719	0.28	
34.42	1719	0.28	
34.41	1720	0.28	
34.39	1721	0.29	
34.38	1721	0.29	
34.36	1722	0.30	
34.35	1723	0.30	
34.33	1723	0.30	
34.32	1724	0.31	
34.31	1725	0.31	
34.29	1726	0.32	
34.28	1726	0.32	
34.26	1727	0.32	
34.25	1728	0.33	
34.23	1728	0.33	
34.22	1729	0.33	
34.21	1730	0.34	
34.19	1730	0.34	
34.18	1731	0.35	
34.16	1732	0.35	
34.15	1733	0.36	
34.14	1733	0.36	
34.12	1734	0.37	
34.11	1735	0.37	
34.09	1735	0.38	
34.08	1736	0.38	
34.07	1737	0.39	
34.05	1737	0.39	
34.04	1738	0.39	
34.02	1739	0.40	
34.01	1740	0.41	
34.00	1740	0.41	
33.98	1741	0.42	
33.97	1742	0.42	
33.95	1742	0.43	
33.94	1743	0.43	
33.93	1744	0.43	
33.91	1744	0.44	
33.90	1745	0.44	
33.88	1746	0.45	
33.87	1747	0.45	
33.85	1747	0.46	
33.84	1748	0.46	
33.83	1749	0.47	
33.81	1749	0.47	
33.80	1750	0.48	
33.78	1751	0.48	
33.77	1751	0.48	
33.75	1752	0.49	
33.74	1753	0.49	
33.73	1754	0.50	
33.71	1754	0.50	
33.70	1755	0.51	
33.68	1756	0.52	
33.67	1756	0.52	
33.66	1757	0.53	
33.64	1758	0.53	
33.63	1758	0.54	
33.61	1759	0.54	
33.60	1760	0.54	
33.59	1761	0.55	
33.57	1761	0.55	
33.56	1762	0.56	
33.54	1763	0.56	
33.53	1763	0.57	
33.51	1764	0.57	
33.50	1765	0.58	
33.48	1765	0.58	
33.47	1766	0.59	
33.46	1767	0.59	
33.44	1768	0.60	
33.43	1768	0.60	
33.41	1769	0.61	
33.40	1770	0.62	
33.39	1770	0.62	
33.37	1771	0.63	
33.36	1772	0.63	
33.34	1772	0.63	
33.33	1773	0.64	
33.32	1774	0.64	
33.30	1775	0.65	
33.29	1775	0.66	
33.27	1776	0.66	
33.26	1777	0.67	
33.24	1777	0.67	
33.23	1778	0.68	
33.22	1779	0.68	
33.20	1779	0.69	
33.19	1780	0.70	
33.17	1781	0.70	
33.16	1782	0.71	
33.15	1782	0.71	
33.13	1783	0.72	
33.12	1784	0.72	
33.10	1784	0.73	
33.09	1785	0.73	
33.08	1786	0.74	
33.06	1786	0.74	
33.05	1787	0.75	
33.03	1788	0.75	
33.02	1789	0.76	
33.00	1789	0.77	
32.99	1790	0.77	
32.98	1791	0.78	
32.96	1791	0.78	
32.95	1792	0.79	
32.93	1793	0.79	
32.92	1793	0.80	
32.91	1794	0.80	
32.89	1795	0.81	
32.88	1796	0.81	
32.86	1796	0.82	
32.85	1797	0.83	
32.83	1798	0.83	
32.82	1798	0.84	
32.81	1799	0.84	
32.79	1800	0.85	
32.78	1800	0.85	
32.76	1801	0.86	
32.75	1802	0.87	
32.74	1803	0.87	
32.72	1803	0.88	
32.71	1804	0.88	
32.69	1805	0.89	
32.68	1805	0.89	
32.66	1806	0.90	
32.65	1807	0.91	
32.64	1807	0.91	
32.62	1808	0.92	
32.61	1809	0.92	
32.59	1810	0.93	
32.58	1810	0.93	
32.57	1811	0.94	
32.55	1812	0.95	
32.54	1812	0.95	
32.52	1813	0.96	
32.51	1814	0.96	
32.49	1814	0.97	
32.48	1815	0.98	
32.47	1816	0.98	
32.45	1817	0.99	
32.44	1817	0.99	
32.42	1818	1.00	
32.41	1819	1.01	
32.40	1819	1.01	
32.38	1820	1.02	
32.37	1821	1.02	
32.35	1821	1.03	
32.34	1822	1.04	
32.33	1823	1.04	
32.31	1824	1.05	
32.30	1824	1.06	
32.28	1825	1.06	
32.27	1826	1.07	
32.25	1826	1.08	
32.24	1827	1.08	
32.23	1828	1.09	
32.21	1828	1.10	
32.20	1829	1.10	
32.18	1830	1.11	
32.17	1831	1.12	
32.15	1831	1.12	
32.14	1832	1.13	
32.13	1833	1.13	
32.11	1833	1.14	
32.10	1834	1.15	
32.08	1835	1.15	
32.07	1835	1.16	
32.06	1836	1.16	
32.04	1837	1.17	
32.03	1838	1.18	
32.01	1838	1.18	
32.00	1839	1.19	
31.99	1840	1.20	
31.97	1840	1.21	
31.96	1841	1.21	
31.94	1842	1.22	
31.93	1842	1.22	
31.91	1843	1.23	
31.90	1844	1.24	
31.89	1845	1.24	
31.87	1845	1.25	
31.86	1846	1.26	
31.84	1847	1.26	
31.83	1847	1.27	
31.82	1848	1.28	
31.80	1849	1.28	
31.79	1849	1.29	
31.77	1850	1.30	
31.76	1851	1.30	
31.74	1852	1.31	
31.73	1852	1.32	
31.72	1853	1.33	
31.70	1854	1.33	
31.69	1854	1.34	
31.67	1855	1.35	
31.66	1856	1.35	
31.65	1856	1.36	
31.63	1857	1.37	
31.62	1858	1.37	
31.60	1859	1.38	
31.59	1859	1.39	
31.57	1860	1.39	
31.56	1861	1.40	
31.55	1861	1.41	
31.53	1862	1.41	
31.52	1863	1.42	
31.50	1863	1.43	
31.49	1864	1.43	
31.48	1865	1.44	
31.46	1866	1.45	
31.45	1866	1.46	
31.43	1867	1.46	
31.42	1868	1.47	
31.41	1868	1.48	
31.39	1869	1.49	
31.38	1870	1.49	
31.36	1870	1.50	
31.35	1871	1.51	
31.33	1872	1.51	
31.32	1873	1.52	
31.31	1873	1.53	
31.29	1874	1.53	
31.28	1875	1.54	
31.26	1875	1.55	
31.25	1876	1.56	
31.24	1877	1.57	
31.22	1877	1.57	
31.21	1878	1.58	
31.19	1879	1.59	
31.18	1880	1.59	
31.16	1880	1.60	
31.15	1881	1.61	
31.14	1882	1.62	
31.12	1882	1.62	
31.11	1883	1.63	
31.09	1884	1.64	
31.08	1884	1.65	
31.06	1885	1.65	
31.05	1886	1.66	
31.04	1887	1.67	
31.02	1887	1.68	
31.01	1888	1.68	
31.00	1889	1.69	
30.98	1889	1.70	
30.97	1890	1.71	
30.95	1891	1.71	
30.94	1891	1.72	
30.92	1892	1.73	
30.91	1893	1.74	
30.90	1894	1.74	
30.88	1894	1.75	
30.87	1895	1.76	
30.85	1896	1.77	
30.84	1896	1.77	
30.82	1897	1.78	
30.81	1898	1.79	
30.80	1898	1.80	
30.78	1899	1.80	
30.77	1900	1.81	
30.75	1901	1.82	
30.74	1901	1.83	
30.73	1902	1.83	
30.71	1903	1.84	
30.70	1903	1.85	
30.68	1904	1.86	
30.67	1905	1.87	
30.65	1905	1.87	
30.64	1906	1.88	
30.63	1907	1.89	
30.61	1908	1.90	
30.60	1908	1.90	
30.58	1909	1.91	
30.57	1910	1.92	
30.56	1910	1.93	
30.54	1911	1.94	
30.53	1912	1.94	
30.51	1912	1.95	
30.50	1913	1.96	
30.49	1914	1.97	
30.47	1915	1.98	
30.46	1915	1.99	
30.44	1916	1.99	
30.43	1917	2.00	
30.41	1917	2.01	
30.40	1918	2.02	
30.39	1919	2.03	
30.37	1919	2.03	
30.36	1920	2.04	
30.34	1921	2.05	
30.33	1922	2.06	
30.32	1922	2.06	
30.30	1923	2.07	
30.29	1924	2.08	
30.27	1924	2.09	
30.26	1925	2.10	
30.24	1926	2.11	
30.23	1926	2.11	
30.22	1927	2.12	
30.20	1928	2.13	
30.19	1929	2.14	
30.17	1929	2.15	
30.16	1930	2.15	
30.15	1931	2.16	
30.13	1931	2.17	
30.12	1932	2.18	
30.10	1933	2.19	
30.09	1933	2.20	
30.07	1934	2.21	
30.06	1935	2.21	
30.05	1936	2.22	
30.03	1936	2.23	
30.02	1937	2.24	
30.00	1938	2.25	
29.99	1938	2.25	
29.98	1939	2.26	
29.96	1940	2.27	
29.95	1940	2.28	
29.93	1941	2.29	
29.92	1942	2.29	
29.91	1943	2.30	
29.89	1943	2.31	
29.88	1944	2.32	
29.86	1945	2.33	
29.85	1945	2.34	
29.83	1946	2.34	
29.82	1947	2.35	
29.81	1947	2.36	
29.79	1948	2.37	
29.78	1949	2.38	
29.76	1950	2.39	
29.75	1950	2.40	
29.73	1951	2.41	
29.72	1952	2.41	
29.71	1952	2.42	
29.69	1953	2.43	
29.68	1954	2.44	
29.66	1954	2.45	
29.65	1955	2.45	
29.64	1956	2.46	
29.62	1957	2.47	
29.61	1957	2.48	
29.59	1958	2.49	
29.58	1959	2.50	
29.57	1959	2.50	
29.55	1960	2.51	
29.54	1961	2.52	
29.52	1961	2.53	
29.51	1962	2.54	
29.49	1963	2.54	
29.48	1964	2.55	
29.47	1964	2.56	
29.45	1965	2.57	
29.44	1966	2.58	
29.42	1966	2.59	
29.41	1967	2.60	
29.40	1968	2.60	
29.38	1968	2.61	
29.37	1969	2.62	
29.35	1970	2.63	
29.34	1971	2.64	
29.33	1971	2.65	
29.31	1972	2.65	
29.30	1973	2.66	
29.28	1973	2.67	
29.27	1974	2.68	
29.25	1975	2.69	
29.24	1975	2.70	
29.23	1976	2.71	
29.21	1977	2.71	
29.20	1978	2.72	
29.18	1978	2.73	
29.17	1979	2.74	
29.15	1980	2.75	
29.14	1980	2.76	
29.13	1981	2.76	
29.11	1982	2.77	
29.10	1982	2.78	
29.08	1983	2.79	
29.07	1984	2.80	
29.06	1985	2.81	
29.04	1985	2.82	
29.03	1986	2.82	
29.01	1987	2.83	
29.00	1987	2.84	
28.99	1988	2.85	
28.97	1989	2.86	
28.96	1989	2.86	
28.94	1990	2.87	
28.93	1991	2.88	
28.91	1992	2.89	
28.90	1992	2.90	
28.89	1993	2.91	
28.87	1994	2.92	
28.86	1994	2.92	
28.84	1995	2.93	
28.83	1996	2.94	
28.82	1996	2.95	
28.80	1997	2.96	
28.79	1998	2.96	
28.77	1999	2.97	
28.76	1999	2.98	
28.74	2000	2.99	
28.73	2001	3.00	
28.72	2001	3.01	
28.70	2002	3.02	
28.69	2003	3.02	
28.67	2003	3.03	
28.66	2004	3.04	
28.65	2005	3.05	
28.63	2006	3.06	
28.62	2006	3.06	
28.60	2007	3.07	
28.59	2008	3.08	
28.57	2008	3.09	
28.56	2009	3.10	
28.55	2010	3.11	
28.53	2010	3.11	
28.52	2011	3.12	
28.50	2012	3.13	
28.49	2013	3.14	
28.48	2013	3.15	
28.46	2014	3.16	
28.45	2015	3.16	
28.43	2015	3.17	
28.42	2016	3.18	
28.41	2017	3.19	
28.39	2017	3.20	
28.38	2018	3.20	
28.36	2019	3.21	
28.35	2020	3.22	
28.33	2020	3.23	
28.32	2021	3.24	
28.31	2022	3.24	
28.29	2022	3.25	
28.28	2023	3.26	
28.26	2024	3.27	
28.25	2024	3.28	
28.23	2025	3.28	
28.22	2026	3.29	
28.21	2027	3.30	
28.19	2027	3.31	
28.18	2028	3.31	
28.16	2029	3.32	
28.15	2029	3.33	
28.14	2030	3.34	
28.12	2031	3.35	
28.11	2031	3.35	
28.09	2032	3.36	
28.08	2033	3.37	
28.07	2034	3.38	
28.05	2034	3.39	
28.04	2035	3.39	
28.02	2036	3.40	
28.01	2036	3.41	
27.99	2037	3.41	
27.98	2038	3.42	
27.97	2038	3.43	
27.95	2039	3.44	
27.94	2040	3.44	
27.92	2041	3.45	
27.91	2041	3.46	
27.90	2042	3.47	
27.88	2043	3.48	
27.87	2043	3.48	
27.85	2044	3.49	
27.84	2045	3.50	
27.82	2045	3.51	
27.81	2046	3.51	
27.80	2047	3.52	
27.78	2048	3.53	
27.77	2048	3.53	
27.75	2049	3.54	
27.74	2050	3.55	
27.73	2050	3.56	
27.71	2051	3.56	
27.70	2052	3.57	
27.68	2052	3.57	
27.67	2053	3.58	
27.66	2054	3.59	
27.64	2055	3.59	
27.63	2055	3.60	
27.61	2056	3.61	
27.60	2057	3.62	
27.58	2057	3.62	
27.57	2058	3.63	
27.56	2059	3.64	
27.54	2059	3.64	
27.53	2060	3.65	
27.51	2061	3.65	
27.50	2062	3.66	
27.48	2062	3.67	
27.47	2063	3.67	
27.46	2064	3.68	
27.44	2064	3.69	
27.43	2065	3.69	
27.41	2066	3.70	
27.40	2066	3.71	
27.39	2067	3.71	
27.37	2068	3.72	
27.36	2069	3.73	
27.34	2069	3.73	
27.33	2070	3.74	
27.32	2071	3.75	
27.30	2071	3.75	
27.29	2072	3.76	
27.27	2073	3.76	
27.26	2073	3.77	
27.24	2074	3.78	
27.23	2075	3.78	
27.22	2076	3.79	
27.20	2076	3.79	
27.19	2077	3.80	
27.17	2078	3.80	
27.16	2078	3.81	
27.15	2079	3.81	
27.13	2080	3.82	
27.12	2080	3.82	
27.10	2081	3.83	
27.09	2082	3.84	
27.07	2083	3.84	
27.06	2083	3.85	
27.05	2084	3.85	
27.03	2085	3.86	
27.02	2085	3.86	
27.00	2086	3.87	
26.99	2087	3.87	
26.98	2087	3.88	
26.96	2088	3.88	
26.95	2089	3.89	
26.93	2090	3.89	
26.92	2090	3.90	
26.90	2091	3.90	
26.89	2092	3.90	
26.88	2092	3.91	
26.86	2093	3.91	
26.85	2094	3.92	
26.83	2094	3.92	
26.82	2095	3.93	
26.81	2096	3.93	
26.79	2097	3.93	
26.78	2097	3.94	
26.76	2098	3.94	
26.75	2099	3.94	
26.74	2099	3.95	
26.72	2100	3.95	
26.71	2101	3.95	
26.69	2101	3.96	
26.68	2102	3.96	
26.67	2103	3.96	
26.65	2104	3.97	
26.64	2104	3.97	
26.62	2105	3.97	
26.61	2106	3.98	
26.59	2106	3.98	
26.58	2107	3.98	
26.57	2108	3.98	
26.55	2108	3.99	
26.54	2109	3.99	
26.52	2110	3.99	
26.51	2111	3.99	
26.50	2111	4.00	
26.48	2112	4.00	
26.47	2113	4.00	
26.45	2113	4.00	
26.44	2114	4.00	
26.42	2115	4.01	
26.41	2115	4.01	
26.40	2116	4.01	
26.38	2117	4.01	
26.37	2118	4.01	
26.35	2118	4.01	
26.34	2119	4.01	
26.33	2120	4.01	
26.31	2120	4.01	
26.30	2121	4.01	
26.28	2122	4.01	
26.27	2122	4.02	
26.25	2123	4.02	
26.24	2124	4.02	
26.23	2125	4.02	
26.21	2125	4.02	
26.20	2126	4.02	
26.18	2127	4.02	
26.17	2127	4.02	
26.16	2128	4.02	
26.14	2129	4.02	
26.13	2129	4.02	
26.11	2130	4.02	
26.10	2131	4.01	
26.09	2132	4.01	
26.07	2132	4.01	
26.06	2133	4.01	
26.04	2134	4.01	
26.03	2134	4.01	
26.01	2135	4.01	
26.00	2136	4.01	
25.99	2136	4.00	
25.97	2137	4.00	
25.96	2138	4.00	
25.94	2139	4.00	
25.93	2139	3.99	
25.92	2140	3.99	
25.90	2141	3.99	
25.89	2141	3.99	
25.87	2142	3.99	
25.86	2143	3.98	
25.85	2143	3.98	
25.83	2144	3.98	
25.82	2145	3.98	
25.80	2146	3.97	
25.79	2146	3.97	
25.77	2147	3.96	
25.76	2148	3.96	
25.75	2148	3.96	
25.73	2149	3.95	
25.72	2150	3.95	
25.70	2150	3.94	
25.69	2151	3.94	
25.68	2152	3.93	
25.66	2153	3.93	
25.65	2153	3.92	
25.63	2154	3.92	
25.62	2155	3.91	
25.60	2155	3.91	
25.59	2156	3.90	
25.58	2157	3.90	
25.56	2157	3.89	
25.55	2158	3.88	
25.53	2159	3.88	
25.52	2160	3.87	
25.50	2160	3.87	
25.49	2161	3.86	
25.48	2162	3.85	
25.46	2162	3.85	
25.45	2163	3.84	
25.43	2164	3.83	
25.42	2164	3.82	
25.41	2165	3.82	
25.39	2166	3.81	
25.38	2167	3.80	
25.36	2167	3.79	
25.35	2168	3.79	
25.33	2169	3.78	
25.32	2169	3.77	
25.31	2170	3.76	
25.29	2171	3.75	
25.28	2171	3.74	
25.26	2172	3.73	
25.25	2173	3.73	
25.24	2174	3.72	
25.22	2174	3.71	
25.21	2175	3.69	
25.19	2176	3.68	
25.18	2176	3.67	
25.17	2177	3.66	
25.15	2178	3.65	
25.14	2178	3.64	
25.12	2179	3.63	
25.11	2180	3.62	
25.09	2181	3.61	
25.08	2181	3.60	
25.07	2182	3.58	
25.05	2183	3.57	
25.04	2183	3.56	
25.02	2184	3.55	
25.01	2185	3.54	
25.00	2185	3.53	
24.98	2186	3.51	
24.97	2187	3.50	
24.95	2188	3.49	
24.94	2188	3.47	
24.93	2189	3.46	
24.91	2190	3.45	
24.90	2190	3.43	
24.88	2191	3.42	
24.87	2192	3.40	
24.85	2192	3.39	
24.84	2193	3.38	
24.83	2194	3.36	
24.81	2195	3.35	
24.80	2195	3.33	
24.78	2196	3.32	
24.77	2197	3.30	
24.76	2197	3.29	
24.74	2198	3.27	
24.73	2199	3.26	
24.71	2199	3.24	
24.70	2200	3.23	
24.68	2201	3.21	
24.67	2202	3.19	
24.66	2202	3.18	
24.64	2203	3.16	
24.63	2204	3.14	
24.61	2204	3.13	
24.60	2205	3.11	
24.59	2206	3.09	
24.57	2206	3.08	
24.56	2207	3.06	
24.54	2208	3.04	
24.53	2209	3.02	
24.51	2209	3.01	
24.50	2210	2.99	
24.49	2211	2.97	
24.47	2211	2.95	
24.46	2212	2.93	
24.44	2213	2.92	
24.43	2213	2.90	
24.42	2214	2.88	
24.40	2215	2.86	
24.39	2216	2.84	
24.37	2216	2.82	
24.36	2217	2.80	
24.34	2218	2.78	
24.33	2218	2.77	
24.32	2219	2.75	
24.30	2220	2.73	
24.29	2220	2.70	
24.27	2221	2.68	
24.26	2222	2.66	
24.25	2223	2.64	
24.23	2223	2.62	
24.22	2224	2.60	
24.20	2225	2.58	
24.19	2225	2.56	
24.18	2226	2.54	
24.16	2227	2.52	
24.15	2227	2.50	
24.13	2228	2.48	
24.12	2229	2.46	
24.11	2230	2.44	
24.09	2230	2.42	
24.08	2231	2.40	
24.06	2232	2.38	
24.05	2232	2.36	
24.04	2233	2.34	
24.02	2234	2.32	
24.01	2234	2.30	
23.99	2235	2.28	
23.98	2236	2.26	
23.97	2237	2.24	
23.95	2237	2.21	
23.94	2238	2.19	
23.93	2239	2.17	
23.91	2239	2.15	
23.90	2240	2.13	
23.89	2241	2.11	
23.87	2241	2.09	
23.86	2242	2.07	
23.84	2243	2.05	
23.83	2244	2.03	
23.82	2244	2.01	
23.80	2245	1.99	
23.79	2246	1.97	
23.77	2246	1.95	
23.76	2247	1.93	
23.75	2248	1.91	
23.73	2248	1.89	
23.72	2249	1.87	
23.70	2250	1.85	
23.69	2251	1.83	
23.68	2251	1.81	
23.66	2252	1.79	
23.65	2253	1.77	
23.63	2253	1.75	
23.62	2254	1.73	
23.60	2255	1.71	
23.59	2255	1.69	
23.58	2256	1.67	
23.56	2257	1.66	
23.55	2258	1.64	
23.53	2258	1.62	
23.52	2259	1.60	
23.51	2260	1.58	
23.49	2260	1.56	
23.48	2261	1.55	
23.46	2262	1.53	
23.45	2262	1.51	
23.43	2263	1.49	
23.42	2264	1.47	
23.41	2265	1.46	
23.39	2265	1.44	
23.38	2266	1.42	
23.36	2267	1.40	
23.35	2267	1.39	
23.34	2268	1.37	
23.32	2269	1.35	
23.31	2269	1.34	
23.29	2270	1.32	
23.28	2271	1.30	
23.26	2272	1.28	
23.25	2272	1.27	
23.24	2273	1.25	
23.22	2274	1.24	
23.21	2274	1.22	
23.19	2275	1.21	
23.18	2276	1.19	
23.16	2276	1.17	
23.15	2277	1.16	
23.14	2278	1.14	
23.12	2279	1.12	
23.11	2279	1.11	
23.09	2280	1.09	
23.08	2281	1.08	
23.07	2281	1.06	
23.05	2282	1.05	
23.04	2283	1.04	
23.02	2283	1.02	
23.01	2284	1.01	
22.99	2285	0.99	
22.98	2286	0.98	
22.97	2286	0.97	
22.95	2287	0.95	
22.94	2288	0.94	
22.92	2288	0.92	
22.91	2289	0.91	
22.90	2290	0.90	
22.88	2290	0.88	
22.87	2291	0.87	
22.85	2292	0.86	
22.84	2293	0.84	
22.82	2293	0.83	
22.81	2294	0.82	
22.80	2295	0.80	
22.78	2295	0.79	
22.77	2296	0.78	
22.75	2297	0.76	
22.74	2297	0.75	
22.73	2298	0.74	
22.71	2299	0.73	
22.70	2300	0.71	
22.68	2300	0.70	
22.67	2301	0.69	
22.65	2302	0.68	
22.64	2302	0.67	
22.63	2303	0.65	
22.61	2304	0.64	
22.60	2304	0.63	
22.58	2305	0.62	
22.57	2306	0.61	
22.56	2307	0.60	
22.54	2307	0.59	
22.53	2308	0.57	
22.51	2309	0.56	
22.50	2309	0.55	
22.48	2310	0.54	
22.47	2311	0.53	
22.46	2311	0.52	
22.44	2312	0.51	
22.43	2313	0.50	
22.41	2314	0.49	
22.40	2314	0.48	
22.39	2315	0.47	
22.37	2316	0.46	
22.36	2316	0.45	
22.34	2317	0.44	
22.33	2318	0.43	
22.31	2318	0.42	
22.30	2319	0.41	
22.29	2320	0.40	
22.27	2321	0.39	
22.26	2321	0.38	
22.24	2322	0.37	
22.23	2323	0.36	
22.21	2323	0.35	
22.20	2324	0.34	
22.19	2325	0.33	
22.17	2325	0.32	
22.16	2326	0.31	
22.15	2327	0.30	
22.13	2328	0.30	
22.12	2328	0.29	
22.10	2329	0.28	
22.09	2330	0.27	
22.07	2330	0.26	
22.06	2331	0.25	
22.05	2332	0.24	
22.03	2332	0.24	
22.02	2333	0.23	
22.00	2334	0.22	
21.99	2335	0.21	
21.97	2335	0.20	
21.96	2336	0.19	
21.95	2337	0.19	
21.93	2337	0.18	
21.92	2338	0.17	
21.90	2339	0.16	
21.89	2339	0.15	
21.87	2340	0.15	
21.86	2341	0.14	
21.85	2342	0.13	
21.83	2342	0.13	
21.82	2343	0.12	
21.80	2344	0.11	
21.79	2344	0.10	
21.78	2345	0.09	
21.76	2346	0.09	
21.75	2346	0.08	
21.73	2347	0.07	
21.72	2348	0.07	
21.71	2349	0.06	
21.69	2349	0.05	
21.68	2350	0.05	
21.66	2351	0.04	
21.65	2351	0.03	
21.63	2352	0.03	
21.62	2353	0.02	
21.61	2353	0.01	
21.59	2354	0.01	
21.58	2355	-0.00	
21.56	2356	-0.01	
21.55	2356	-0.01	
21.53	2357	-0.02	
21.52	2358	-0.03	
21.51	2358	-0.03	
21.49	2359	-0.04	
21.48	2360	-0.05	
21.46	2360	-0.05	
21.45	2361	-0.06	
21.44	2362	-0.06	
21.42	2363	-0.07	
21.41	2363	-0.08	
21.39	2364	-0.08	
21.38	2365	-0.09	
21.36	2365	-0.09	
21.35	2366	-0.10	
21.34	2367	-0.10	
21.32	2367	-0.11	
21.31	2368	-0.12	
21.29	2369	-0.12	
21.28	2370	-0.13	
21.27	2370	-0.13	
21.25	2371	-0.14	
21.24	2372	-0.14	
21.22	2372	-0.15	
21.21	2373	-0.16	
21.20	2374	-0.16	
21.18	2374	-0.17	
21.17	2375	-0.17	
21.15	2376	-0.18	
21.14	2377	-0.18	
21.12	2377	-0.18	
21.11	2378	-0.19	
21.10	2379	-0.19	
21.08	2379	-0.20	
21.07	2380	-0.20	
21.05	2381	-0.21	
21.04	2381	-0.21	
21.02	2382	-0.22	
21.01	2383	-0.22	
21.00	2384	-0.23	
20.98	2384	-0.23	
20.97	2385	-0.24	
20.95	2386	-0.24	
20.94	2386	-0.25	
20.93	2387	-0.25	
20.91	2388	-0.26	
20.90	2388	-0.26	
20.88	2389	-0.27	
20.87	2390	-0.27	
20.86	2391	-0.28	
20.84	2391	-0.28	
20.83	2392	-0.29	
20.81	2393	-0.29	
20.80	2393	-0.29	
20.78	2394	-0.30	
20.77	2395	-0.30	
20.76	2395	-0.30	
20.74	2396	-0.31	
20.73	2397	-0.31	
20.71	2398	-0.32	
20.70	2398	-0.32	
20.69	2399	-0.32	
20.67	2400	-0.33	
20.66	2400	-0.33	
20.64	2401	-0.34	
20.63	2402	-0.34	
20.61	2402	-0.34	
20.60	2403	-0.35	
20.59	2404	-0.35	
20.57	2405	-0.35	
20.56	2405	-0.36	
20.54	2406	-0.36	
20.53	2407	-0.37	
20.52	2407	-0.37	
20.50	2408	-0.37	
20.49	2409	-0.38	
20.47	2409	-0.38	
20.46	2410	-0.38	
20.45	2411	-0.39	
20.43	2412	-0.39	
20.42	2412	-0.39	
20.40	2413	-0.40	
20.39	2414	-0.40	
20.37	2414	-0.40	
20.36	2415	-0.41	
20.35	2416	-0.41	
20.33	2416	-0.41	
20.32	2417	-0.42	
20.30	2418	-0.42	
20.29	2419	-0.43	
20.28	2419	-0.43	
20.26	2420	-0.43	
20.25	2421	-0.43	
20.23	2421	-0.44	
20.22	2422	-0.44	
20.20	2423	-0.44	
20.19	2423	-0.45	
20.18	2424	-0.45	
20.16	2425	-0.45	
20.15	2426	-0.46	
20.13	2426	-0.46	
20.12	2427	-0.46	
20.11	2428	-0.46	
20.09	2428	-0.47	
20.08	2429	-0.47	
20.06	2430	-0.47	
20.05	2430	-0.48	
20.03	2431	-0.48	
20.02	2432	-0.48	
20.01	2433	-0.49	
19.99	2433	-0.49	
19.98	2434	-0.49	
19.96	2435	-0.49	
19.95	2435	-0.50	
19.94	2436	-0.50	
19.92	2437	-0.50	
19.91	2437	-0.50	
19.89	2438	-0.51	
19.88	2439	-0.51	
19.86	2440	-0.51	
19.85	2440	-0.51	
19.84	2441	-0.52	
19.82	2442	-0.52	
19.81	2442	-0.52	
19.79	2443	-0.52	
19.78	2444	-0.53	
19.77	2444	-0.53	
19.75	2445	-0.53	
19.74	2446	-0.53	
19.72	2447	-0.54	
19.71	2447	-0.54	
19.69	2448	-0.54	
19.68	2449	-0.54	
19.67	2449	-0.54	
19.65	2450	-0.55	
19.64	2451	-0.55	
19.62	2451	-0.55	
19.61	2452	-0.55	
19.60	2453	-0.56	
19.58	2454	-0.56	
19.57	2454	-0.56	
19.55	2455	-0.56	
19.54	2456	-0.57	
19.52	2456	-0.57	
19.51	2457	-0.57	
19.50	2458	-0.57	
19.48	2458	-0.58	
19.47	2459	-0.58	
19.45	2460	-0.58	
19.44	2461	-0.58	
19.43	2461	-0.59	
19.41	2462	-0.59	
19.40	2463	-0.59	
19.38	2463	-0.59	
19.37	2464	-0.59	
19.36	2465	-0.60	
19.34	2465	-0.60	
19.33	2466	-0.60	
19.31	2467	-0.60	
19.30	2468	-0.60	
19.28	2468	-0.61	
19.27	2469	-0.61	
19.26	2470	-0.61	
19.24	2470	-0.61	
19.23	2471	-0.61	
19.21	2472	-0.61	
19.20	2472	-0.61	
19.19	2473	-0.62	
19.17	2474	-0.62	
19.16	2475	-0.62	
19.14	2475	-0.62	
19.13	2476	-0.62	
19.12	2477	-0.63	
19.10	2477	-0.63	
19.09	2478	-0.63	
19.07	2479	-0.63	
19.06	2479	-0.63	
19.04	2480	-0.63	
19.03	2481	-0.63	
19.02	2482	-0.64	
19.00	2482	-0.64	
18.99	2483	-0.64	
18.97	2484	-0.64	
18.96	2484	-0.64	
18.95	2485	-0.65	
18.93	2486	-0.65	
18.92	2486	-0.65	
18.90	2487	-0.65	
18.89	2488	-0.65	
18.88	2489	-0.65	
18.86	2489	-0.66	
18.85	2490	-0.66	
18.83	2491	-0.66	
18.82	2491	-0.66	
18.80	2492	-0.66	
18.79	2493	-0.66	
18.78	2493	-0.66	
18.76	2494	-0.67	
18.75	2495	-0.67	
18.73	2496	-0.67	
18.72	2496	-0.67	
18.71	2497	-0.67	
18.69	2498	-0.68	
18.68	2498	-0.68	
18.66	2499	-0.68	
18.65	2500	-0.68	
18.63	2500	-0.68	
18.62	2501	-0.68	
18.61	2502	-0.68	
18.59	2503	-0.69	
18.58	2503	-0.69	
18.57	2504	-0.69	
18.55	2505	-0.69	
18.54	2505	-0.69	
18.52	2506	-0.69	
18.51	2507	-0.69	
18.49	2507	-0.70	
18.48	2508	-0.70	
18.47	2509	-0.70	
18.45	2510	-0.70	
18.44	2510	-0.70	
18.42	2511	-0.70	
18.41	2512	-0.70	
18.39	2512	-0.71	
18.38	2513	-0.71	
18.37	2514	-0.71	
18.35	2514	-0.71	
18.34	2515	-0.71	
18.32	2516	-0.71	
18.31	2517	-0.71	
18.30	2517	-0.71	
18.28	2518	-0.71	
18.27	2519	-0.72	
18.25	2519	-0.72	
18.24	2520	-0.72	
18.23	2521	-0.72	
18.21	2521	-0.72	
18.20	2522	-0.72	
18.18	2523	-0.72	
18.17	2524	-0.73	
18.15	2524	-0.73	
18.14	2525	-0.73	
18.13	2526	-0.73	
18.11	2526	-0.73	
18.10	2527	-0.73	
18.08	2528	-0.74	
18.07	2528	-0.74	
18.06	2529	-0.74	
18.04	2530	-0.74	
18.03	2531	-0.74	
18.01	2531	-0.74	
18.00	2532	-0.74	
17.99	2533	-0.74	
17.97	2533	-0.74	
17.96	2534	-0.74	
17.94	2535	-0.74	
17.93	2535	-0.74	
17.92	2536	-0.75	
17.90	2537	-0.75	
17.89	2538	-0.75	
17.87	2538	-0.75	
17.86	2539	-0.75	
17.85	2540	-0.75	
17.83	2540	-0.75	
17.82	2541	-0.75	
17.80	2542	-0.76	
17.79	2542	-0.76	
17.77	2543	-0.76	
17.76	2544	-0.76	
17.75	2545	-0.76	
17.73	2545	-0.76	
17.72	2546	-0.76	
17.70	2547	-0.76	
17.69	2547	-0.76	
17.68	2548	-0.77	
17.66	2549	-0.77	
17.65	2549	-0.77	
17.63	2550	-0.77	
17.62	2551	-0.77	
17.60	2552	-0.77	
17.59	2552	-0.77	
17.58	2553	-0.77	
17.56	2554	-0.77	
17.55	2554	-0.77	
17.53	2555	-0.77	
17.52	2556	-0.78	
17.51	2556	-0.78	
17.49	2557	-0.78	
17.48	2558	-0.78	
17.46	2559	-0.78	
17.45	2559	-0.78	
17.44	2560	-0.78	
17.42	2561	-0.78	
17.41	2561	-0.78	
17.39	2562	-0.78	
17.38	2563	-0.78	
17.37	2563	-0.79	
17.35	2564	-0.79	
17.34	2565	-0.79	
17.32	2566	-0.79	
17.31	2566	-0.79	
17.29	2567	-0.79	
17.28	2568	-0.79	
17.27	2568	-0.79	
17.25	2569	-0.79	
17.24	2570	-0.79	
17.22	2570	-0.79	
17.21	2571	-0.80	
17.20	2572	-0.80	
17.18	2573	-0.80	
17.17	2573	-0.80	
17.15	2574	-0.80	
17.14	2575	-0.80	
17.13	2575	-0.80	
17.11	2576	-0.80	
17.10	2577	-0.80	
17.08	2577	-0.80	
17.07	2578	-0.80	
17.05	2579	-0.80	
17.04	2580	-0.81	
17.03	2580	-0.81	
17.01	2581	-0.81	
17.00	2582	-0.81	
16.98	2582	-0.81	
16.97	2583	-0.81	
16.96	2584	-0.81	
16.94	2584	-0.81	
16.93	2585	-0.81	
16.91	2586	-0.81	
16.90	2587	-0.81	
16.88	2587	-0.81	
16.87	2588	-0.82	
16.86	2589	-0.82	
16.84	2589	-0.82	
16.83	2590	-0.82	
16.81	2591	-0.82	
16.80	2591	-0.82	
16.79	2592	-0.82	
16.77	2593	-0.82	
16.76	2594	-0.82	
16.74	2594	-0.82	
16.73	2595	-0.82	
16.72	2596	-0.83	
16.70	2596	-0.83	
16.69	2597	-0.83	
16.67	2598	-0.83	
16.66	2598	-0.83	
16.65	2599	-0.83	
16.63	2600	-0.83	
16.62	2601	-0.83	
16.60	2601	-0.83	
16.59	2602	-0.83	
16.58	2603	-0.83	
16.56	2603	-0.83	
16.55	2604	-0.83	
16.53	2605	-0.83	
16.52	2605	-0.83	
16.51	2606	-0.83	
16.49	2607	-0.84	
16.48	2608	-0.84	
16.46	2608	-0.84	
16.45	2609	-0.84	
16.43	2610	-0.84	
16.42	2610	-0.84	
16.41	2611	-0.84	
16.39	2612	-0.84	
16.38	2612	-0.84	
16.36	2613	-0.84	
16.35	2614	-0.84	
16.34	2615	-0.84	
16.32	2615	-0.84	
16.31	2616	-0.84	
16.29	2617	-0.85	
16.28	2617	-0.85	
16.27	2618	-0.85	
16.25	2619	-0.85	
16.24	2619	-0.85	
16.22	2620	-0.85	
16.21	2621	-0.85	
16.19	2622	-0.85	
16.18	2622	-0.85	
16.17	2623	-0.85	
16.15	2624	-0.85	
16.14	2624	-0.85	
16.12	2625	-0.85	
16.11	2626	-0.85	
16.10	2626	-0.86	
16.08	2627	-0.86	
16.07	2628	-0.86	
16.05	2629	-0.86	
16.04	2629	-0.86	
16.03	2630	-0.86	
16.01	2631	-0.86	
16.00	2631	-0.86	
15.98	2632	-0.86	
15.97	2633	-0.86	
15.96	2633	-0.86	
15.94	2634	-0.86	
15.93	2635	-0.86	
15.91	2636	-0.86	
15.90	2636	-0.86	
15.88	2637	-0.86	
15.87	2638	-0.86	
15.86	2638	-0.87	
15.84	2639	-0.87	
15.83	2640	-0.87	
15.81	2640	-0.87	
15.80	2641	-0.87	
15.79	2642	-0.87	
15.77	2643	-0.87	
15.76	2643	-0.87	
15.74	2644	-0.87	
15.73	2645	-0.87	
15.72	2645	-0.87	
15.70	2646	-0.87	
15.69	2647	-0.87	
15.67	2647	-0.87	
15.66	2648	-0.87	
15.65	2649	-0.87	
15.63	2650	-0.87	
15.62	2650	-0.88	
15.60	2651	-0.88	
15.59	2652	-0.88	
15.58	2652	-0.88	
15.56	2653	-0.88	
15.55	2654	-0.88	
15.53	2654	-0.88	
15.52	2655	-0.88	
15.51	2656	-0.88	
15.49	2657	-0.88	
15.48	2657	-0.88	
15.46	2658	-0.88	
15.45	2659	-0.88	
15.44	2659	-0.88	
15.42	2660	-0.89	
15.41	2661	-0.89	
15.39	2661	-0.89	
15.38	2662	-0.89	
15.37	2663	-0.89	
15.35	2664	-0.89	
15.34	2664	-0.89	
15.32	2665	-0.89	
15.31	2666	-0.89	
15.29	2666	-0.89	
15.28	2667	-0.89	
15.27	2668	-0.89	
15.25	2668	-0.89	
15.24	2669	-0.89	
15.22	2670	-0.89	
15.21	2671	-0.89	
15.20	2671	-0.90	
15.18	2672	-0.90	
15.17	2673	-0.90	
15.15	2673	-0.90	
15.14	2674	-0.90	
15.13	2675	-0.90	
15.11	2675	-0.90	
15.10	2676	-0.90	
15.08	2677	-0.90	
15.07	2678	-0.90	
15.06	2678	-0.90	
15.04	2679	-0.90	
15.03	2680	-0.90	
15.01	2680	-0.90	
15.00	2681	-0.90	
14.98	2682	-0.90	
14.97	2682	-0.90	
14.96	2683	-0.91	
14.94	2684	-0.91	
14.93	2685	-0.91	
14.91	2685	-0.91	
14.90	2686	-0.91	
14.89	2687	-0.91	
14.87	2687	-0.91	
14.86	2688	-0.91	
14.84	2689	-0.91	
14.83	2689	-0.91	
14.82	2690	-0.91	
14.80	2691	-0.91	
14.79	2692	-0.91	
14.77	2692	-0.91	
14.76	2693	-0.91	
14.75	2694	-0.91	
14.73	2694	-0.91	
14.72	2695	-0.91	
14.70	2696	-0.92	
14.69	2696	-0.92	
14.68	2697	-0.92	
14.66	2698	-0.92	
14.65	2699	-0.92	
14.63	2699	-0.92	
14.62	2700	-0.92	
14.61	2701	-0.92	
14.59	2701	-0.92	
14.58	2702	-0.92	
14.56	2703	-0.92	
14.55	2703	-0.92	
14.54	2704	-0.92	
14.52	2705	-0.92	
14.51	2706	-0.92	
14.49	2706	-0.92	
14.48	2707	-0.92	
14.47	2708	-0.92	
14.45	2708	-0.92	
14.44	2709	-0.92	
14.42	2710	-0.92	
14.41	2710	-0.93	
14.40	2711	-0.93	
14.38	2712	-0.93	
14.37	2713	-0.93	
14.35	2713	-0.93	
14.34	2714	-0.93	
14.33	2715	-0.93	
14.31	2715	-0.93	
14.30	2716	-0.93	
14.28	2717	-0.93	
14.27	2717	-0.93	
14.26	2718	-0.93	
14.24	2719	-0.93	
14.23	2720	-0.93	
14.21	2720	-0.93	
14.20	2721	-0.93	
14.18	2722	-0.93	
14.17	2722	-0.93	
14.16	2723	-0.93	
14.14	2724	-0.93	
14.13	2724	-0.93	
14.11	2725	-0.94	
14.10	2726	-0.94	
14.09	2727	-0.94	
14.07	2727	-0.94	
14.06	2728	-0.94	
14.04	2729	-0.94	
14.03	2729	-0.94	
14.02	2730	-0.94	
14.00	2731	-0.94	
13.99	2731	-0.94	
13.97	2732	-0.94	
13.96	2733	-0.94	
13.94	2734	-0.94	
13.93	2734	-0.94	
13.92	2735	-0.94	
13.90	2736	-0.94	
13.89	2736	-0.94	
13.88	2737	-0.94	
13.86	2738	-0.94	
13.85	2738	-0.94	
13.83	2739	-0.94	
13.82	2740	-0.94	
13.80	2741	-0.94	
13.79	2741	-0.95	
13.78	2742	-0.95	
13.76	2743	-0.95	
13.75	2743	-0.95	
13.73	2744	-0.95	
13.72	2745	-0.95	
13.71	2745	-0.95	
13.69	2746	-0.95	
13.68	2747	-0.95	
13.67	2748	-0.95	
13.65	2748	-0.95	
13.64	2749	-0.95	
13.62	2750	-0.95	
13.61	2750	-0.95	
13.59	2751	-0.95	
13.58	2752	-0.95	
13.57	2752	-0.95	
13.55	2753	-0.95	
13.54	2754	-0.95	
13.52	2755	-0.95	
13.51	2755	-0.95	
13.50	2756	-0.96	
13.48	2757	-0.96	
13.47	2757	-0.96	
13.45	2758	-0.96	
13.44	2759	-0.96	
13.43	2759	-0.96	
13.41	2760	-0.96	
13.40	2761	-0.96	
13.38	2762	-0.96	
13.37	2762	-0.96	
13.36	2763	-0.96	
13.34	2764	-0.96	
13.33	2764	-0.96	
13.31	2765	-0.96	
13.30	2766	-0.96	
13.29	2766	-0.96	
13.27	2767	-0.96	
13.26	2768	-0.96	
13.24	2769	-0.96	
13.23	2769	-0.96	
13.22	2770	-0.96	
13.20	2771	-0.96	
13.19	2771	-0.96	
13.17	2772	-0.96	
13.16	2773	-0.96	
13.15	2773	-0.96	
13.13	2774	-0.96	
13.12	2775	-0.96	
13.10	2776	-0.97	
13.09	2776	-0.97	
13.08	2777	-0.97	
13.06	2778	-0.97	
13.05	2778	-0.97	
13.03	2779	-0.97	
13.02	2780	-0.97	
13.01	2780	-0.97	
12.99	2781	-0.97	
12.98	2782	-0.97	
12.96	2783	-0.97	
12.95	2783	-0.97	
12.94	2784	-0.97	
12.92	2785	-0.97	
12.91	2785	-0.97	
12.89	2786	-0.97	
12.88	2787	-0.97	
12.87	2787	-0.97	
12.85	2788	-0.97	
12.84	2789	-0.97	
12.82	2790	-0.97	
12.81	2790	-0.97	
12.80	2791	-0.98	
12.78	2792	-0.98	
12.77	2792	-0.98	
12.75	2793	-0.98	
12.74	2794	-0.98	
12.73	2794	-0.98	
12.71	2795	-0.98	
12.70	2796	-0.98	
12.68	2797	-0.98	
12.67	2797	-0.98	
12.66	2798	-0.98	
12.64	2799	-0.98	
12.63	2799	-0.98	
12.61	2800	-0.98	
12.60	2801	-0.98	
12.59	2801	-0.98	
12.57	2802	-0.98	
12.56	2803	-0.98	
12.54	2804	-0.98	
12.53	2804	-0.98	
12.52	2805	-0.98	
12.50	2806	-0.98	
12.49	2806	-0.98	
12.48	2807	-0.98	
12.46	2808	-0.98	
12.45	2808	-0.99	
12.43	2809	-0.99	
12.42	2810	-0.99	
12.41	2811	-0.99	
12.39	2811	-0.99	
12.38	2812	-0.99	
12.36	2813	-0.99	
12.35	2813	-0.99	
12.33	2814	-0.99	
12.32	2815	-0.99	
12.31	2815	-0.99	
12.29	2816	-0.99	
12.28	2817	-0.99	
12.27	2818	-0.99	
12.25	2818	-0.99	
12.24	2819	-0.99	
12.22	2820	-0.99	
12.21	2820	-0.99	
12.20	2821	-0.99	
12.18	2822	-0.99	
12.17	2822	-0.99	
12.15	2823	-0.99	
12.14	2824	-0.99	
12.13	2825	-0.99	
12.11	2825	-0.99	
12.10	2826	-0.99	
12.08	2827	-1.00	
12.07	2827	-1.00	
12.06	2828	-1.00	
12.04	2829	-1.00	
12.03	2829	-1.00	
12.01	2830	-1.00	
12.00	2831	-1.00	
11.99	2832	-1.00	
11.97	2832	-1.00	
11.96	2833	-1.00	
11.94	2834	-1.00	
11.93	2834	-1.00	
11.92	2835	-1.00	
11.90	2836	-1.00	
11.89	2836	-1.00	
11.87	2837	-1.00	
11.86	2838	-1.00	
11.85	2839	-1.00	
11.83	2839	-1.00	
11.82	2840	-1.00	
11.80	2841	-1.00	
11.79	2841	-1.00	
11.78	2842	-1.00	
11.76	2843	-1.00	
11.75	2843	-1.00	
11.73	2844	-1.00	
11.72	2845	-1.00	
11.71	2846	-1.00	
11.69	2846	-1.00	
11.68	2847	-1.00	
11.66	2848	-1.00	
11.65	2848	-1.00	
11.64	2849	-1.00	
11.62	2850	-1.00	
11.61	2850	-1.00	
11.60	2851	-1.00	
11.58	2852	-1.00	
11.57	2853	-1.00	
11.55	2853	-1.00	
11.54	2854	-1.00	
11.53	2855	-1.00	
11.51	2855	-1.00	
11.50	2856	-1.00	
11.48	2857	-1.00	
11.47	2857	-1.00	
11.46	2858	-1.01	
11.44	2859	-1.01	
11.43	2860	-1.01	
11.41	2860	-1.01	
11.40	2861	-1.01	
11.39	2862	-1.01	
11.37	2862	-1.01	
11.36	2863	-1.01	
11.34	2864	-1.01	
11.33	2864	-1.01	
11.32	2865	-1.01	
11.30	2866	-1.01	
11.29	2867	-1.01	
11.27	2867	-1.01	
11.26	2868	-1.01	
11.25	2869	-1.01	
11.23	2869	-1.01	
11.22	2870	-1.01	
11.20	2871	-1.01	
11.19	2871	-1.01	
11.18	2872	-1.01	
11.16	2873	-1.01	
11.15	2874	-1.01	
11.14	2874	-1.01	
11.12	2875	-1.01	
11.11	2876	-1.01	
11.09	2876	-1.01	
11.08	2877	-1.01	
11.07	2878	-1.01	
11.05	2878	-1.01	
11.04	2879	-1.01	
11.03	2880	-1.01	
11.01	2881	-1.01	
11.00	2881	-1.01	
10.98	2882	-1.01	
10.97	2883	-1.01	
10.96	2883	-1.01	
10.94	2884	-1.01	
10.93	2885	-1.01	
10.91	2885	-1.01	
10.90	2886	-1.01	
10.89	2887	-1.01	
10.87	2888	-1.01	
10.86	2888	-1.01	
10.84	2889	-1.01	
10.83	2890	-1.01	
10.82	2890	-1.01	
10.80	2891	-1.01	
10.79	2892	-1.01	
10.78	2892	-1.01	
10.76	2893	-1.01	
10.75	2894	-1.01	
10.73	2895	-1.01	
10.72	2895	-1.01	
10.71	2896	-1.01	
10.69	2897	-1.01	
10.68	2897	-1.01	
10.66	2898	-1.01	
10.65	2899	-1.01	
10.64	2899	-1.01	
10.62	2900	-1.01	
10.61	2901	-1.01	
10.60	2902	-1.01	
10.58	2902	-1.01	
10.57	2903	-1.01	
10.55	2904	-1.01	
10.54	2904	-1.01	
10.53	2905	-1.01	
10.51	2906	-1.01	
10.50	2906	-1.01	
10.48	2907	-1.01	
10.47	2908	-1.01	
10.46	2909	-1.01	
10.44	2909	-1.01	
10.43	2910	-1.01	
10.42	2911	-1.01	
10.40	2911	-1.01	
10.39	2912	-1.01	
10.37	2913	-1.01	
10.36	2913	-1.01	
10.35	2914	-1.01	
10.33	2915	-1.01	
10.32	2916	-1.01	
10.30	2916	-1.01	
10.29	2917	-1.01	
10.28	2918	-1.01	
10.26	2918	-1.01	
10.25	2919	-1.01	
10.24	2920	-1.01	
10.22	2920	-1.01	
10.21	2921	-1.01	
10.19	2922	-1.01	
10.18	2923	-1.01	
10.17	2923	-1.01	
10.15	2924	-1.01	
10.14	2925	-1.01	
10.13	2925	-1.01	
10.11	2926	-1.00	
10.10	2927	-1.00	
10.08	2927	-1.00	
10.07	2928	-1.00	
10.06	2929	-1.00	
10.04	2930	-1.00	
10.03	2930	-1.00	
10.02	2931	-1.00	
10.00	2932	-1.00	
9.99	2932	-1.00	
9.97	2933	-1.00	
9.96	2934	-1.00	
9.95	2934	-1.00	
9.93	2935	-1.00	
9.92	2936	-1.00	
9.91	2937	-1.00	
9.89	2937	-1.00	
9.88	2938	-1.00	
9.86	2939	-1.00	
9.85	2939	-1.00	
9.84	2940	-1.00	
9.82	2941	-1.00	
9.81	2941	-1.00	
9.80	2942	-1.00	
9.78	2943	-1.00	
9.77	2944	-1.00	
9.76	2944	-1.00	
9.74	2945	-1.00	
9.73	2946	-1.00	
9.71	2946	-1.00	
9.70	2947	-1.00	
9.69	2948	-1.00	
9.67	2948	-1.00	
9.66	2949	-1.00	
9.65	2950	-0.99	
9.63	2951	-0.99	
9.62	2951	-0.99	
9.60	2952	-0.99	
9.59	2953	-0.99	
9.58	2953	-0.99	
9.56	2954	-0.99	
9.55	2955	-0.99	
9.54	2955	-0.99	
9.52	2956	-0.99	
9.51	2957	-0.99	
9.50	2958	-0.99	
9.48	2958	-0.99	
9.47	2959	-0.99	
9.45	2960	-0.99	
9.44	2960	-0.99	
9.43	2961	-0.99	
9.41	2962	-0.99	
9.40	2962	-0.99	
9.39	2963	-0.99	
9.37	2964	-0.99	
9.36	2965	-0.99	
9.35	2965	-0.99	
9.33	2966	-0.99	
9.32	2967	-0.99	
9.31	2967	-0.99	
9.29	2968	-0.99	
9.28	2969	-0.99	
9.26	2969	-0.98	
9.25	2970	-0.98	
9.24	2971	-0.98	
9.22	2972	-0.98	
9.21	2972	-0.98	
9.20	2973	-0.98	
9.18	2974	-0.98	
9.17	2974	-0.98	
9.16	2975	-0.98	
9.14	2976	-0.98	
9.13	2976	-0.98	
9.11	2977	-0.98	
9.10	2978	-0.98	
9.09	2979	-0.98	
9.07	2979	-0.98	
9.06	2980	-0.98	
9.05	2981	-0.98	
9.03	2981	-0.98	
9.02	2982	-0.98	
9.01	2983	-0.98	
8.99	2983	-0.98	
8.98	2984	-0.98	
8.97	2985	-0.98	
8.95	2986	-0.98	
8.94	2986	-0.97	
8.93	2987	-0.97	
8.91	2988	-0.97	
8.90	2988	-0.97	
8.88	2989	-0.97	
8.87	2990	-0.97	
8.86	2990	-0.97	
8.84	2991	-0.97	
8.83	2992	-0.97	
8.82	2993	-0.97	
8.80	2993	-0.97	
8.79	2994	-0.97	
8.78	2995	-0.97	
8.76	2995	-0.97	
8.75	2996	-0.97	
8.74	2997	-0.97	
8.72	2997	-0.97	
8.71	2998	-0.97	
8.70	2999	-0.97	
8.68	3000	-0.97	
