P85
Furnace temperature 	Time	HeatFlow	
/°C	/s	/mW	
8.27	0	-0.95	
8.27	2	-0.95	
8.27	3	-0.95	
8.24	5	-0.94	
8.23	6	-0.94	
8.21	8	-0.94	
8.19	9	-0.94	
8.17	11	-0.94	
8.15	12	-0.94	
8.12	14	-0.94	
8.09	15	-0.94	
8.07	17	-0.94	
8.04	18	-0.93	
8.02	20	-0.93	
7.99	21	-0.93	
7.97	23	-0.93	
7.94	24	-0.93	
7.92	26	-0.93	
7.89	27	-0.93	
7.87	29	-0.93	
7.85	30	-0.93	
7.82	32	-0.93	
7.80	33	-0.93	
7.77	35	-0.93	
7.75	36	-0.93	
7.72	38	-0.93	
7.69	39	-0.93	
7.67	41	-0.92	
7.64	42	-0.92	
7.61	44	-0.92	
7.58	45	-0.92	
7.55	47	-0.92	
7.52	48	-0.92	
7.49	50	-0.92	
7.46	51	-0.91	
7.43	53	-0.91	
7.40	54	-0.91	
7.37	56	-0.91	
7.33	57	-0.90	
7.30	59	-0.90	
7.26	60	-0.90	
7.23	62	-0.90	
7.19	63	-0.89	
7.15	65	-0.89	
7.11	66	-0.88	
7.08	68	-0.88	
7.04	69	-0.87	
7.00	71	-0.86	
6.96	72	-0.85	
6.93	74	-0.85	
6.89	75	-0.84	
6.85	77	-0.83	
6.82	78	-0.82	
6.78	80	-0.81	
6.75	81	-0.80	
6.71	83	-0.79	
6.68	84	-0.78	
6.64	86	-0.77	
6.61	87	-0.76	
6.58	89	-0.75	
6.55	90	-0.73	
6.52	92	-0.72	
6.49	93	-0.71	
6.46	95	-0.70	
6.44	96	-0.69	
6.41	98	-0.67	
6.39	99	-0.66	
6.36	101	-0.65	
6.34	102	-0.63	
6.32	104	-0.62	
6.29	105	-0.60	
6.27	107	-0.59	
6.25	108	-0.58	
6.23	110	-0.56	
6.21	111	-0.55	
6.20	113	-0.53	
6.18	114	-0.52	
6.16	116	-0.50	
6.15	117	-0.49	
6.13	119	-0.48	
6.12	120	-0.46	
6.10	122	-0.45	
6.09	123	-0.43	
6.08	125	-0.42	
6.07	126	-0.40	
6.06	128	-0.39	
6.05	129	-0.37	
6.04	131	-0.36	
6.03	132	-0.35	
6.02	134	-0.33	
6.01	135	-0.32	
6.00	137	-0.31	
6.00	138	-0.29	
5.99	140	-0.28	
5.99	141	-0.26	
5.98	143	-0.25	
5.98	144	-0.24	
5.97	146	-0.23	
5.97	147	-0.21	
5.97	149	-0.20	
5.96	150	-0.19	
5.96	152	-0.17	
5.96	153	-0.16	
5.96	155	-0.15	
5.95	156	-0.14	
5.95	158	-0.12	
5.95	159	-0.11	
5.95	161	-0.10	
5.95	162	-0.09	
5.93	164	-0.08	
5.91	165	-0.07	
5.89	167	-0.05	
5.87	168	-0.04	
5.84	170	-0.03	
5.82	171	-0.02	
5.80	173	-0.01	
5.78	174	-0.00	
5.76	176	0.01	
5.74	177	0.02	
5.72	179	0.03	
5.69	180	0.04	
5.67	182	0.05	
5.65	183	0.06	
5.63	185	0.07	
5.61	186	0.08	
5.59	188	0.09	
5.57	189	0.10	
5.55	191	0.11	
5.53	192	0.12	
5.51	194	0.13	
5.48	195	0.14	
5.46	197	0.15	
5.44	198	0.15	
5.42	200	0.16	
5.40	201	0.17	
5.39	203	0.18	
5.37	204	0.19	
5.35	206	0.19	
5.33	207	0.20	
5.31	209	0.21	
5.30	210	0.22	
5.28	212	0.22	
5.26	213	0.23	
5.25	215	0.24	
5.23	216	0.25	
5.22	218	0.25	
5.21	219	0.26	
5.20	221	0.27	
5.19	222	0.27	
5.18	224	0.28	
5.17	225	0.28	
5.16	227	0.29	
5.16	228	0.30	
5.15	230	0.30	
5.15	231	0.31	
5.15	233	0.31	
5.15	234	0.32	
5.15	236	0.33	
5.15	237	0.33	
5.15	239	0.34	
5.15	240	0.34	
5.16	242	0.35	
5.16	243	0.35	
5.17	245	0.36	
5.17	246	0.36	
5.18	248	0.36	
5.19	249	0.37	
5.20	251	0.37	
5.21	252	0.38	
5.22	254	0.38	
5.23	255	0.39	
5.24	257	0.39	
5.25	258	0.39	
5.26	260	0.40	
5.27	261	0.40	
5.29	263	0.40	
5.30	264	0.41	
5.31	266	0.41	
5.33	267	0.41	
5.34	269	0.42	
5.36	270	0.42	
5.37	272	0.42	
5.39	273	0.43	
5.40	275	0.43	
5.42	276	0.43	
5.43	278	0.43	
5.45	279	0.44	
5.47	281	0.44	
5.48	282	0.44	
5.50	284	0.44	
5.52	285	0.45	
5.53	287	0.45	
5.55	288	0.45	
5.57	290	0.45	
5.59	291	0.46	
5.60	293	0.46	
5.62	294	0.46	
5.64	296	0.46	
5.66	297	0.46	
5.68	299	0.46	
5.69	300	0.47	
5.71	302	0.47	
5.73	303	0.47	
5.75	305	0.47	
5.76	306	0.47	
5.78	308	0.47	
5.80	309	0.47	
5.82	311	0.48	
5.83	312	0.48	
5.85	314	0.48	
5.87	315	0.48	
5.89	317	0.48	
5.91	318	0.48	
5.92	320	0.48	
5.94	321	0.48	
5.96	323	0.48	
5.98	324	0.49	
6.00	326	0.49	
6.01	327	0.49	
6.03	329	0.49	
6.05	330	0.49	
6.07	332	0.49	
6.09	333	0.49	
6.10	335	0.49	
6.12	336	0.49	
6.14	338	0.49	
6.16	339	0.49	
6.18	341	0.49	
6.19	342	0.49	
6.21	344	0.49	
6.23	345	0.49	
6.25	347	0.50	
6.27	348	0.50	
6.29	350	0.50	
6.30	351	0.50	
6.32	353	0.50	
6.34	354	0.50	
6.36	356	0.50	
6.37	357	0.50	
6.39	359	0.50	
6.41	360	0.50	
6.43	362	0.50	
6.44	363	0.50	
6.46	365	0.50	
6.48	366	0.50	
6.49	368	0.50	
6.51	369	0.50	
6.53	371	0.50	
6.55	372	0.50	
6.56	374	0.50	
6.58	375	0.50	
6.60	377	0.50	
6.62	378	0.50	
6.63	380	0.50	
6.65	381	0.50	
6.67	383	0.50	
6.68	384	0.50	
6.70	386	0.50	
6.72	387	0.50	
6.73	389	0.50	
6.75	390	0.50	
6.77	392	0.50	
6.79	393	0.50	
6.80	395	0.49	
6.82	396	0.49	
6.84	398	0.49	
6.85	399	0.49	
6.87	401	0.49	
6.89	402	0.49	
6.90	404	0.49	
6.92	405	0.49	
6.93	407	0.49	
6.95	408	0.49	
6.97	410	0.49	
6.98	411	0.49	
7.00	413	0.49	
7.02	414	0.49	
7.03	416	0.49	
7.05	417	0.49	
7.06	419	0.49	
7.08	420	0.49	
7.10	422	0.49	
7.11	423	0.49	
7.13	425	0.49	
7.14	426	0.49	
7.16	428	0.49	
7.17	429	0.49	
7.19	431	0.49	
7.21	432	0.49	
7.22	434	0.48	
7.24	435	0.48	
7.25	437	0.48	
7.27	438	0.48	
7.28	440	0.48	
7.30	441	0.48	
7.31	443	0.48	
7.33	444	0.48	
7.35	446	0.48	
7.36	447	0.48	
7.38	449	0.48	
7.39	450	0.47	
7.41	452	0.47	
7.42	453	0.47	
7.44	455	0.47	
7.45	456	0.47	
7.47	458	0.47	
7.48	459	0.47	
7.50	461	0.47	
7.51	462	0.47	
7.53	464	0.47	
7.54	465	0.47	
7.56	467	0.46	
7.57	468	0.46	
7.59	470	0.46	
7.60	471	0.46	
7.62	473	0.46	
7.63	474	0.46	
7.65	476	0.46	
7.66	477	0.46	
7.68	479	0.46	
7.69	480	0.46	
7.70	482	0.46	
7.72	483	0.46	
7.73	485	0.46	
7.75	486	0.46	
7.76	488	0.46	
7.78	489	0.46	
7.79	491	0.46	
7.81	492	0.46	
7.82	494	0.46	
7.84	495	0.46	
7.85	497	0.46	
7.86	498	0.46	
7.88	500	0.45	
7.89	501	0.45	
7.91	503	0.45	
7.92	504	0.45	
7.94	506	0.45	
7.95	507	0.45	
7.97	509	0.45	
7.98	510	0.45	
7.99	512	0.45	
8.01	513	0.45	
8.02	515	0.45	
8.04	516	0.45	
8.05	518	0.45	
8.06	519	0.45	
8.08	521	0.45	
8.09	522	0.45	
8.11	524	0.45	
8.12	525	0.45	
8.13	527	0.45	
8.15	528	0.45	
8.16	530	0.45	
8.18	531	0.45	
8.19	533	0.45	
8.21	534	0.45	
8.22	536	0.45	
8.23	537	0.45	
8.25	539	0.45	
8.26	540	0.45	
8.27	542	0.45	
8.29	543	0.45	
8.30	545	0.45	
8.32	546	0.45	
8.33	548	0.44	
8.34	549	0.44	
8.36	551	0.44	
8.37	552	0.44	
8.38	554	0.44	
8.40	555	0.44	
8.41	557	0.44	
8.43	558	0.44	
8.44	560	0.44	
8.45	561	0.44	
8.47	563	0.44	
8.48	564	0.44	
8.49	566	0.44	
8.51	567	0.44	
8.52	569	0.44	
8.54	570	0.44	
8.55	572	0.44	
8.56	573	0.44	
8.58	575	0.44	
8.59	576	0.44	
8.60	578	0.44	
8.62	579	0.44	
8.63	581	0.44	
8.64	582	0.44	
8.66	584	0.44	
8.67	585	0.44	
8.68	587	0.44	
8.70	588	0.44	
8.71	590	0.44	
8.72	591	0.44	
8.74	593	0.44	
8.75	594	0.44	
8.76	596	0.44	
8.78	597	0.44	
8.79	599	0.44	
8.80	600	0.44	
8.82	602	0.44	
8.83	603	0.44	
8.84	605	0.44	
8.85	606	0.44	
8.86	608	0.44	
8.87	609	0.44	
8.88	611	0.44	
8.90	612	0.44	
8.91	614	0.44	
8.92	615	0.43	
8.93	617	0.43	
8.95	618	0.43	
8.96	620	0.43	
8.97	621	0.44	
8.99	623	0.44	
9.00	624	0.43	
9.01	626	0.43	
9.03	627	0.43	
9.04	629	0.43	
9.05	630	0.43	
9.07	632	0.43	
9.08	633	0.43	
9.09	635	0.43	
9.11	636	0.43	
9.12	638	0.43	
9.13	639	0.43	
9.15	641	0.43	
9.16	642	0.43	
9.17	644	0.43	
9.18	645	0.43	
9.20	647	0.43	
9.21	648	0.43	
9.22	650	0.43	
9.24	651	0.43	
9.25	653	0.43	
9.26	654	0.43	
9.28	656	0.43	
9.29	657	0.43	
9.30	659	0.43	
9.32	660	0.43	
9.33	662	0.43	
9.34	663	0.43	
9.36	665	0.43	
9.37	666	0.43	
9.38	668	0.43	
9.40	669	0.43	
9.41	671	0.43	
9.42	672	0.43	
9.43	674	0.43	
9.45	675	0.43	
9.46	677	0.43	
9.47	678	0.43	
9.49	680	0.43	
9.50	681	0.43	
9.51	683	0.43	
9.53	684	0.43	
9.54	686	0.43	
9.55	687	0.43	
9.57	689	0.43	
9.58	690	0.43	
9.59	692	0.43	
9.60	693	0.43	
9.62	695	0.43	
9.63	696	0.43	
9.64	698	0.43	
9.66	699	0.43	
9.67	701	0.43	
9.68	702	0.43	
9.70	704	0.43	
9.71	705	0.43	
9.72	707	0.43	
9.73	708	0.43	
9.75	710	0.43	
9.76	711	0.43	
9.77	713	0.43	
9.79	714	0.43	
9.80	716	0.43	
9.81	717	0.42	
9.83	719	0.42	
9.84	720	0.42	
9.85	722	0.42	
9.86	723	0.42	
9.88	725	0.42	
9.89	726	0.42	
9.90	728	0.42	
9.92	729	0.42	
9.93	731	0.42	
9.94	732	0.42	
9.95	734	0.42	
9.97	735	0.42	
9.98	737	0.42	
9.99	738	0.42	
10.01	740	0.42	
10.02	741	0.42	
10.03	743	0.42	
10.05	744	0.42	
10.06	746	0.42	
10.07	747	0.42	
10.08	749	0.42	
10.10	750	0.42	
10.11	752	0.42	
10.12	753	0.42	
10.14	755	0.42	
10.15	756	0.42	
10.16	758	0.42	
10.17	759	0.42	
10.19	761	0.42	
10.20	762	0.42	
10.21	764	0.42	
10.23	765	0.42	
10.24	767	0.42	
10.25	768	0.42	
10.26	770	0.42	
10.28	771	0.42	
10.29	773	0.42	
10.30	774	0.42	
10.32	776	0.42	
10.33	777	0.42	
10.34	779	0.42	
10.36	780	0.42	
10.37	782	0.42	
10.38	783	0.42	
10.39	785	0.42	
10.41	786	0.42	
10.42	788	0.41	
10.43	789	0.41	
10.45	791	0.41	
10.46	792	0.41	
10.47	794	0.41	
10.49	795	0.41	
10.50	797	0.41	
10.51	798	0.41	
10.52	800	0.41	
10.54	801	0.41	
10.55	803	0.41	
10.56	804	0.41	
10.58	806	0.41	
10.59	807	0.41	
10.60	809	0.41	
10.62	810	0.41	
10.63	812	0.41	
10.64	813	0.41	
10.65	815	0.41	
10.67	816	0.41	
10.68	818	0.41	
10.69	819	0.41	
10.71	821	0.41	
10.72	822	0.41	
10.73	824	0.41	
10.75	825	0.41	
10.76	827	0.41	
10.77	828	0.41	
10.78	830	0.41	
10.80	831	0.41	
10.81	833	0.41	
10.82	834	0.41	
10.84	836	0.41	
10.85	837	0.41	
10.86	839	0.41	
10.87	840	0.41	
10.89	842	0.41	
10.90	843	0.41	
10.91	845	0.41	
10.93	846	0.41	
10.94	848	0.41	
10.95	849	0.41	
10.97	851	0.41	
10.98	852	0.41	
10.99	854	0.41	
11.00	855	0.41	
11.02	857	0.41	
11.03	858	0.41	
11.04	860	0.41	
11.06	861	0.41	
11.07	863	0.40	
11.08	864	0.40	
11.09	866	0.40	
11.11	867	0.40	
11.12	869	0.40	
11.13	870	0.40	
11.15	872	0.40	
11.16	873	0.40	
11.17	875	0.40	
11.18	876	0.40	
11.20	878	0.40	
11.21	879	0.40	
11.22	881	0.40	
11.24	882	0.40	
11.25	884	0.40	
11.26	885	0.40	
11.27	887	0.40	
11.29	888	0.40	
11.30	890	0.40	
11.31	891	0.40	
11.33	893	0.40	
11.34	894	0.40	
11.35	896	0.40	
11.36	897	0.40	
11.38	899	0.40	
11.39	900	0.40	
11.40	902	0.40	
11.41	903	0.40	
11.43	905	0.40	
11.44	906	0.40	
11.45	908	0.40	
11.47	909	0.40	
11.48	911	0.40	
11.49	912	0.40	
11.50	914	0.40	
11.52	915	0.40	
11.53	917	0.40	
11.54	918	0.40	
11.56	920	0.40	
11.57	921	0.40	
11.58	923	0.40	
11.59	924	0.40	
11.61	926	0.40	
11.62	927	0.40	
11.63	929	0.40	
11.65	930	0.40	
11.66	932	0.40	
11.67	933	0.40	
11.68	935	0.40	
11.70	936	0.40	
11.71	938	0.40	
11.72	939	0.40	
11.73	941	0.40	
11.75	942	0.40	
11.76	944	0.40	
11.77	945	0.40	
11.79	947	0.40	
11.80	948	0.39	
11.81	950	0.39	
11.82	951	0.39	
11.84	953	0.39	
11.85	954	0.39	
11.86	956	0.39	
11.88	957	0.39	
11.89	959	0.39	
11.90	960	0.39	
11.91	962	0.39	
11.93	963	0.39	
11.94	965	0.39	
11.95	966	0.39	
11.96	968	0.39	
11.98	969	0.39	
11.99	971	0.39	
12.00	972	0.39	
12.02	974	0.39	
12.03	975	0.39	
12.04	977	0.39	
12.05	978	0.39	
12.07	980	0.39	
12.08	981	0.39	
12.09	983	0.39	
12.10	984	0.39	
12.12	986	0.39	
12.13	987	0.39	
12.14	989	0.39	
12.16	990	0.39	
12.17	992	0.39	
12.18	993	0.39	
12.19	995	0.39	
12.21	996	0.39	
12.22	998	0.39	
12.23	999	0.39	
12.24	1001	0.39	
12.26	1002	0.39	
12.27	1004	0.39	
12.28	1005	0.39	
12.30	1007	0.39	
12.31	1008	0.39	
12.32	1010	0.39	
12.33	1011	0.39	
12.35	1013	0.39	
12.36	1014	0.39	
12.37	1016	0.39	
12.38	1017	0.39	
12.40	1019	0.39	
12.41	1020	0.39	
12.42	1022	0.39	
12.44	1023	0.39	
12.45	1025	0.39	
12.46	1026	0.39	
12.47	1028	0.39	
12.49	1029	0.39	
12.50	1031	0.39	
12.51	1032	0.39	
12.52	1034	0.39	
12.54	1035	0.39	
12.55	1037	0.39	
12.56	1038	0.39	
12.58	1040	0.39	
12.59	1041	0.39	
12.60	1043	0.39	
12.61	1044	0.39	
12.63	1046	0.38	
12.64	1047	0.38	
12.65	1049	0.38	
12.66	1050	0.38	
12.68	1052	0.38	
12.69	1053	0.38	
12.70	1055	0.38	
12.71	1056	0.38	
12.73	1058	0.38	
12.74	1059	0.38	
12.75	1061	0.38	
12.77	1062	0.38	
12.78	1064	0.38	
12.79	1065	0.38	
12.80	1067	0.38	
12.82	1068	0.38	
12.83	1070	0.38	
12.84	1071	0.38	
12.85	1073	0.38	
12.87	1074	0.38	
12.88	1076	0.38	
12.89	1077	0.38	
12.91	1079	0.38	
12.92	1080	0.38	
12.93	1082	0.38	
12.94	1083	0.38	
12.96	1085	0.38	
12.97	1086	0.38	
12.98	1088	0.38	
12.99	1089	0.38	
13.01	1091	0.38	
13.02	1092	0.38	
13.03	1094	0.38	
13.05	1095	0.38	
13.06	1097	0.38	
13.07	1098	0.38	
13.08	1100	0.38	
13.10	1101	0.38	
13.11	1103	0.38	
13.12	1104	0.38	
13.13	1106	0.38	
13.15	1107	0.38	
13.16	1109	0.38	
13.17	1110	0.38	
13.19	1112	0.38	
13.20	1113	0.38	
13.21	1115	0.38	
13.22	1116	0.38	
13.24	1118	0.38	
13.25	1119	0.38	
13.26	1121	0.38	
13.27	1122	0.38	
13.29	1124	0.38	
13.30	1125	0.38	
13.31	1127	0.38	
13.32	1128	0.38	
13.34	1130	0.38	
13.35	1131	0.38	
13.36	1133	0.38	
13.38	1134	0.38	
13.39	1136	0.38	
13.40	1137	0.38	
13.41	1139	0.38	
13.43	1140	0.38	
13.44	1142	0.38	
13.45	1143	0.38	
13.46	1145	0.38	
13.48	1146	0.38	
13.49	1148	0.38	
13.50	1149	0.37	
13.51	1151	0.37	
13.53	1152	0.37	
13.54	1154	0.37	
13.55	1155	0.37	
13.57	1157	0.37	
13.58	1158	0.37	
13.59	1160	0.37	
13.60	1161	0.37	
13.62	1163	0.37	
13.63	1164	0.37	
13.64	1166	0.37	
13.65	1167	0.37	
13.67	1169	0.37	
13.68	1170	0.37	
13.69	1172	0.37	
13.70	1173	0.37	
13.72	1175	0.37	
13.73	1176	0.37	
13.74	1178	0.37	
13.76	1179	0.37	
13.77	1181	0.37	
13.78	1182	0.37	
13.79	1184	0.37	
13.81	1185	0.37	
13.82	1187	0.37	
13.83	1188	0.37	
13.84	1190	0.37	
13.86	1191	0.37	
13.87	1193	0.37	
13.88	1194	0.37	
13.89	1196	0.37	
13.91	1197	0.37	
13.92	1199	0.37	
13.93	1200	0.37	
13.95	1202	0.37	
13.96	1203	0.37	
13.97	1205	0.37	
13.98	1206	0.37	
14.00	1208	0.37	
14.01	1209	0.37	
14.02	1211	0.37	
14.03	1212	0.37	
14.05	1214	0.37	
14.06	1215	0.37	
14.07	1217	0.37	
14.09	1218	0.37	
14.10	1220	0.37	
14.11	1221	0.37	
14.12	1223	0.37	
14.14	1224	0.37	
14.15	1226	0.37	
14.16	1227	0.37	
14.17	1229	0.37	
14.19	1230	0.37	
14.20	1232	0.37	
14.21	1233	0.37	
14.22	1235	0.37	
14.24	1236	0.37	
14.25	1238	0.37	
14.26	1239	0.37	
14.28	1241	0.36	
14.29	1242	0.36	
14.30	1244	0.36	
14.31	1245	0.36	
14.33	1247	0.36	
14.34	1248	0.36	
14.35	1250	0.36	
14.36	1251	0.36	
14.38	1253	0.36	
14.39	1254	0.36	
14.40	1256	0.36	
14.41	1257	0.36	
14.43	1259	0.36	
14.44	1260	0.36	
14.45	1262	0.36	
14.47	1263	0.36	
14.48	1265	0.36	
14.49	1266	0.36	
14.50	1268	0.36	
14.52	1269	0.36	
14.53	1271	0.36	
14.54	1272	0.36	
14.55	1274	0.36	
14.57	1275	0.36	
14.58	1277	0.36	
14.59	1278	0.36	
14.60	1280	0.36	
14.62	1281	0.36	
14.63	1283	0.36	
14.64	1284	0.36	
14.66	1286	0.36	
14.67	1287	0.36	
14.68	1289	0.36	
14.69	1290	0.36	
14.71	1292	0.36	
14.72	1293	0.36	
14.73	1295	0.36	
14.74	1296	0.36	
14.76	1298	0.36	
14.77	1299	0.36	
14.78	1301	0.36	
14.79	1302	0.36	
14.81	1304	0.36	
14.82	1305	0.36	
14.83	1307	0.36	
14.85	1308	0.36	
14.86	1310	0.36	
14.87	1311	0.36	
14.88	1313	0.36	
14.90	1314	0.36	
14.91	1316	0.36	
14.92	1317	0.36	
14.93	1319	0.36	
14.95	1320	0.36	
14.96	1322	0.36	
14.97	1323	0.36	
14.98	1325	0.36	
15.00	1326	0.36	
15.01	1328	0.36	
15.02	1329	0.36	
15.04	1331	0.36	
15.05	1332	0.36	
15.06	1334	0.36	
15.07	1335	0.36	
15.09	1337	0.35	
15.10	1338	0.35	
15.11	1340	0.35	
15.12	1341	0.35	
15.14	1343	0.35	
15.15	1344	0.35	
15.16	1346	0.35	
15.17	1347	0.35	
15.19	1349	0.35	
15.20	1350	0.35	
15.21	1352	0.35	
15.23	1353	0.35	
15.24	1355	0.35	
15.25	1356	0.35	
15.26	1358	0.35	
15.28	1359	0.35	
15.29	1361	0.35	
15.30	1362	0.35	
15.32	1364	0.35	
15.33	1365	0.35	
15.34	1367	0.35	
15.35	1368	0.35	
15.36	1370	0.35	
15.38	1371	0.35	
15.39	1373	0.35	
15.40	1374	0.35	
15.42	1376	0.35	
15.43	1377	0.35	
15.44	1379	0.35	
15.45	1380	0.35	
15.47	1382	0.35	
15.48	1383	0.35	
15.49	1385	0.35	
15.51	1386	0.35	
15.52	1388	0.35	
15.53	1389	0.35	
15.54	1391	0.35	
15.56	1392	0.35	
15.57	1394	0.35	
15.58	1395	0.35	
15.59	1397	0.35	
15.61	1398	0.35	
15.62	1400	0.35	
15.63	1401	0.35	
15.64	1403	0.35	
15.66	1404	0.35	
15.67	1406	0.35	
15.68	1407	0.35	
15.69	1409	0.35	
15.71	1410	0.35	
15.72	1412	0.35	
15.73	1413	0.35	
15.74	1415	0.35	
15.76	1416	0.35	
15.77	1418	0.35	
15.78	1419	0.35	
15.80	1421	0.35	
15.81	1422	0.35	
15.82	1424	0.35	
15.83	1425	0.35	
15.85	1427	0.35	
15.86	1428	0.35	
15.87	1430	0.35	
15.88	1431	0.35	
15.90	1433	0.35	
15.91	1434	0.34	
15.92	1436	0.35	
15.94	1437	0.35	
15.95	1439	0.35	
15.96	1440	0.34	
15.97	1442	0.34	
15.99	1443	0.34	
16.00	1445	0.34	
16.01	1446	0.34	
16.02	1448	0.34	
16.04	1449	0.34	
16.05	1451	0.34	
16.06	1452	0.34	
16.07	1454	0.34	
16.09	1455	0.34	
16.10	1457	0.34	
16.11	1458	0.34	
16.12	1460	0.34	
16.14	1461	0.34	
16.15	1463	0.34	
16.16	1464	0.34	
16.18	1466	0.34	
16.19	1467	0.34	
16.20	1469	0.34	
16.21	1470	0.34	
16.23	1472	0.34	
16.24	1473	0.34	
16.25	1475	0.34	
16.26	1476	0.34	
16.28	1478	0.34	
16.29	1479	0.34	
16.30	1481	0.34	
16.31	1482	0.34	
16.33	1484	0.34	
16.34	1485	0.34	
16.35	1487	0.34	
16.37	1488	0.34	
16.38	1490	0.34	
16.39	1491	0.34	
16.40	1493	0.34	
16.42	1494	0.34	
16.43	1496	0.34	
16.44	1497	0.34	
16.45	1499	0.34	
16.47	1500	0.34	
16.48	1502	0.34	
16.49	1503	0.34	
16.50	1505	0.34	
16.52	1506	0.34	
16.53	1508	0.34	
16.54	1509	0.34	
16.56	1511	0.34	
16.57	1512	0.34	
16.58	1514	0.34	
16.59	1515	0.34	
16.61	1517	0.34	
16.62	1518	0.34	
16.63	1520	0.34	
16.64	1521	0.34	
16.66	1523	0.34	
16.67	1524	0.34	
16.68	1526	0.34	
16.69	1527	0.34	
16.71	1529	0.33	
16.72	1530	0.33	
16.73	1532	0.33	
16.74	1533	0.33	
16.76	1535	0.33	
16.77	1536	0.33	
16.78	1538	0.33	
16.80	1539	0.33	
16.81	1541	0.33	
16.82	1542	0.33	
16.83	1544	0.33	
16.85	1545	0.33	
16.86	1547	0.33	
16.87	1548	0.33	
16.88	1550	0.33	
16.90	1551	0.33	
16.91	1553	0.33	
16.92	1554	0.33	
16.93	1556	0.33	
16.95	1557	0.33	
16.96	1559	0.33	
16.97	1560	0.33	
16.99	1562	0.33	
17.00	1563	0.33	
17.01	1565	0.33	
17.02	1566	0.33	
17.04	1568	0.33	
17.05	1569	0.33	
17.06	1571	0.33	
17.07	1572	0.33	
17.09	1574	0.33	
17.10	1575	0.33	
17.11	1577	0.33	
17.12	1578	0.33	
17.14	1580	0.33	
17.15	1581	0.33	
17.16	1583	0.33	
17.18	1584	0.33	
17.19	1586	0.33	
17.20	1587	0.33	
17.21	1589	0.33	
17.23	1590	0.33	
17.24	1592	0.33	
17.25	1593	0.33	
17.26	1595	0.33	
17.28	1596	0.33	
17.29	1598	0.33	
17.30	1599	0.33	
17.32	1601	0.33	
17.33	1602	0.33	
17.34	1604	0.33	
17.35	1605	0.33	
17.37	1607	0.33	
17.38	1608	0.33	
17.39	1610	0.33	
17.40	1611	0.32	
17.42	1613	0.32	
17.43	1614	0.32	
17.44	1616	0.32	
17.46	1617	0.32	
17.47	1619	0.32	
17.48	1620	0.32	
17.49	1622	0.32	
17.51	1623	0.32	
17.52	1625	0.32	
17.53	1626	0.32	
17.54	1628	0.32	
17.56	1629	0.32	
17.57	1631	0.32	
17.58	1632	0.32	
17.59	1634	0.32	
17.61	1635	0.32	
17.62	1637	0.32	
17.63	1638	0.32	
17.64	1640	0.32	
17.66	1641	0.32	
17.67	1643	0.32	
17.68	1644	0.32	
17.70	1646	0.32	
17.71	1647	0.32	
17.72	1649	0.32	
17.73	1650	0.32	
17.75	1652	0.32	
17.76	1653	0.32	
17.77	1655	0.32	
17.78	1656	0.32	
17.80	1658	0.32	
17.81	1659	0.32	
17.82	1661	0.32	
17.83	1662	0.32	
17.85	1664	0.32	
17.86	1665	0.32	
17.87	1667	0.32	
17.89	1668	0.32	
17.90	1670	0.32	
17.91	1671	0.32	
17.92	1673	0.32	
17.94	1674	0.32	
17.95	1676	0.32	
17.96	1677	0.32	
17.97	1679	0.32	
17.99	1680	0.32	
18.00	1682	0.32	
18.01	1683	0.32	
18.02	1685	0.32	
18.04	1686	0.32	
18.05	1688	0.32	
18.06	1689	0.32	
18.07	1691	0.31	
18.09	1692	0.32	
18.10	1694	0.32	
18.11	1695	0.32	
18.13	1697	0.31	
18.14	1698	0.31	
18.15	1700	0.31	
18.16	1701	0.31	
18.18	1703	0.31	
18.19	1704	0.31	
18.20	1706	0.31	
18.21	1707	0.31	
18.23	1709	0.31	
18.24	1710	0.31	
18.25	1712	0.31	
18.26	1713	0.31	
18.28	1715	0.31	
18.29	1716	0.31	
18.30	1718	0.31	
18.32	1719	0.31	
18.33	1721	0.31	
18.34	1722	0.31	
18.35	1724	0.31	
18.37	1725	0.31	
18.38	1727	0.31	
18.39	1728	0.31	
18.40	1730	0.31	
18.42	1731	0.31	
18.43	1733	0.31	
18.44	1734	0.31	
18.46	1736	0.31	
18.47	1737	0.31	
18.48	1739	0.31	
18.49	1740	0.31	
18.51	1742	0.31	
18.52	1743	0.31	
18.53	1745	0.31	
18.54	1746	0.31	
18.56	1748	0.31	
18.57	1749	0.31	
18.58	1751	0.31	
18.59	1752	0.31	
18.61	1754	0.31	
18.62	1755	0.31	
18.63	1757	0.31	
18.64	1758	0.31	
18.66	1760	0.31	
18.67	1761	0.31	
18.68	1763	0.31	
18.70	1764	0.31	
18.71	1766	0.31	
18.72	1767	0.31	
18.73	1769	0.31	
18.75	1770	0.31	
18.76	1772	0.31	
18.77	1773	0.31	
18.78	1775	0.31	
18.80	1776	0.31	
18.81	1778	0.31	
18.82	1779	0.31	
18.83	1781	0.30	
18.85	1782	0.30	
18.86	1784	0.30	
18.87	1785	0.30	
18.89	1787	0.30	
18.90	1788	0.30	
18.91	1790	0.30	
18.92	1791	0.30	
18.94	1793	0.30	
18.95	1794	0.30	
18.96	1796	0.30	
18.97	1797	0.30	
18.99	1799	0.30	
19.00	1800	0.30	
19.01	1802	0.30	
19.02	1803	0.30	
19.04	1805	0.30	
19.05	1806	0.30	
19.06	1808	0.30	
19.08	1809	0.30	
19.09	1811	0.30	
19.10	1812	0.30	
19.11	1814	0.30	
19.13	1815	0.30	
19.14	1817	0.30	
19.15	1818	0.30	
19.16	1820	0.30	
19.18	1821	0.30	
19.19	1823	0.30	
19.20	1824	0.30	
19.21	1826	0.30	
19.23	1827	0.30	
19.24	1829	0.30	
19.25	1830	0.30	
19.27	1832	0.30	
19.28	1833	0.30	
19.29	1835	0.30	
19.30	1836	0.30	
19.32	1838	0.30	
19.33	1839	0.30	
19.34	1841	0.30	
19.35	1842	0.30	
19.37	1844	0.30	
19.38	1845	0.30	
19.39	1847	0.30	
19.40	1848	0.30	
19.42	1850	0.30	
19.43	1851	0.30	
19.44	1853	0.29	
19.46	1854	0.29	
19.47	1856	0.29	
19.48	1857	0.29	
19.49	1859	0.29	
19.51	1860	0.29	
19.52	1862	0.29	
19.53	1863	0.29	
19.54	1865	0.29	
19.56	1866	0.29	
19.57	1868	0.29	
19.58	1869	0.29	
19.59	1871	0.29	
19.61	1872	0.29	
19.62	1874	0.29	
19.63	1875	0.29	
19.65	1877	0.29	
19.66	1878	0.29	
19.67	1880	0.29	
19.68	1881	0.29	
19.70	1883	0.29	
19.71	1884	0.29	
19.72	1886	0.29	
19.73	1887	0.29	
19.75	1889	0.29	
19.76	1890	0.29	
19.77	1892	0.29	
19.78	1893	0.29	
19.80	1895	0.29	
19.81	1896	0.29	
19.82	1898	0.29	
19.84	1899	0.29	
19.85	1901	0.29	
19.86	1902	0.29	
19.87	1904	0.29	
19.89	1905	0.29	
19.90	1907	0.29	
19.91	1908	0.29	
19.92	1910	0.29	
19.94	1911	0.29	
19.95	1913	0.29	
19.96	1914	0.29	
19.97	1916	0.29	
19.99	1917	0.29	
20.00	1919	0.29	
20.01	1920	0.29	
20.02	1922	0.29	
20.04	1923	0.29	
20.05	1925	0.29	
20.06	1926	0.28	
20.08	1928	0.28	
20.09	1929	0.28	
20.10	1931	0.28	
20.11	1932	0.28	
20.13	1934	0.28	
20.14	1935	0.28	
20.15	1937	0.28	
20.16	1938	0.28	
20.18	1940	0.28	
20.19	1941	0.28	
20.20	1943	0.28	
20.21	1944	0.28	
20.23	1946	0.28	
20.24	1947	0.28	
20.25	1949	0.28	
20.27	1950	0.28	
20.28	1952	0.28	
20.29	1953	0.28	
20.30	1955	0.28	
20.32	1956	0.28	
20.33	1958	0.28	
20.34	1959	0.28	
20.35	1961	0.28	
20.37	1962	0.28	
20.38	1964	0.28	
20.39	1965	0.28	
20.40	1967	0.28	
20.42	1968	0.28	
20.43	1970	0.28	
20.44	1971	0.28	
20.46	1973	0.28	
20.47	1974	0.28	
20.48	1976	0.28	
20.49	1977	0.28	
20.51	1979	0.28	
20.52	1980	0.28	
20.53	1982	0.28	
20.54	1983	0.28	
20.56	1985	0.28	
20.57	1986	0.28	
20.58	1988	0.27	
20.59	1989	0.27	
20.61	1991	0.27	
20.62	1992	0.27	
20.63	1994	0.27	
20.65	1995	0.27	
20.66	1997	0.27	
20.67	1998	0.27	
20.68	2000	0.27	
20.70	2001	0.27	
20.71	2003	0.27	
20.72	2004	0.27	
20.73	2006	0.27	
20.75	2007	0.27	
20.76	2009	0.27	
20.77	2010	0.27	
20.78	2012	0.27	
20.80	2013	0.27	
20.81	2015	0.27	
20.82	2016	0.27	
20.84	2018	0.27	
20.85	2019	0.27	
20.86	2021	0.27	
20.87	2022	0.26	
20.89	2024	0.26	
20.90	2025	0.26	
20.91	2027	0.26	
20.92	2028	0.26	
20.94	2030	0.26	
20.95	2031	0.26	
20.96	2033	0.26	
20.97	2034	0.26	
20.99	2036	0.26	
21.00	2037	0.26	
21.01	2039	0.26	
21.03	2040	0.26	
21.04	2042	0.26	
21.05	2043	0.25	
21.06	2045	0.25	
21.08	2046	0.25	
21.09	2048	0.25	
21.10	2049	0.25	
21.11	2051	0.25	
21.13	2052	0.25	
21.14	2054	0.25	
21.15	2055	0.25	
21.16	2057	0.25	
21.18	2058	0.25	
21.19	2060	0.24	
21.20	2061	0.24	
21.22	2063	0.24	
21.23	2064	0.24	
21.24	2066	0.24	
21.25	2067	0.24	
21.27	2069	0.24	
21.28	2070	0.24	
21.29	2072	0.24	
21.30	2073	0.24	
21.32	2075	0.24	
21.33	2076	0.23	
21.34	2078	0.23	
21.35	2079	0.23	
21.37	2081	0.23	
21.38	2082	0.23	
21.39	2084	0.23	
21.41	2085	0.23	
21.42	2087	0.23	
21.43	2088	0.23	
21.44	2090	0.23	
21.46	2091	0.23	
21.47	2093	0.22	
21.48	2094	0.22	
21.49	2096	0.22	
21.51	2097	0.22	
21.52	2099	0.22	
21.53	2100	0.22	
21.54	2102	0.22	
21.56	2103	0.22	
21.57	2105	0.22	
21.58	2106	0.22	
21.60	2108	0.21	
21.61	2109	0.21	
21.62	2111	0.21	
21.63	2112	0.21	
21.65	2114	0.21	
21.66	2115	0.21	
21.67	2117	0.21	
21.68	2118	0.21	
21.70	2120	0.21	
21.71	2121	0.21	
21.72	2123	0.20	
21.73	2124	0.20	
21.75	2126	0.20	
21.76	2127	0.20	
21.77	2129	0.20	
21.78	2130	0.20	
21.80	2132	0.20	
21.81	2133	0.20	
21.82	2135	0.20	
21.83	2136	0.20	
21.85	2138	0.19	
21.86	2139	0.19	
21.87	2141	0.19	
21.89	2142	0.19	
21.90	2144	0.19	
21.91	2145	0.19	
21.92	2147	0.19	
21.94	2148	0.19	
21.95	2150	0.18	
21.96	2151	0.18	
21.97	2153	0.18	
21.99	2154	0.18	
22.00	2156	0.18	
22.01	2157	0.18	
22.03	2159	0.18	
22.04	2160	0.17	
22.05	2162	0.17	
22.06	2163	0.17	
22.08	2165	0.17	
22.09	2166	0.17	
22.10	2168	0.17	
22.11	2169	0.17	
22.13	2171	0.17	
22.14	2172	0.16	
22.15	2174	0.16	
22.17	2175	0.16	
22.18	2177	0.16	
22.19	2178	0.16	
22.20	2180	0.16	
22.21	2181	0.15	
22.23	2183	0.15	
22.24	2184	0.15	
22.25	2186	0.15	
22.27	2187	0.15	
22.28	2189	0.15	
22.29	2190	0.14	
22.30	2192	0.14	
22.32	2193	0.14	
22.33	2195	0.14	
22.34	2196	0.14	
22.35	2198	0.13	
22.37	2199	0.13	
22.38	2201	0.13	
22.39	2202	0.13	
22.40	2204	0.13	
22.42	2205	0.12	
22.43	2207	0.12	
22.44	2208	0.12	
22.46	2210	0.12	
22.47	2211	0.11	
22.48	2213	0.11	
22.49	2214	0.11	
22.51	2216	0.11	
22.52	2217	0.11	
22.53	2219	0.10	
22.54	2220	0.10	
22.56	2222	0.10	
22.57	2223	0.10	
22.58	2225	0.09	
22.59	2226	0.09	
22.61	2228	0.09	
22.62	2229	0.09	
22.63	2231	0.08	
22.64	2232	0.08	
22.66	2234	0.08	
22.67	2235	0.08	
22.68	2237	0.07	
22.70	2238	0.07	
22.71	2240	0.07	
22.72	2241	0.07	
22.73	2243	0.06	
22.75	2244	0.06	
22.76	2246	0.06	
22.77	2247	0.05	
22.78	2249	0.05	
22.80	2250	0.05	
22.81	2252	0.04	
22.82	2253	0.04	
22.83	2255	0.04	
22.85	2256	0.03	
22.86	2258	0.03	
22.87	2259	0.03	
22.89	2261	0.03	
22.90	2262	0.02	
22.91	2264	0.02	
22.92	2265	0.02	
22.94	2267	0.01	
22.95	2268	0.01	
22.96	2270	0.01	
22.97	2271	0.00	
22.99	2273	-0.00	
23.00	2274	-0.00	
23.01	2276	-0.01	
23.02	2277	-0.01	
23.04	2279	-0.01	
23.05	2280	-0.02	
23.06	2282	-0.02	
23.08	2283	-0.03	
23.09	2285	-0.03	
23.10	2286	-0.03	
23.11	2288	-0.04	
23.13	2289	-0.04	
23.14	2291	-0.04	
23.15	2292	-0.05	
23.16	2294	-0.05	
23.18	2295	-0.06	
23.19	2297	-0.06	
23.20	2298	-0.06	
23.21	2300	-0.07	
23.23	2301	-0.07	
23.24	2303	-0.08	
23.25	2304	-0.08	
23.27	2306	-0.08	
23.28	2307	-0.09	
23.29	2309	-0.09	
23.30	2310	-0.10	
23.32	2312	-0.10	
23.33	2313	-0.11	
23.34	2315	-0.11	
23.35	2316	-0.12	
23.37	2318	-0.12	
23.38	2319	-0.13	
23.39	2321	-0.13	
23.40	2322	-0.13	
23.42	2324	-0.14	
23.43	2325	-0.14	
23.44	2327	-0.15	
23.46	2328	-0.15	
23.47	2330	-0.16	
23.48	2331	-0.16	
23.49	2333	-0.17	
23.51	2334	-0.17	
23.52	2336	-0.18	
23.53	2337	-0.18	
23.54	2339	-0.19	
23.56	2340	-0.19	
23.57	2342	-0.20	
23.58	2343	-0.20	
23.59	2345	-0.21	
23.61	2346	-0.21	
23.62	2348	-0.22	
23.63	2349	-0.23	
23.65	2351	-0.23	
23.66	2352	-0.24	
23.67	2354	-0.24	
23.68	2355	-0.25	
23.70	2357	-0.26	
23.71	2358	-0.26	
23.72	2360	-0.27	
23.73	2361	-0.27	
23.75	2363	-0.28	
23.76	2364	-0.28	
23.77	2366	-0.29	
23.78	2367	-0.30	
23.80	2369	-0.30	
23.81	2370	-0.31	
23.82	2372	-0.32	
23.84	2373	-0.32	
23.85	2375	-0.33	
23.86	2376	-0.34	
23.87	2378	-0.34	
23.89	2379	-0.35	
23.90	2381	-0.36	
23.91	2382	-0.36	
23.92	2384	-0.37	
23.94	2385	-0.38	
23.95	2387	-0.38	
23.96	2388	-0.39	
23.97	2390	-0.40	
23.99	2391	-0.40	
24.00	2393	-0.41	
24.01	2394	-0.42	
24.03	2396	-0.43	
24.04	2397	-0.43	
24.05	2399	-0.44	
24.06	2400	-0.45	
24.08	2402	-0.45	
24.09	2403	-0.46	
24.10	2405	-0.47	
24.11	2406	-0.48	
24.13	2408	-0.49	
24.14	2409	-0.49	
24.15	2411	-0.50	
24.16	2412	-0.51	
24.18	2414	-0.52	
24.19	2415	-0.53	
24.20	2417	-0.53	
24.22	2418	-0.54	
24.23	2420	-0.55	
24.24	2421	-0.56	
24.25	2423	-0.56	
24.27	2424	-0.57	
24.28	2426	-0.58	
24.29	2427	-0.59	
24.30	2429	-0.60	
24.32	2430	-0.61	
24.33	2432	-0.61	
24.34	2433	-0.62	
24.35	2435	-0.63	
24.37	2436	-0.64	
24.38	2438	-0.65	
24.39	2439	-0.66	
24.41	2441	-0.66	
24.42	2442	-0.67	
24.43	2444	-0.68	
24.44	2445	-0.69	
24.46	2447	-0.70	
24.47	2448	-0.71	
24.48	2450	-0.72	
24.49	2451	-0.72	
24.51	2453	-0.73	
24.52	2454	-0.74	
24.53	2456	-0.75	
24.54	2457	-0.76	
24.56	2459	-0.77	
24.57	2460	-0.78	
24.58	2462	-0.79	
24.59	2463	-0.80	
24.61	2465	-0.80	
24.62	2466	-0.81	
24.63	2468	-0.82	
24.65	2469	-0.83	
24.66	2471	-0.84	
24.67	2472	-0.85	
24.68	2474	-0.86	
24.70	2475	-0.87	
24.71	2477	-0.87	
24.72	2478	-0.88	
24.73	2480	-0.89	
24.75	2481	-0.90	
24.76	2483	-0.91	
24.77	2484	-0.92	
24.78	2486	-0.93	
24.80	2487	-0.94	
24.81	2489	-0.95	
24.82	2490	-0.95	
24.83	2492	-0.96	
24.85	2493	-0.97	
24.86	2495	-0.98	
24.87	2496	-0.99	
24.88	2498	-1.00	
24.90	2499	-1.01	
24.91	2501	-1.02	
24.92	2502	-1.02	
24.94	2504	-1.03	
24.95	2505	-1.04	
24.96	2507	-1.05	
24.97	2508	-1.06	
24.99	2510	-1.07	
25.00	2511	-1.08	
25.01	2513	-1.09	
25.02	2514	-1.09	
25.04	2516	-1.10	
25.05	2517	-1.11	
25.06	2519	-1.12	
25.07	2520	-1.13	
25.09	2522	-1.14	
25.10	2523	-1.14	
25.11	2525	-1.15	
25.13	2526	-1.16	
25.14	2528	-1.17	
25.15	2529	-1.18	
25.16	2531	-1.19	
25.18	2532	-1.19	
25.19	2534	-1.20	
25.20	2535	-1.21	
25.21	2537	-1.22	
25.23	2538	-1.23	
25.24	2540	-1.23	
25.25	2541	-1.24	
25.26	2543	-1.25	
25.28	2544	-1.26	
25.29	2546	-1.27	
25.30	2547	-1.27	
25.32	2549	-1.28	
25.33	2550	-1.29	
25.34	2552	-1.30	
25.35	2553	-1.30	
25.37	2555	-1.31	
25.38	2556	-1.32	
25.39	2558	-1.32	
25.40	2559	-1.33	
25.42	2561	-1.34	
25.43	2562	-1.35	
25.44	2564	-1.35	
25.45	2565	-1.36	
25.47	2567	-1.37	
25.48	2568	-1.37	
25.49	2570	-1.38	
25.51	2571	-1.39	
25.52	2573	-1.39	
25.53	2574	-1.40	
25.54	2576	-1.41	
25.56	2577	-1.41	
25.57	2579	-1.42	
25.58	2580	-1.43	
25.59	2582	-1.43	
25.61	2583	-1.44	
25.62	2585	-1.45	
25.63	2586	-1.45	
25.64	2588	-1.46	
25.66	2589	-1.47	
25.67	2591	-1.47	
25.68	2592	-1.48	
25.70	2594	-1.48	
25.71	2595	-1.49	
25.72	2597	-1.50	
25.73	2598	-1.50	
25.75	2600	-1.51	
25.76	2601	-1.51	
25.77	2603	-1.52	
25.78	2604	-1.52	
25.80	2606	-1.53	
25.81	2607	-1.54	
25.82	2609	-1.54	
25.83	2610	-1.55	
25.85	2612	-1.55	
25.86	2613	-1.56	
25.87	2615	-1.56	
25.89	2616	-1.57	
25.90	2618	-1.57	
25.91	2619	-1.58	
25.92	2621	-1.58	
25.94	2622	-1.59	
25.95	2624	-1.59	
25.96	2625	-1.60	
25.97	2627	-1.60	
25.99	2628	-1.60	
26.00	2630	-1.61	
26.01	2631	-1.61	
26.02	2633	-1.62	
26.04	2634	-1.62	
26.05	2636	-1.63	
26.06	2637	-1.63	
26.07	2639	-1.64	
26.09	2640	-1.64	
26.10	2642	-1.64	
26.11	2643	-1.65	
26.13	2645	-1.65	
26.14	2646	-1.66	
26.15	2648	-1.66	
26.16	2649	-1.66	
26.18	2651	-1.67	
26.19	2652	-1.67	
26.20	2654	-1.68	
26.21	2655	-1.68	
26.23	2657	-1.68	
26.24	2658	-1.69	
26.25	2660	-1.69	
26.26	2661	-1.69	
26.28	2663	-1.70	
26.29	2664	-1.70	
26.30	2666	-1.70	
26.32	2667	-1.70	
26.33	2669	-1.71	
26.34	2670	-1.71	
26.35	2672	-1.71	
26.37	2673	-1.72	
26.38	2675	-1.72	
26.39	2676	-1.72	
26.40	2678	-1.73	
26.42	2679	-1.73	
26.43	2681	-1.73	
26.44	2682	-1.73	
26.45	2684	-1.74	
26.47	2685	-1.74	
26.48	2687	-1.74	
26.49	2688	-1.74	
26.51	2690	-1.75	
26.52	2691	-1.75	
26.53	2693	-1.75	
26.54	2694	-1.75	
26.56	2696	-1.76	
26.57	2697	-1.76	
26.58	2699	-1.76	
26.59	2700	-1.76	
26.61	2702	-1.76	
26.62	2703	-1.76	
26.63	2705	-1.77	
26.64	2706	-1.77	
26.66	2708	-1.77	
26.67	2709	-1.77	
26.68	2711	-1.77	
26.70	2712	-1.78	
26.71	2714	-1.78	
26.72	2715	-1.78	
26.73	2717	-1.78	
26.75	2718	-1.78	
26.76	2720	-1.78	
26.77	2721	-1.78	
26.78	2723	-1.79	
26.80	2724	-1.79	
26.81	2726	-1.79	
26.82	2727	-1.79	
26.83	2729	-1.79	
26.85	2730	-1.79	
26.86	2732	-1.79	
26.87	2733	-1.79	
26.89	2735	-1.79	
26.90	2736	-1.80	
26.91	2738	-1.80	
26.92	2739	-1.80	
26.94	2741	-1.80	
26.95	2742	-1.80	
26.96	2744	-1.80	
26.97	2745	-1.80	
26.99	2747	-1.80	
27.00	2748	-1.80	
27.01	2750	-1.80	
27.02	2751	-1.80	
27.04	2753	-1.80	
27.05	2754	-1.80	
27.06	2756	-1.80	
27.08	2757	-1.80	
27.09	2759	-1.80	
27.10	2760	-1.80	
27.11	2762	-1.80	
27.13	2763	-1.80	
27.14	2765	-1.80	
27.15	2766	-1.80	
27.16	2768	-1.80	
27.18	2769	-1.80	
27.19	2771	-1.80	
27.20	2772	-1.81	
27.21	2774	-1.81	
27.23	2775	-1.80	
27.24	2777	-1.80	
27.25	2778	-1.80	
27.26	2780	-1.80	
27.28	2781	-1.80	
27.29	2783	-1.80	
27.30	2784	-1.80	
27.32	2786	-1.80	
27.33	2787	-1.80	
27.34	2789	-1.80	
27.35	2790	-1.80	
27.37	2792	-1.80	
27.38	2793	-1.80	
27.39	2795	-1.80	
27.40	2796	-1.80	
27.42	2798	-1.80	
27.43	2799	-1.80	
27.44	2801	-1.80	
27.45	2802	-1.79	
27.47	2804	-1.79	
27.48	2805	-1.79	
27.49	2807	-1.79	
27.51	2808	-1.79	
27.52	2810	-1.79	
27.53	2811	-1.79	
27.54	2813	-1.79	
27.56	2814	-1.79	
27.57	2816	-1.79	
27.58	2817	-1.79	
27.59	2819	-1.78	
27.61	2820	-1.78	
27.62	2822	-1.78	
27.63	2823	-1.78	
27.64	2825	-1.78	
27.66	2826	-1.78	
27.67	2828	-1.78	
27.68	2829	-1.78	
27.70	2831	-1.78	
27.71	2832	-1.77	
27.72	2834	-1.77	
27.73	2835	-1.77	
27.75	2837	-1.77	
27.76	2838	-1.77	
27.77	2840	-1.77	
27.78	2841	-1.76	
27.80	2843	-1.76	
27.81	2844	-1.76	
27.82	2846	-1.76	
27.83	2847	-1.76	
27.85	2849	-1.76	
27.86	2850	-1.76	
27.87	2852	-1.75	
27.89	2853	-1.75	
27.90	2855	-1.75	
27.91	2856	-1.75	
27.92	2858	-1.75	
27.94	2859	-1.75	
27.95	2861	-1.74	
27.96	2862	-1.74	
27.97	2864	-1.74	
27.99	2865	-1.74	
28.00	2867	-1.74	
28.01	2868	-1.73	
28.02	2870	-1.73	
28.04	2871	-1.73	
28.05	2873	-1.73	
28.06	2874	-1.73	
28.08	2876	-1.72	
28.09	2877	-1.72	
28.10	2879	-1.72	
28.11	2880	-1.72	
28.13	2882	-1.72	
28.14	2883	-1.72	
28.15	2885	-1.71	
28.16	2886	-1.71	
28.18	2888	-1.71	
28.19	2889	-1.71	
28.20	2891	-1.71	
28.21	2892	-1.70	
28.23	2894	-1.70	
28.24	2895	-1.70	
28.25	2897	-1.70	
28.27	2898	-1.69	
28.28	2900	-1.69	
28.29	2901	-1.69	
28.30	2903	-1.69	
28.32	2904	-1.68	
28.33	2906	-1.68	
28.34	2907	-1.68	
28.35	2909	-1.68	
28.37	2910	-1.68	
28.38	2912	-1.67	
28.39	2913	-1.67	
28.40	2915	-1.67	
28.42	2916	-1.67	
28.43	2918	-1.66	
28.44	2919	-1.66	
28.46	2921	-1.66	
28.47	2922	-1.66	
28.48	2924	-1.65	
28.49	2925	-1.65	
28.51	2927	-1.65	
28.52	2928	-1.65	
28.53	2930	-1.64	
28.54	2931	-1.64	
28.56	2933	-1.64	
28.57	2934	-1.64	
28.58	2936	-1.63	
28.59	2937	-1.63	
28.61	2939	-1.63	
28.62	2940	-1.63	
28.63	2942	-1.62	
28.64	2943	-1.62	
28.66	2945	-1.62	
28.67	2946	-1.62	
28.68	2948	-1.61	
28.69	2949	-1.61	
28.71	2951	-1.61	
28.72	2952	-1.60	
28.73	2954	-1.60	
28.74	2955	-1.60	
28.76	2957	-1.60	
28.77	2958	-1.59	
28.78	2960	-1.59	
28.80	2961	-1.59	
28.81	2963	-1.59	
28.82	2964	-1.58	
28.83	2966	-1.58	
28.85	2967	-1.58	
28.86	2969	-1.58	
28.87	2970	-1.57	
28.89	2972	-1.57	
28.90	2973	-1.57	
28.91	2975	-1.56	
28.92	2976	-1.56	
28.93	2978	-1.56	
28.95	2979	-1.55	
28.96	2981	-1.55	
28.97	2982	-1.55	
28.99	2984	-1.55	
29.00	2985	-1.54	
29.01	2987	-1.54	
29.02	2988	-1.54	
29.04	2990	-1.53	
29.05	2991	-1.53	
29.06	2993	-1.53	
29.07	2994	-1.52	
29.09	2996	-1.52	
29.10	2997	-1.52	
29.11	2999	-1.52	
29.12	3000	-1.51	
29.14	3002	-1.51	
29.15	3003	-1.51	
29.16	3005	-1.50	
29.18	3006	-1.50	
29.19	3008	-1.50	
29.20	3009	-1.49	
29.21	3011	-1.49	
29.23	3012	-1.49	
29.24	3014	-1.49	
29.25	3015	-1.48	
29.26	3017	-1.48	
29.28	3018	-1.48	
29.29	3020	-1.47	
29.30	3021	-1.47	
29.31	3023	-1.47	
29.33	3024	-1.46	
29.34	3026	-1.46	
29.35	3027	-1.46	
29.37	3029	-1.45	
29.38	3030	-1.45	
29.39	3032	-1.45	
29.40	3033	-1.44	
29.42	3035	-1.44	
29.43	3036	-1.44	
29.44	3038	-1.43	
29.45	3039	-1.43	
29.47	3041	-1.43	
29.48	3042	-1.43	
29.49	3044	-1.42	
29.50	3045	-1.42	
29.52	3047	-1.41	
29.53	3048	-1.41	
29.54	3050	-1.41	
29.56	3051	-1.41	
29.57	3053	-1.40	
29.58	3054	-1.40	
29.59	3056	-1.40	
29.61	3057	-1.39	
29.62	3059	-1.39	
29.63	3060	-1.39	
29.64	3062	-1.38	
29.66	3063	-1.38	
29.67	3065	-1.38	
29.68	3066	-1.37	
29.69	3068	-1.37	
29.71	3069	-1.37	
29.72	3071	-1.36	
29.73	3072	-1.36	
29.74	3074	-1.36	
29.76	3075	-1.35	
29.77	3077	-1.35	
29.78	3078	-1.35	
29.80	3080	-1.34	
29.81	3081	-1.34	
29.82	3083	-1.34	
29.83	3084	-1.33	
29.85	3086	-1.33	
29.86	3087	-1.33	
29.87	3089	-1.33	
29.88	3090	-1.32	
29.90	3092	-1.32	
29.91	3093	-1.32	
29.92	3095	-1.31	
29.93	3096	-1.31	
29.95	3098	-1.31	
29.96	3099	-1.30	
29.97	3101	-1.30	
29.99	3102	-1.30	
30.00	3104	-1.29	
30.01	3105	-1.29	
30.02	3107	-1.29	
30.04	3108	-1.28	
30.05	3110	-1.28	
30.06	3111	-1.28	
30.07	3113	-1.27	
30.09	3114	-1.27	
30.10	3116	-1.27	
30.11	3117	-1.26	
30.12	3119	-1.26	
30.14	3120	-1.26	
30.15	3122	-1.25	
30.16	3123	-1.25	
30.18	3125	-1.25	
30.19	3126	-1.24	
30.20	3128	-1.24	
30.21	3129	-1.24	
30.23	3131	-1.23	
30.24	3132	-1.23	
30.25	3134	-1.23	
30.26	3135	-1.22	
30.28	3137	-1.22	
30.29	3138	-1.22	
30.30	3140	-1.22	
30.31	3141	-1.21	
30.33	3143	-1.21	
30.34	3144	-1.21	
30.35	3146	-1.20	
30.37	3147	-1.20	
30.38	3149	-1.20	
30.39	3150	-1.19	
30.40	3152	-1.19	
30.42	3153	-1.19	
30.43	3155	-1.18	
30.44	3156	-1.18	
30.45	3158	-1.18	
30.47	3159	-1.17	
30.48	3161	-1.17	
30.49	3162	-1.17	
30.50	3164	-1.16	
30.52	3165	-1.16	
30.53	3167	-1.16	
30.54	3168	-1.15	
30.56	3170	-1.15	
30.57	3171	-1.15	
30.58	3173	-1.14	
30.59	3174	-1.14	
30.61	3176	-1.14	
30.62	3177	-1.13	
30.63	3179	-1.13	
30.64	3180	-1.13	
30.66	3182	-1.12	
30.67	3183	-1.12	
30.68	3185	-1.12	
30.69	3186	-1.11	
30.71	3188	-1.11	
30.72	3189	-1.11	
30.73	3191	-1.10	
30.75	3192	-1.10	
30.76	3194	-1.10	
30.77	3195	-1.09	
30.78	3197	-1.09	
30.80	3198	-1.08	
30.81	3200	-1.08	
30.82	3201	-1.08	
30.83	3203	-1.07	
30.85	3204	-1.07	
30.86	3206	-1.07	
30.87	3207	-1.06	
30.88	3209	-1.06	
30.90	3210	-1.06	
30.91	3212	-1.06	
30.92	3213	-1.05	
30.93	3215	-1.05	
30.95	3216	-1.05	
30.96	3218	-1.04	
30.97	3219	-1.04	
30.99	3221	-1.04	
31.00	3222	-1.03	
31.01	3224	-1.03	
31.02	3225	-1.03	
31.04	3227	-1.02	
31.05	3228	-1.02	
31.06	3230	-1.02	
31.07	3231	-1.01	
31.09	3233	-1.01	
31.10	3234	-1.01	
31.11	3236	-1.00	
31.12	3237	-1.00	
31.14	3239	-1.00	
31.15	3240	-0.99	
31.16	3242	-0.99	
31.18	3243	-0.99	
31.19	3245	-0.99	
31.20	3246	-0.98	
31.21	3248	-0.98	
31.22	3249	-0.98	
31.24	3251	-0.97	
31.25	3252	-0.97	
31.26	3254	-0.97	
31.28	3255	-0.96	
31.29	3257	-0.96	
31.30	3258	-0.96	
31.31	3260	-0.95	
31.33	3261	-0.95	
31.34	3263	-0.95	
31.35	3264	-0.95	
31.36	3266	-0.94	
31.38	3267	-0.94	
31.39	3269	-0.94	
31.40	3270	-0.93	
31.41	3272	-0.93	
31.43	3273	-0.93	
31.44	3275	-0.92	
31.45	3276	-0.92	
31.46	3278	-0.92	
31.48	3279	-0.91	
31.49	3281	-0.91	
31.50	3282	-0.91	
31.52	3284	-0.90	
31.53	3285	-0.90	
31.54	3287	-0.90	
31.55	3288	-0.89	
31.57	3290	-0.89	
31.58	3291	-0.89	
31.59	3293	-0.89	
31.60	3294	-0.88	
31.61	3296	-0.88	
31.62	3297	-0.88	
31.64	3299	-0.87	
31.65	3300	-0.87	
31.66	3302	-0.87	
31.67	3303	-0.87	
31.69	3305	-0.86	
31.70	3306	-0.86	
31.71	3308	-0.86	
31.73	3309	-0.85	
31.74	3311	-0.85	
31.75	3312	-0.85	
31.77	3314	-0.85	
31.78	3315	-0.84	
31.79	3317	-0.84	
31.80	3318	-0.84	
31.82	3320	-0.83	
31.83	3321	-0.83	
31.84	3323	-0.83	
31.85	3324	-0.82	
31.87	3326	-0.82	
31.88	3327	-0.82	
31.89	3329	-0.82	
31.90	3330	-0.81	
31.92	3332	-0.81	
31.93	3333	-0.81	
31.94	3335	-0.81	
31.95	3336	-0.80	
31.97	3338	-0.80	
31.98	3339	-0.80	
31.99	3341	-0.79	
32.01	3342	-0.79	
32.02	3344	-0.79	
32.03	3345	-0.79	
32.04	3347	-0.78	
32.06	3348	-0.78	
32.07	3350	-0.78	
32.08	3351	-0.77	
32.10	3353	-0.77	
32.11	3354	-0.77	
32.12	3356	-0.77	
32.13	3357	-0.76	
32.15	3359	-0.76	
32.16	3360	-0.76	
32.17	3362	-0.75	
32.19	3363	-0.75	
32.20	3365	-0.75	
32.21	3366	-0.75	
32.22	3368	-0.74	
32.23	3369	-0.74	
32.25	3371	-0.74	
32.26	3372	-0.73	
32.27	3374	-0.73	
32.28	3375	-0.73	
32.30	3377	-0.73	
32.31	3378	-0.72	
32.32	3380	-0.72	
32.34	3381	-0.72	
32.35	3383	-0.72	
32.36	3384	-0.71	
32.37	3386	-0.71	
32.39	3387	-0.71	
32.40	3389	-0.70	
32.41	3390	-0.70	
32.42	3392	-0.70	
32.44	3393	-0.70	
32.45	3395	-0.69	
32.46	3396	-0.69	
32.47	3398	-0.69	
32.49	3399	-0.69	
32.50	3401	-0.68	
32.51	3402	-0.68	
32.52	3404	-0.68	
32.54	3405	-0.68	
32.55	3407	-0.67	
32.56	3408	-0.67	
32.58	3410	-0.67	
32.59	3411	-0.66	
32.60	3413	-0.66	
32.61	3414	-0.66	
32.63	3416	-0.65	
32.64	3417	-0.65	
32.65	3419	-0.65	
32.67	3420	-0.65	
32.68	3422	-0.65	
32.69	3423	-0.64	
32.70	3425	-0.64	
32.72	3426	-0.64	
32.73	3428	-0.63	
32.74	3429	-0.63	
32.75	3431	-0.63	
32.77	3432	-0.63	
32.78	3434	-0.62	
32.79	3435	-0.62	
32.81	3437	-0.62	
32.82	3438	-0.62	
32.83	3440	-0.61	
32.85	3441	-0.61	
32.86	3443	-0.61	
32.87	3444	-0.60	
32.88	3446	-0.60	
32.90	3447	-0.60	
32.91	3449	-0.60	
32.92	3450	-0.60	
32.93	3452	-0.59	
32.95	3453	-0.59	
32.96	3455	-0.59	
32.97	3456	-0.58	
32.98	3458	-0.58	
33.00	3459	-0.58	
33.01	3461	-0.58	
33.02	3462	-0.57	
33.03	3464	-0.57	
33.05	3465	-0.57	
33.06	3467	-0.57	
33.07	3468	-0.56	
33.09	3470	-0.56	
33.10	3471	-0.56	
33.11	3473	-0.56	
33.12	3474	-0.55	
33.14	3476	-0.55	
33.15	3477	-0.55	
33.16	3479	-0.55	
33.17	3480	-0.55	
33.19	3482	-0.54	
33.20	3483	-0.54	
33.21	3485	-0.54	
33.23	3486	-0.54	
33.24	3488	-0.53	
33.25	3489	-0.53	
33.26	3491	-0.53	
33.27	3492	-0.53	
33.29	3494	-0.52	
33.30	3495	-0.52	
33.31	3497	-0.52	
33.32	3498	-0.52	
33.34	3500	-0.51	
33.35	3501	-0.51	
33.36	3503	-0.51	
33.38	3504	-0.51	
33.39	3506	-0.50	
33.40	3507	-0.50	
33.41	3509	-0.50	
33.43	3510	-0.50	
33.44	3512	-0.49	
33.45	3513	-0.49	
33.46	3515	-0.49	
33.48	3516	-0.49	
33.49	3518	-0.48	
33.50	3519	-0.48	
33.52	3521	-0.48	
33.53	3522	-0.48	
33.54	3524	-0.48	
33.55	3525	-0.47	
33.57	3527	-0.47	
33.58	3528	-0.47	
33.59	3530	-0.47	
33.61	3531	-0.46	
33.62	3533	-0.46	
33.63	3534	-0.46	
33.64	3536	-0.46	
33.65	3537	-0.45	
33.67	3539	-0.45	
33.68	3540	-0.45	
33.69	3542	-0.45	
33.70	3543	-0.45	
33.72	3545	-0.44	
33.73	3546	-0.44	
33.74	3548	-0.44	
33.75	3549	-0.44	
33.77	3551	-0.44	
33.78	3552	-0.43	
33.79	3554	-0.43	
33.81	3555	-0.43	
33.82	3557	-0.43	
33.83	3558	-0.42	
33.84	3560	-0.42	
33.86	3561	-0.42	
33.87	3563	-0.42	
33.88	3564	-0.42	
33.89	3566	-0.41	
33.91	3567	-0.41	
33.92	3569	-0.41	
33.93	3570	-0.41	
33.94	3572	-0.41	
33.96	3573	-0.40	
33.97	3575	-0.40	
33.98	3576	-0.40	
33.99	3578	-0.40	
34.01	3579	-0.39	
34.02	3581	-0.39	
34.03	3582	-0.39	
34.05	3584	-0.39	
34.06	3585	-0.39	
34.07	3587	-0.39	
34.08	3588	-0.38	
34.10	3590	-0.38	
34.11	3591	-0.38	
34.12	3593	-0.38	
34.13	3594	-0.37	
34.15	3596	-0.37	
34.16	3597	-0.37	
34.17	3599	-0.37	
34.18	3600	-0.36	
34.20	3602	-0.36	
34.21	3603	-0.36	
34.22	3605	-0.36	
34.24	3606	-0.36	
34.25	3608	-0.36	
34.26	3609	-0.35	
34.27	3611	-0.35	
34.29	3612	-0.35	
34.30	3614	-0.35	
34.31	3615	-0.35	
34.33	3617	-0.34	
34.34	3618	-0.34	
34.35	3620	-0.34	
34.36	3621	-0.34	
34.38	3623	-0.33	
34.39	3624	-0.33	
34.40	3626	-0.33	
34.41	3627	-0.33	
34.43	3629	-0.33	
34.44	3630	-0.32	
34.45	3632	-0.32	
34.46	3633	-0.32	
34.48	3635	-0.32	
34.49	3636	-0.32	
34.50	3638	-0.32	
34.51	3639	-0.31	
34.53	3641	-0.31	
34.54	3642	-0.31	
34.55	3644	-0.31	
34.56	3645	-0.31	
34.58	3647	-0.30	
34.59	3648	-0.30	
34.60	3650	-0.30	
34.61	3651	-0.30	
34.63	3653	-0.30	
34.64	3654	-0.29	
34.65	3656	-0.29	
34.67	3657	-0.29	
34.68	3659	-0.29	
34.69	3660	-0.29	
34.70	3662	-0.28	
34.72	3663	-0.28	
34.73	3665	-0.28	
34.74	3666	-0.28	
34.76	3668	-0.28	
34.77	3669	-0.27	
34.78	3671	-0.27	
34.79	3672	-0.27	
34.80	3674	-0.27	
34.82	3675	-0.27	
34.83	3677	-0.27	
34.84	3678	-0.26	
34.86	3680	-0.26	
34.87	3681	-0.26	
34.88	3683	-0.26	
34.89	3684	-0.26	
34.91	3686	-0.26	
34.92	3687	-0.25	
34.93	3689	-0.25	
34.94	3690	-0.25	
34.96	3692	-0.25	
34.97	3693	-0.25	
34.98	3695	-0.25	
35.00	3696	-0.24	
35.01	3698	-0.24	
35.02	3699	-0.24	
35.03	3701	-0.24	
35.05	3702	-0.24	
35.06	3704	-0.23	
35.07	3705	-0.23	
35.08	3707	-0.23	
35.10	3708	-0.23	
35.11	3710	-0.23	
35.12	3711	-0.23	
35.13	3713	-0.22	
35.15	3714	-0.22	
35.16	3716	-0.22	
35.17	3717	-0.22	
35.18	3719	-0.22	
35.20	3720	-0.22	
35.21	3722	-0.21	
35.22	3723	-0.21	
35.24	3725	-0.21	
35.25	3726	-0.21	
35.26	3728	-0.21	
35.27	3729	-0.21	
35.29	3731	-0.20	
35.30	3732	-0.20	
35.31	3734	-0.20	
35.32	3735	-0.20	
35.34	3737	-0.20	
35.35	3738	-0.20	
35.36	3740	-0.20	
35.37	3741	-0.19	
35.39	3743	-0.19	
35.40	3744	-0.19	
35.41	3746	-0.19	
35.42	3747	-0.19	
35.44	3749	-0.18	
35.45	3750	-0.18	
35.46	3752	-0.18	
35.48	3753	-0.18	
35.49	3755	-0.18	
35.50	3756	-0.18	
35.51	3758	-0.18	
35.53	3759	-0.17	
35.54	3761	-0.17	
35.55	3762	-0.17	
35.56	3764	-0.17	
35.58	3765	-0.17	
35.59	3767	-0.17	
35.60	3768	-0.16	
35.62	3770	-0.16	
35.63	3771	-0.16	
35.64	3773	-0.16	
35.65	3774	-0.16	
35.67	3776	-0.16	
35.68	3777	-0.16	
35.69	3779	-0.15	
35.70	3780	-0.15	
35.72	3782	-0.15	
35.73	3783	-0.15	
35.74	3785	-0.15	
35.75	3786	-0.15	
35.77	3788	-0.14	
35.78	3789	-0.14	
35.79	3791	-0.14	
35.81	3792	-0.14	
35.82	3794	-0.14	
35.83	3795	-0.14	
35.84	3797	-0.14	
35.86	3798	-0.13	
35.87	3800	-0.13	
35.88	3801	-0.13	
35.89	3803	-0.13	
35.91	3804	-0.13	
35.92	3806	-0.13	
35.93	3807	-0.13	
35.95	3809	-0.12	
35.96	3810	-0.12	
35.97	3812	-0.12	
35.98	3813	-0.12	
36.00	3815	-0.12	
36.01	3816	-0.12	
36.02	3818	-0.12	
36.04	3819	-0.11	
36.05	3821	-0.11	
36.06	3822	-0.11	
36.07	3824	-0.11	
36.09	3825	-0.11	
36.10	3827	-0.11	
36.11	3828	-0.11	
36.12	3830	-0.11	
36.14	3831	-0.10	
36.15	3833	-0.10	
36.16	3834	-0.10	
36.17	3836	-0.10	
36.19	3837	-0.10	
36.20	3839	-0.10	
36.21	3840	-0.10	
36.22	3842	-0.09	
36.24	3843	-0.09	
36.25	3845	-0.09	
36.26	3846	-0.09	
36.28	3848	-0.09	
36.29	3849	-0.09	
36.30	3851	-0.09	
36.31	3852	-0.08	
36.33	3854	-0.08	
36.34	3855	-0.08	
36.35	3857	-0.08	
36.36	3858	-0.08	
36.38	3860	-0.08	
36.39	3861	-0.08	
36.40	3863	-0.07	
36.41	3864	-0.07	
36.43	3866	-0.07	
36.44	3867	-0.07	
36.45	3869	-0.07	
36.46	3870	-0.07	
36.48	3872	-0.07	
36.49	3873	-0.07	
36.50	3875	-0.06	
36.52	3876	-0.06	
36.53	3878	-0.06	
36.54	3879	-0.06	
36.55	3881	-0.06	
36.57	3882	-0.06	
36.58	3884	-0.06	
36.59	3885	-0.05	
36.61	3887	-0.05	
36.62	3888	-0.05	
36.63	3890	-0.05	
36.64	3891	-0.05	
36.66	3893	-0.05	
36.67	3894	-0.05	
36.68	3896	-0.05	
36.69	3897	-0.05	
36.71	3899	-0.04	
36.72	3900	-0.04	
36.73	3902	-0.04	
36.74	3903	-0.04	
36.76	3905	-0.04	
36.77	3906	-0.04	
36.78	3908	-0.04	
36.80	3909	-0.04	
36.81	3911	-0.03	
36.82	3912	-0.03	
36.83	3914	-0.03	
36.85	3915	-0.03	
36.86	3917	-0.03	
36.87	3918	-0.03	
36.88	3920	-0.03	
36.90	3921	-0.03	
36.91	3923	-0.03	
36.92	3924	-0.03	
36.93	3926	-0.02	
36.95	3927	-0.02	
36.96	3929	-0.02	
36.97	3930	-0.02	
36.99	3932	-0.02	
37.00	3933	-0.02	
37.01	3935	-0.02	
37.02	3936	-0.01	
37.04	3938	-0.01	
37.05	3939	-0.01	
37.06	3941	-0.01	
37.07	3942	-0.01	
37.09	3944	-0.01	
37.10	3945	-0.01	
37.11	3947	-0.01	
37.12	3948	-0.01	
37.14	3950	-0.00	
37.15	3951	-0.00	
37.16	3953	-0.00	
37.17	3954	-0.00	
37.19	3956	0.00	
37.20	3957	0.00	
37.21	3959	0.00	
37.23	3960	0.00	
37.24	3962	0.00	
37.25	3963	0.01	
37.26	3965	0.01	
37.28	3966	0.01	
37.29	3968	0.01	
37.30	3969	0.01	
37.31	3971	0.01	
37.33	3972	0.01	
37.34	3974	0.01	
37.35	3975	0.02	
37.36	3977	0.02	
37.38	3978	0.02	
37.39	3980	0.02	
37.40	3981	0.02	
37.41	3983	0.02	
37.43	3984	0.02	
37.44	3986	0.02	
37.45	3987	0.02	
37.46	3989	0.02	
37.48	3990	0.02	
37.49	3992	0.03	
37.50	3993	0.03	
37.51	3995	0.03	
37.53	3996	0.03	
37.54	3998	0.03	
37.55	3999	0.03	
37.57	4001	0.03	
37.58	4002	0.03	
37.59	4004	0.04	
37.60	4005	0.04	
37.62	4007	0.04	
37.63	4008	0.04	
37.64	4010	0.04	
37.65	4011	0.04	
37.67	4013	0.04	
37.68	4014	0.04	
37.69	4016	0.04	
37.70	4017	0.04	
37.72	4019	0.04	
37.73	4020	0.04	
37.74	4022	0.04	
37.76	4023	0.05	
37.77	4025	0.05	
37.78	4026	0.05	
37.79	4028	0.05	
37.81	4029	0.05	
37.82	4031	0.05	
37.83	4032	0.05	
37.84	4034	0.05	
37.86	4035	0.05	
37.87	4037	0.06	
37.88	4038	0.06	
37.89	4040	0.06	
37.91	4041	0.06	
37.92	4043	0.06	
37.93	4044	0.06	
37.95	4046	0.06	
37.96	4047	0.06	
37.97	4049	0.06	
37.98	4050	0.06	
38.00	4052	0.06	
38.01	4053	0.07	
38.02	4055	0.07	
38.03	4056	0.07	
38.05	4058	0.07	
38.06	4059	0.07	
38.07	4061	0.07	
38.08	4062	0.07	
38.10	4064	0.07	
38.11	4065	0.07	
38.12	4067	0.07	
38.14	4068	0.07	
38.15	4070	0.08	
38.16	4071	0.08	
38.17	4073	0.08	
38.19	4074	0.08	
38.20	4076	0.08	
38.21	4077	0.08	
38.22	4079	0.08	
38.24	4080	0.08	
38.25	4082	0.08	
38.26	4083	0.08	
38.27	4085	0.08	
38.29	4086	0.09	
38.30	4088	0.09	
38.31	4089	0.09	
38.32	4091	0.09	
38.34	4092	0.09	
38.35	4094	0.09	
38.36	4095	0.09	
38.38	4097	0.09	
38.39	4098	0.09	
38.40	4100	0.09	
38.41	4101	0.09	
38.43	4103	0.10	
38.44	4104	0.10	
38.45	4106	0.10	
38.46	4107	0.10	
38.48	4109	0.10	
38.49	4110	0.10	
38.50	4112	0.10	
38.51	4113	0.10	
38.53	4115	0.10	
38.54	4116	0.10	
38.55	4118	0.10	
38.57	4119	0.10	
38.58	4121	0.10	
38.59	4122	0.10	
38.60	4124	0.11	
38.62	4125	0.11	
38.63	4127	0.11	
38.64	4128	0.11	
38.65	4130	0.11	
38.67	4131	0.11	
38.68	4133	0.11	
38.69	4134	0.11	
38.70	4136	0.11	
38.72	4137	0.11	
38.73	4139	0.11	
38.74	4140	0.11	
38.75	4142	0.12	
38.77	4143	0.12	
38.78	4145	0.12	
38.79	4146	0.12	
38.80	4148	0.12	
38.82	4149	0.12	
38.83	4151	0.12	
38.84	4152	0.12	
38.85	4154	0.12	
38.87	4155	0.12	
38.88	4157	0.12	
38.89	4158	0.12	
38.91	4160	0.12	
38.92	4161	0.13	
38.93	4163	0.13	
38.94	4164	0.13	
38.96	4166	0.13	
38.97	4167	0.13	
38.98	4169	0.13	
38.99	4170	0.13	
39.01	4172	0.13	
39.02	4173	0.13	
39.03	4175	0.13	
39.04	4176	0.13	
39.06	4178	0.13	
39.07	4179	0.14	
39.08	4181	0.14	
39.10	4182	0.14	
39.11	4184	0.14	
39.12	4185	0.14	
39.13	4187	0.14	
39.15	4188	0.14	
39.16	4190	0.14	
39.17	4191	0.14	
39.18	4193	0.14	
39.20	4194	0.14	
39.21	4196	0.14	
39.22	4197	0.14	
39.23	4199	0.14	
39.25	4200	0.15	
39.26	4202	0.15	
39.27	4203	0.15	
39.28	4205	0.15	
39.30	4206	0.15	
39.31	4208	0.15	
39.32	4209	0.15	
39.34	4211	0.15	
39.35	4212	0.15	
39.36	4214	0.15	
39.37	4215	0.15	
39.39	4217	0.15	
39.40	4218	0.15	
39.41	4220	0.15	
39.42	4221	0.16	
39.44	4223	0.16	
39.45	4224	0.16	
39.46	4226	0.16	
39.48	4227	0.16	
39.49	4229	0.16	
39.50	4230	0.16	
39.51	4232	0.16	
39.53	4233	0.16	
39.54	4235	0.16	
39.55	4236	0.16	
39.56	4238	0.16	
39.58	4239	0.16	
39.59	4241	0.16	
39.60	4242	0.16	
39.61	4244	0.16	
39.63	4245	0.17	
39.64	4247	0.17	
39.65	4248	0.17	
39.67	4250	0.17	
39.68	4251	0.17	
39.69	4253	0.17	
39.70	4254	0.17	
39.72	4256	0.17	
39.73	4257	0.17	
39.74	4259	0.17	
39.75	4260	0.17	
39.77	4262	0.17	
39.78	4263	0.17	
39.79	4265	0.17	
39.80	4266	0.17	
39.82	4268	0.17	
39.83	4269	0.17	
39.84	4271	0.17	
39.85	4272	0.18	
39.87	4274	0.18	
39.88	4275	0.18	
39.89	4277	0.18	
39.90	4278	0.18	
39.92	4280	0.18	
39.93	4281	0.18	
39.94	4283	0.18	
39.95	4284	0.18	
39.97	4286	0.18	
39.98	4287	0.18	
39.99	4289	0.18	
40.01	4290	0.18	
40.02	4292	0.18	
40.03	4293	0.18	
40.04	4295	0.18	
40.06	4296	0.19	
40.07	4298	0.19	
40.08	4299	0.19	
40.10	4301	0.19	
40.11	4302	0.19	
40.12	4304	0.19	
40.13	4305	0.19	
40.14	4307	0.19	
40.16	4308	0.19	
40.17	4310	0.19	
40.18	4311	0.19	
40.20	4313	0.19	
40.21	4314	0.19	
40.22	4316	0.19	
40.24	4317	0.19	
40.25	4319	0.19	
40.26	4320	0.20	
40.27	4322	0.20	
40.29	4323	0.20	
40.30	4325	0.20	
40.31	4326	0.20	
40.32	4328	0.20	
40.33	4329	0.20	
40.35	4331	0.20	
40.36	4332	0.20	
40.37	4334	0.20	
40.39	4335	0.20	
40.40	4337	0.20	
40.41	4338	0.20	
40.43	4340	0.20	
40.44	4341	0.20	
40.45	4343	0.20	
40.46	4344	0.20	
40.48	4346	0.20	
40.49	4347	0.21	
40.50	4349	0.21	
40.51	4350	0.21	
40.52	4352	0.21	
40.54	4353	0.21	
40.55	4355	0.21	
40.56	4356	0.21	
40.58	4358	0.21	
40.59	4359	0.21	
40.60	4361	0.21	
40.61	4362	0.21	
40.63	4364	0.21	
40.64	4365	0.21	
40.65	4367	0.21	
40.67	4368	0.21	
40.68	4370	0.21	
40.69	4371	0.21	
40.70	4373	0.21	
40.72	4374	0.21	
40.73	4376	0.21	
40.74	4377	0.21	
40.75	4379	0.22	
40.77	4380	0.22	
40.78	4382	0.22	
40.79	4383	0.22	
40.80	4385	0.22	
40.82	4386	0.22	
40.83	4388	0.22	
40.84	4389	0.22	
40.86	4391	0.22	
40.87	4392	0.22	
40.88	4394	0.22	
40.89	4395	0.22	
40.91	4397	0.22	
40.92	4398	0.22	
40.93	4400	0.22	
40.94	4401	0.22	
40.96	4403	0.22	
40.97	4404	0.22	
40.98	4406	0.22	
40.99	4407	0.22	
41.01	4409	0.23	
41.02	4410	0.23	
41.03	4412	0.23	
41.04	4413	0.23	
41.06	4415	0.23	
41.07	4416	0.23	
41.08	4418	0.23	
41.09	4419	0.23	
41.11	4421	0.23	
41.12	4422	0.23	
41.13	4424	0.23	
41.14	4425	0.23	
41.16	4427	0.23	
41.17	4428	0.23	
41.18	4430	0.23	
41.20	4431	0.23	
41.21	4433	0.23	
41.22	4434	0.23	
41.23	4436	0.23	
41.25	4437	0.23	
41.26	4439	0.23	
41.27	4440	0.23	
41.28	4442	0.23	
41.30	4443	0.24	
41.31	4445	0.24	
41.32	4446	0.24	
41.33	4448	0.24	
41.35	4449	0.24	
41.36	4451	0.24	
41.37	4452	0.24	
41.39	4454	0.24	
41.40	4455	0.24	
41.41	4457	0.24	
41.42	4458	0.24	
41.44	4460	0.24	
41.45	4461	0.24	
41.46	4463	0.24	
41.47	4464	0.24	
41.49	4466	0.24	
41.50	4467	0.24	
41.51	4469	0.24	
41.53	4470	0.24	
41.54	4472	0.24	
41.55	4473	0.24	
41.56	4475	0.24	
41.58	4476	0.24	
41.59	4478	0.24	
41.60	4479	0.24	
41.61	4481	0.25	
41.63	4482	0.25	
41.64	4484	0.25	
41.65	4485	0.25	
41.66	4487	0.25	
41.68	4488	0.25	
41.69	4490	0.25	
41.70	4491	0.25	
41.71	4493	0.25	
41.73	4494	0.25	
41.74	4496	0.25	
41.75	4497	0.25	
41.77	4499	0.25	
41.78	4500	0.25	
41.79	4502	0.25	
41.80	4503	0.25	
41.82	4505	0.25	
41.83	4506	0.26	
41.84	4508	0.26	
41.85	4509	0.26	
41.87	4511	0.26	
41.88	4512	0.26	
41.89	4514	0.26	
41.90	4515	0.26	
41.92	4517	0.26	
41.93	4518	0.26	
41.94	4520	0.26	
41.96	4521	0.26	
41.97	4523	0.26	
41.98	4524	0.26	
41.99	4526	0.26	
42.01	4527	0.26	
42.02	4529	0.26	
42.03	4530	0.26	
42.04	4532	0.26	
42.06	4533	0.26	
42.07	4535	0.26	
42.08	4536	0.26	
42.09	4538	0.26	
42.11	4539	0.26	
42.12	4541	0.26	
42.13	4542	0.26	
42.15	4544	0.26	
42.16	4545	0.26	
42.17	4547	0.26	
42.18	4548	0.26	
42.20	4550	0.27	
42.21	4551	0.27	
42.22	4553	0.27	
42.23	4554	0.27	
42.25	4556	0.27	
42.26	4557	0.27	
42.27	4559	0.27	
42.28	4560	0.27	
42.30	4562	0.27	
42.31	4563	0.27	
42.32	4565	0.27	
42.33	4566	0.27	
42.35	4568	0.27	
42.36	4569	0.27	
42.37	4571	0.27	
42.39	4572	0.27	
42.40	4574	0.27	
42.41	4575	0.27	
42.42	4577	0.27	
42.44	4578	0.27	
42.45	4580	0.27	
42.46	4581	0.27	
42.47	4583	0.27	
42.49	4584	0.27	
42.50	4586	0.27	
42.51	4587	0.27	
42.53	4589	0.27	
42.54	4590	0.27	
42.55	4592	0.27	
42.56	4593	0.27	
42.58	4595	0.28	
42.59	4596	0.28	
42.60	4598	0.28	
42.61	4599	0.28	
42.62	4601	0.28	
42.64	4602	0.28	
42.65	4604	0.28	
42.66	4605	0.28	
42.68	4607	0.28	
42.69	4608	0.28	
42.70	4610	0.28	
42.71	4611	0.28	
42.73	4613	0.28	
42.74	4614	0.28	
42.75	4616	0.28	
42.76	4617	0.28	
42.78	4619	0.28	
42.79	4620	0.28	
42.80	4622	0.28	
42.81	4623	0.28	
42.83	4625	0.28	
42.84	4626	0.28	
42.85	4628	0.28	
42.86	4629	0.28	
42.88	4631	0.28	
42.89	4632	0.28	
42.90	4634	0.28	
42.92	4635	0.28	
42.93	4637	0.28	
42.94	4638	0.29	
42.95	4640	0.29	
42.97	4641	0.29	
42.98	4643	0.29	
42.99	4644	0.29	
43.00	4646	0.29	
43.02	4647	0.29	
43.03	4649	0.29	
43.04	4650	0.29	
43.06	4652	0.29	
43.07	4653	0.29	
43.08	4655	0.29	
43.09	4656	0.29	
43.11	4658	0.29	
43.12	4659	0.29	
43.13	4661	0.29	
43.15	4662	0.29	
43.16	4664	0.29	
43.17	4665	0.29	
43.19	4667	0.29	
43.20	4668	0.29	
43.21	4670	0.29	
43.22	4671	0.29	
43.24	4673	0.29	
43.25	4674	0.29	
43.26	4676	0.29	
43.27	4677	0.30	
43.28	4679	0.30	
43.30	4680	0.30	
43.31	4682	0.30	
43.32	4683	0.30	
43.33	4685	0.30	
43.35	4686	0.30	
43.36	4688	0.30	
43.37	4689	0.30	
43.39	4691	0.30	
43.40	4692	0.30	
43.41	4694	0.30	
43.42	4695	0.30	
43.44	4697	0.30	
43.45	4698	0.30	
43.46	4700	0.30	
43.47	4701	0.30	
43.49	4703	0.30	
43.50	4704	0.30	
43.51	4706	0.30	
43.53	4707	0.30	
43.54	4709	0.30	
43.55	4710	0.30	
43.56	4712	0.30	
43.58	4713	0.30	
43.59	4715	0.30	
43.60	4716	0.30	
43.61	4718	0.30	
43.63	4719	0.30	
43.64	4721	0.30	
43.65	4722	0.30	
43.66	4724	0.30	
43.68	4725	0.30	
43.69	4727	0.30	
43.70	4728	0.30	
43.71	4730	0.30	
43.73	4731	0.30	
43.74	4733	0.30	
43.75	4734	0.30	
43.76	4736	0.30	
43.78	4737	0.30	
43.79	4739	0.30	
43.80	4740	0.30	
43.81	4742	0.30	
43.83	4743	0.30	
43.84	4745	0.30	
43.85	4746	0.30	
43.87	4748	0.30	
43.88	4749	0.30	
43.89	4751	0.30	
43.90	4752	0.30	
43.92	4754	0.30	
43.93	4755	0.30	
43.94	4757	0.30	
43.95	4758	0.30	
43.97	4760	0.30	
43.98	4761	0.30	
43.99	4763	0.30	
44.00	4764	0.31	
44.02	4766	0.31	
44.03	4767	0.31	
44.04	4769	0.31	
44.06	4770	0.31	
44.07	4772	0.31	
44.08	4773	0.31	
44.09	4775	0.31	
44.11	4776	0.31	
44.12	4778	0.31	
44.13	4779	0.31	
44.14	4781	0.31	
44.16	4782	0.31	
44.17	4784	0.31	
44.18	4785	0.31	
44.19	4787	0.31	
44.21	4788	0.31	
44.22	4790	0.31	
44.23	4791	0.31	
44.25	4793	0.31	
44.26	4794	0.31	
44.27	4796	0.31	
44.28	4797	0.31	
44.30	4799	0.31	
44.31	4800	0.31	
44.32	4802	0.31	
44.33	4803	0.31	
44.35	4805	0.31	
44.36	4806	0.31	
44.37	4808	0.31	
44.38	4809	0.31	
44.40	4811	0.31	
44.41	4812	0.31	
44.42	4814	0.31	
44.44	4815	0.32	
44.45	4817	0.32	
44.47	4818	0.32	
44.48	4820	0.32	
44.49	4821	0.32	
44.51	4823	0.32	
44.52	4824	0.32	
44.53	4826	0.32	
44.54	4827	0.32	
44.56	4829	0.32	
44.57	4830	0.32	
44.58	4832	0.32	
44.59	4833	0.32	
44.60	4835	0.32	
44.62	4836	0.32	
44.63	4838	0.32	
44.64	4839	0.32	
44.65	4841	0.32	
44.67	4842	0.32	
44.68	4844	0.32	
44.69	4845	0.33	
44.71	4847	0.33	
44.72	4848	0.33	
44.73	4850	0.33	
44.75	4851	0.33	
44.76	4853	0.32	
44.77	4854	0.32	
44.78	4856	0.32	
44.80	4857	0.32	
44.81	4859	0.33	
44.82	4860	0.33	
44.83	4862	0.33	
44.84	4863	0.33	
44.86	4865	0.33	
44.87	4866	0.33	
44.88	4868	0.33	
44.89	4869	0.33	
44.90	4871	0.33	
44.91	4872	0.33	
44.93	4874	0.33	
44.94	4875	0.33	
44.95	4877	0.33	
44.96	4878	0.33	
44.98	4880	0.33	
44.99	4881	0.33	
45.00	4883	0.33	
45.02	4884	0.33	
45.03	4886	0.33	
45.04	4887	0.33	
45.05	4889	0.33	
45.07	4890	0.33	
45.08	4892	0.33	
45.09	4893	0.33	
45.10	4895	0.33	
45.12	4896	0.33	
45.13	4898	0.33	
45.14	4899	0.33	
45.15	4901	0.33	
45.17	4902	0.33	
45.18	4904	0.33	
45.19	4905	0.33	
45.21	4907	0.33	
45.22	4908	0.33	
45.23	4910	0.33	
45.24	4911	0.33	
45.26	4913	0.33	
45.27	4914	0.33	
45.28	4916	0.33	
45.29	4917	0.33	
45.31	4919	0.33	
45.32	4920	0.33	
45.33	4922	0.33	
45.34	4923	0.33	
45.36	4925	0.33	
45.37	4926	0.33	
45.38	4928	0.33	
45.40	4929	0.33	
45.41	4931	0.33	
45.42	4932	0.33	
45.43	4934	0.33	
45.45	4935	0.33	
45.46	4937	0.33	
45.47	4938	0.33	
45.48	4940	0.33	
45.50	4941	0.33	
45.51	4943	0.33	
45.52	4944	0.33	
45.53	4946	0.33	
45.55	4947	0.33	
45.56	4949	0.33	
45.57	4950	0.33	
45.59	4952	0.33	
45.60	4953	0.34	
45.61	4955	0.34	
45.62	4956	0.34	
45.64	4958	0.34	
45.65	4959	0.34	
45.66	4961	0.34	
45.67	4962	0.34	
45.69	4964	0.34	
45.70	4965	0.34	
45.71	4967	0.34	
45.72	4968	0.34	
45.74	4970	0.34	
45.75	4971	0.34	
45.76	4973	0.34	
45.78	4974	0.34	
45.79	4976	0.34	
45.80	4977	0.34	
45.82	4979	0.34	
45.83	4980	0.34	
45.85	4982	0.34	
45.86	4983	0.34	
45.88	4985	0.34	
45.89	4986	0.34	
45.90	4988	0.34	
45.92	4989	0.34	
45.93	4991	0.34	
45.94	4992	0.34	
45.95	4994	0.34	
45.96	4995	0.34	
45.97	4997	0.34	
45.99	4998	0.34	
46.00	5000	0.34	
46.01	5001	0.34	
46.02	5003	0.34	
46.04	5004	0.34	
46.05	5006	0.34	
46.06	5007	0.34	
46.07	5009	0.34	
46.09	5010	0.34	
46.10	5012	0.34	
46.11	5013	0.34	
46.13	5015	0.34	
46.14	5016	0.34	
46.15	5018	0.34	
46.16	5019	0.34	
46.18	5021	0.34	
46.19	5022	0.34	
46.20	5024	0.34	
46.21	5025	0.34	
46.23	5027	0.34	
46.24	5028	0.34	
46.25	5030	0.34	
46.26	5031	0.34	
46.28	5033	0.34	
46.29	5034	0.34	
46.30	5036	0.34	
46.31	5037	0.34	
46.33	5039	0.34	
46.34	5040	0.34	
46.35	5042	0.34	
46.36	5043	0.34	
46.38	5045	0.34	
46.39	5046	0.34	
46.40	5048	0.34	
46.41	5049	0.34	
46.42	5051	0.34	
46.44	5052	0.34	
46.45	5054	0.34	
46.46	5055	0.35	
46.48	5057	0.35	
46.49	5058	0.35	
46.50	5060	0.35	
46.51	5061	0.35	
46.53	5063	0.35	
46.54	5064	0.35	
46.55	5066	0.35	
46.57	5067	0.35	
46.58	5069	0.35	
46.59	5070	0.35	
46.60	5072	0.35	
46.62	5073	0.35	
46.63	5075	0.35	
46.64	5076	0.35	
46.65	5078	0.35	
46.67	5079	0.35	
46.68	5081	0.35	
46.69	5082	0.35	
46.70	5084	0.35	
46.72	5085	0.35	
46.73	5087	0.35	
46.74	5088	0.35	
46.75	5090	0.35	
46.77	5091	0.35	
46.78	5093	0.35	
46.79	5094	0.35	
46.80	5096	0.35	
46.82	5097	0.35	
46.83	5099	0.35	
46.84	5100	0.35	
46.86	5102	0.35	
46.87	5103	0.35	
46.88	5105	0.35	
46.89	5106	0.35	
46.91	5108	0.35	
46.92	5109	0.35	
46.93	5111	0.35	
46.94	5112	0.35	
46.96	5114	0.35	
46.97	5115	0.35	
46.98	5117	0.35	
46.99	5118	0.35	
47.01	5120	0.35	
47.02	5121	0.36	
47.03	5123	0.36	
47.05	5124	0.35	
47.06	5126	0.36	
47.07	5127	0.36	
47.09	5129	0.36	
47.10	5130	0.36	
47.11	5132	0.36	
47.12	5133	0.36	
47.13	5135	0.36	
47.15	5136	0.36	
47.16	5138	0.36	
47.17	5139	0.36	
47.18	5141	0.36	
47.19	5142	0.36	
47.21	5144	0.36	
47.22	5145	0.36	
47.23	5147	0.36	
47.25	5148	0.36	
47.26	5150	0.36	
47.27	5151	0.36	
47.29	5153	0.36	
47.30	5154	0.36	
47.31	5156	0.36	
47.32	5157	0.36	
47.33	5159	0.36	
47.35	5160	0.36	
47.36	5162	0.36	
47.37	5163	0.36	
47.39	5165	0.36	
47.40	5166	0.36	
47.41	5168	0.36	
47.42	5169	0.36	
47.44	5171	0.36	
47.45	5172	0.36	
47.46	5174	0.36	
47.47	5175	0.36	
47.49	5177	0.36	
47.50	5178	0.36	
47.51	5180	0.36	
47.52	5181	0.36	
47.54	5183	0.36	
47.55	5184	0.36	
47.56	5186	0.36	
47.57	5187	0.36	
47.59	5189	0.36	
47.60	5190	0.36	
47.61	5192	0.36	
47.62	5193	0.36	
47.64	5195	0.36	
47.65	5196	0.36	
47.66	5198	0.36	
47.67	5199	0.36	
47.69	5201	0.36	
47.70	5202	0.36	
47.71	5204	0.36	
47.72	5205	0.36	
47.74	5207	0.36	
47.75	5208	0.36	
47.76	5210	0.36	
47.77	5211	0.36	
47.79	5213	0.36	
47.80	5214	0.36	
47.81	5216	0.36	
47.83	5217	0.36	
47.84	5219	0.36	
47.85	5220	0.36	
47.86	5222	0.36	
47.88	5223	0.36	
47.89	5225	0.36	
47.90	5226	0.36	
47.91	5228	0.36	
47.93	5229	0.36	
47.94	5231	0.36	
47.95	5232	0.36	
47.97	5234	0.36	
47.98	5235	0.37	
47.99	5237	0.37	
48.00	5238	0.37	
48.02	5240	0.37	
48.03	5241	0.37	
48.04	5243	0.37	
48.06	5244	0.36	
48.07	5246	0.36	
48.08	5247	0.36	
48.09	5249	0.36	
48.11	5250	0.36	
48.12	5252	0.36	
48.13	5253	0.36	
48.14	5255	0.36	
48.15	5256	0.36	
48.17	5258	0.36	
48.18	5259	0.36	
48.19	5261	0.36	
48.21	5262	0.37	
48.22	5264	0.37	
48.23	5265	0.37	
48.24	5267	0.37	
48.26	5268	0.37	
48.27	5270	0.37	
48.28	5271	0.37	
48.30	5273	0.37	
48.31	5274	0.37	
48.32	5276	0.37	
48.33	5277	0.37	
48.35	5279	0.37	
48.36	5280	0.37	
48.37	5282	0.37	
48.38	5283	0.37	
48.40	5285	0.37	
48.41	5286	0.37	
48.42	5288	0.37	
48.44	5289	0.37	
48.45	5291	0.37	
48.46	5292	0.37	
48.47	5294	0.37	
48.49	5295	0.37	
48.50	5297	0.37	
48.51	5298	0.37	
48.52	5300	0.37	
48.54	5301	0.37	
48.55	5303	0.37	
48.56	5304	0.37	
48.57	5306	0.37	
48.59	5307	0.37	
48.60	5309	0.37	
48.61	5310	0.37	
48.62	5312	0.37	
48.64	5313	0.37	
48.65	5315	0.37	
48.66	5316	0.37	
48.67	5318	0.37	
48.69	5319	0.37	
48.70	5321	0.37	
48.71	5322	0.37	
48.73	5324	0.37	
48.74	5325	0.37	
48.75	5327	0.37	
48.76	5328	0.37	
48.78	5330	0.38	
48.79	5331	0.38	
48.80	5333	0.38	
48.81	5334	0.38	
48.83	5336	0.37	
48.84	5337	0.37	
48.85	5339	0.37	
48.86	5340	0.37	
48.88	5342	0.37	
48.89	5343	0.37	
48.90	5345	0.38	
48.91	5346	0.38	
48.93	5348	0.37	
48.94	5349	0.38	
48.95	5351	0.38	
48.97	5352	0.38	
48.98	5354	0.38	
48.99	5355	0.38	
49.00	5357	0.38	
49.02	5358	0.38	
49.03	5360	0.38	
49.04	5361	0.38	
49.05	5363	0.38	
49.07	5364	0.38	
49.08	5366	0.38	
49.09	5367	0.38	
49.10	5369	0.38	
49.12	5370	0.38	
49.13	5372	0.38	
49.14	5373	0.38	
49.16	5375	0.38	
49.17	5376	0.38	
49.18	5378	0.38	
49.20	5379	0.38	
49.21	5381	0.38	
49.22	5382	0.38	
49.23	5384	0.38	
49.25	5385	0.38	
49.26	5387	0.38	
49.27	5388	0.38	
49.28	5390	0.38	
49.29	5391	0.38	
49.31	5393	0.38	
49.32	5394	0.38	
49.33	5396	0.38	
49.34	5397	0.38	
49.36	5399	0.38	
49.37	5400	0.38	
49.38	5402	0.38	
49.39	5403	0.38	
49.40	5405	0.38	
49.41	5406	0.38	
49.43	5408	0.38	
49.44	5409	0.38	
49.45	5411	0.38	
49.46	5412	0.38	
49.48	5414	0.38	
49.49	5415	0.38	
49.50	5417	0.38	
49.52	5418	0.38	
49.53	5420	0.38	
49.55	5421	0.38	
49.56	5423	0.38	
49.57	5424	0.38	
49.59	5426	0.38	
49.60	5427	0.38	
49.61	5429	0.38	
49.62	5430	0.38	
49.64	5432	0.38	
49.65	5433	0.38	
49.66	5435	0.38	
49.67	5436	0.38	
49.69	5438	0.38	
49.70	5439	0.38	
49.71	5441	0.38	
49.72	5442	0.38	
49.74	5444	0.38	
49.75	5445	0.38	
49.76	5447	0.38	
49.78	5448	0.38	
49.79	5450	0.38	
49.80	5451	0.38	
49.81	5453	0.38	
49.83	5454	0.38	
49.84	5456	0.38	
49.85	5457	0.38	
49.86	5459	0.38	
49.88	5460	0.38	
49.89	5462	0.38	
49.90	5463	0.38	
49.92	5465	0.38	
49.93	5466	0.38	
49.94	5468	0.38	
49.96	5469	0.38	
49.97	5471	0.38	
49.98	5472	0.38	
49.99	5474	0.38	
50.01	5475	0.38	
50.02	5477	0.39	
50.03	5478	0.39	
50.04	5480	0.39	
50.05	5481	0.38	
50.07	5483	0.38	
50.08	5484	0.38	
50.09	5486	0.38	
50.11	5487	0.39	
50.12	5489	0.39	
50.13	5490	0.38	
50.14	5492	0.38	
50.16	5493	0.38	
50.17	5495	0.38	
50.18	5496	0.38	
50.19	5498	0.38	
50.21	5499	0.38	
50.22	5501	0.38	
50.23	5502	0.39	
50.24	5504	0.39	
50.26	5505	0.38	
50.27	5507	0.38	
50.28	5508	0.38	
50.30	5510	0.38	
50.31	5511	0.38	
50.32	5513	0.38	
50.33	5514	0.38	
50.34	5516	0.38	
50.36	5517	0.39	
50.37	5519	0.39	
50.38	5520	0.39	
50.39	5522	0.39	
50.41	5523	0.39	
50.42	5525	0.39	
50.43	5526	0.39	
50.45	5528	0.39	
50.46	5529	0.39	
50.47	5531	0.39	
50.49	5532	0.39	
50.50	5534	0.39	
50.51	5535	0.39	
50.52	5537	0.39	
50.53	5538	0.39	
50.55	5540	0.39	
50.56	5541	0.39	
50.57	5543	0.39	
50.58	5544	0.39	
50.60	5546	0.39	
50.61	5547	0.39	
50.62	5549	0.39	
50.64	5550	0.39	
50.65	5552	0.39	
50.66	5553	0.39	
50.67	5555	0.39	
50.69	5556	0.39	
50.70	5558	0.39	
50.71	5559	0.39	
50.72	5561	0.39	
50.74	5562	0.39	
50.75	5564	0.39	
50.76	5565	0.39	
50.77	5567	0.39	
50.79	5568	0.39	
50.80	5570	0.39	
50.81	5571	0.39	
50.83	5573	0.39	
50.84	5574	0.39	
50.85	5576	0.39	
50.86	5577	0.39	
50.88	5579	0.39	
50.89	5580	0.39	
50.90	5582	0.39	
50.91	5583	0.39	
50.93	5585	0.39	
50.94	5586	0.39	
50.95	5588	0.39	
50.96	5589	0.39	
50.98	5591	0.39	
50.99	5592	0.39	
51.00	5594	0.39	
51.02	5595	0.39	
51.03	5597	0.39	
51.04	5598	0.39	
51.05	5600	0.39	
51.07	5601	0.39	
51.08	5603	0.39	
51.09	5604	0.39	
51.10	5606	0.39	
51.11	5607	0.39	
51.13	5609	0.39	
51.14	5610	0.39	
51.15	5612	0.39	
51.17	5613	0.39	
51.18	5615	0.39	
51.19	5616	0.39	
51.21	5618	0.39	
51.22	5619	0.39	
51.23	5621	0.39	
51.24	5622	0.39	
51.26	5624	0.39	
51.27	5625	0.39	
51.28	5627	0.39	
51.29	5628	0.39	
51.31	5630	0.39	
51.32	5631	0.39	
51.33	5633	0.39	
51.34	5634	0.39	
51.36	5636	0.39	
51.37	5637	0.39	
51.38	5639	0.39	
51.40	5640	0.39	
51.41	5642	0.39	
51.42	5643	0.39	
51.43	5645	0.39	
51.45	5646	0.39	
51.46	5648	0.40	
51.47	5649	0.39	
51.48	5651	0.39	
51.49	5652	0.39	
51.51	5654	0.40	
51.52	5655	0.40	
51.53	5657	0.40	
51.55	5658	0.40	
51.56	5660	0.40	
51.57	5661	0.39	
51.58	5663	0.39	
51.60	5664	0.39	
51.61	5666	0.39	
51.62	5667	0.39	
51.63	5669	0.39	
51.65	5670	0.39	
51.66	5672	0.39	
51.67	5673	0.39	
51.68	5675	0.39	
51.70	5676	0.39	
51.71	5678	0.39	
51.72	5679	0.40	
51.73	5681	0.40	
51.75	5682	0.39	
51.76	5684	0.39	
51.77	5685	0.39	
51.79	5687	0.40	
51.80	5688	0.40	
51.81	5690	0.40	
51.82	5691	0.40	
51.84	5693	0.40	
51.85	5694	0.40	
51.86	5696	0.40	
51.87	5697	0.40	
51.89	5699	0.39	
51.90	5700	0.40	
51.91	5702	0.40	
51.92	5703	0.40	
51.93	5705	0.40	
51.95	5706	0.40	
51.96	5708	0.40	
51.97	5709	0.40	
51.99	5711	0.40	
52.00	5712	0.40	
52.01	5714	0.40	
52.03	5715	0.40	
52.04	5717	0.40	
52.05	5718	0.40	
52.06	5720	0.40	
52.08	5721	0.40	
52.09	5723	0.40	
52.10	5724	0.40	
52.11	5726	0.40	
52.13	5727	0.40	
52.14	5729	0.40	
52.15	5730	0.40	
52.17	5732	0.40	
52.18	5733	0.40	
52.19	5735	0.40	
52.20	5736	0.40	
52.22	5738	0.40	
52.23	5739	0.40	
52.24	5741	0.40	
52.25	5742	0.40	
52.27	5744	0.40	
52.28	5745	0.40	
52.29	5747	0.40	
52.30	5748	0.40	
52.32	5750	0.40	
52.33	5751	0.40	
52.34	5753	0.40	
52.36	5754	0.40	
52.37	5756	0.40	
52.38	5757	0.40	
52.39	5759	0.40	
52.41	5760	0.40	
52.42	5762	0.40	
52.43	5763	0.40	
52.44	5765	0.40	
52.46	5766	0.40	
52.47	5768	0.40	
52.48	5769	0.40	
52.49	5771	0.40	
52.51	5772	0.40	
52.52	5774	0.40	
52.53	5775	0.40	
52.54	5777	0.40	
52.56	5778	0.40	
52.57	5780	0.40	
52.58	5781	0.40	
52.60	5783	0.40	
52.61	5784	0.40	
52.62	5786	0.40	
52.63	5787	0.40	
52.65	5789	0.40	
52.66	5790	0.40	
52.67	5792	0.40	
52.68	5793	0.40	
52.70	5795	0.40	
52.71	5796	0.40	
52.72	5798	0.40	
52.73	5799	0.40	
52.75	5801	0.40	
52.76	5802	0.40	
52.77	5804	0.40	
52.78	5805	0.40	
52.80	5807	0.40	
52.81	5808	0.40	
52.82	5810	0.40	
52.84	5811	0.40	
52.85	5813	0.40	
52.86	5814	0.40	
52.87	5816	0.40	
52.89	5817	0.40	
52.90	5819	0.40	
52.91	5820	0.40	
52.92	5822	0.40	
52.94	5823	0.40	
52.95	5825	0.40	
52.96	5826	0.40	
52.98	5828	0.40	
52.99	5829	0.40	
53.00	5831	0.40	
53.01	5832	0.40	
53.03	5834	0.40	
53.04	5835	0.40	
53.05	5837	0.40	
53.06	5838	0.40	
53.08	5840	0.40	
53.09	5841	0.40	
53.10	5843	0.40	
53.11	5844	0.40	
53.13	5846	0.40	
53.14	5847	0.41	
53.15	5849	0.41	
53.17	5850	0.40	
53.18	5852	0.41	
53.19	5853	0.41	
53.20	5855	0.41	
53.21	5856	0.41	
53.23	5858	0.41	
53.24	5859	0.41	
53.25	5861	0.41	
53.27	5862	0.41	
53.28	5864	0.41	
53.29	5865	0.41	
53.30	5867	0.40	
53.32	5868	0.40	
53.33	5870	0.40	
53.34	5871	0.40	
53.35	5873	0.41	
53.37	5874	0.41	
53.38	5876	0.41	
53.39	5877	0.41	
53.40	5879	0.41	
53.42	5880	0.41	
53.43	5882	0.41	
53.44	5883	0.41	
53.46	5885	0.41	
53.47	5886	0.41	
53.48	5888	0.40	
53.49	5889	0.40	
53.51	5891	0.40	
53.52	5892	0.41	
53.53	5894	0.41	
53.55	5895	0.40	
53.56	5897	0.41	
53.57	5898	0.41	
53.58	5900	0.41	
53.60	5901	0.41	
53.61	5903	0.41	
53.62	5904	0.41	
53.63	5906	0.41	
53.65	5907	0.41	
53.66	5909	0.41	
53.67	5910	0.41	
53.68	5912	0.41	
53.70	5913	0.41	
53.71	5915	0.41	
53.72	5916	0.41	
53.73	5918	0.41	
53.75	5919	0.41	
53.76	5921	0.41	
53.77	5922	0.40	
53.78	5924	0.40	
53.80	5925	0.40	
53.81	5927	0.40	
53.82	5928	0.40	
53.83	5930	0.40	
53.85	5931	0.40	
53.86	5933	0.40	
53.87	5934	0.40	
53.89	5936	0.40	
53.90	5937	0.40	
53.91	5939	0.40	
53.92	5940	0.40	
53.94	5942	0.41	
53.95	5943	0.41	
53.96	5945	0.41	
53.97	5946	0.41	
53.99	5948	0.41	
54.00	5949	0.41	
54.01	5951	0.41	
54.02	5952	0.41	
54.04	5954	0.41	
54.05	5955	0.41	
54.06	5957	0.41	
54.07	5958	0.41	
54.09	5960	0.41	
54.10	5961	0.41	
54.11	5963	0.41	
54.12	5964	0.41	
54.14	5966	0.41	
54.15	5967	0.41	
54.16	5969	0.41	
54.18	5970	0.41	
54.19	5972	0.41	
54.20	5973	0.41	
54.22	5975	0.41	
54.23	5976	0.41	
54.24	5978	0.41	
54.26	5979	0.41	
54.27	5981	0.41	
54.28	5982	0.41	
54.29	5984	0.41	
54.31	5985	0.41	
54.32	5987	0.41	
54.33	5988	0.41	
54.34	5990	0.41	
54.36	5991	0.41	
54.37	5993	0.41	
54.38	5994	0.41	
54.39	5996	0.41	
54.41	5997	0.41	
54.42	5999	0.41	
54.43	6000	0.41	
54.45	6002	0.41	
54.46	6003	0.41	
54.47	6005	0.41	
54.48	6006	0.41	
54.50	6008	0.41	
54.51	6009	0.41	
54.52	6011	0.41	
54.53	6012	0.41	
54.55	6014	0.41	
54.56	6015	0.41	
54.57	6017	0.41	
54.58	6018	0.41	
54.60	6020	0.41	
54.61	6021	0.41	
54.62	6023	0.41	
54.63	6024	0.41	
54.65	6026	0.41	
54.66	6027	0.41	
54.67	6029	0.41	
54.68	6030	0.41	
54.70	6032	0.41	
54.71	6033	0.41	
54.72	6035	0.41	
54.74	6036	0.41	
54.75	6038	0.41	
54.76	6039	0.41	
54.77	6041	0.41	
54.78	6042	0.41	
54.80	6044	0.41	
54.81	6045	0.41	
54.82	6047	0.41	
54.83	6048	0.41	
54.85	6050	0.41	
54.86	6051	0.41	
54.87	6053	0.41	
54.89	6054	0.41	
54.90	6056	0.41	
54.91	6057	0.41	
54.92	6059	0.41	
54.94	6060	0.41	
54.95	6062	0.41	
54.96	6063	0.41	
54.97	6065	0.41	
54.99	6066	0.41	
55.00	6068	0.41	
55.01	6069	0.41	
55.02	6071	0.41	
55.04	6072	0.41	
55.05	6074	0.41	
55.06	6075	0.41	
55.07	6077	0.41	
55.09	6078	0.41	
55.10	6080	0.41	
55.11	6081	0.41	
55.12	6083	0.41	
55.14	6084	0.42	
55.15	6086	0.42	
55.16	6087	0.42	
55.17	6089	0.41	
55.19	6090	0.41	
55.20	6092	0.41	
55.21	6093	0.41	
55.23	6095	0.41	
55.24	6096	0.41	
55.25	6098	0.41	
55.26	6099	0.41	
55.28	6101	0.41	
55.29	6102	0.41	
55.30	6104	0.41	
55.31	6105	0.41	
55.33	6107	0.41	
55.34	6108	0.41	
55.35	6110	0.41	
55.36	6111	0.41	
55.38	6113	0.41	
55.39	6114	0.41	
55.40	6116	0.41	
55.42	6117	0.41	
55.43	6119	0.41	
55.44	6120	0.41	
55.45	6122	0.41	
55.47	6123	0.41	
55.48	6125	0.41	
55.49	6126	0.41	
55.50	6128	0.41	
55.52	6129	0.41	
55.53	6131	0.41	
55.54	6132	0.41	
55.56	6134	0.41	
55.57	6135	0.41	
55.58	6137	0.41	
55.59	6138	0.41	
55.61	6140	0.41	
55.62	6141	0.42	
55.63	6143	0.41	
55.64	6144	0.42	
55.66	6146	0.41	
55.67	6147	0.41	
55.68	6149	0.42	
55.69	6150	0.42	
55.71	6152	0.42	
55.72	6153	0.42	
55.73	6155	0.42	
55.75	6156	0.42	
55.76	6158	0.41	
55.77	6159	0.41	
55.78	6161	0.42	
55.80	6162	0.42	
55.81	6164	0.42	
55.82	6165	0.42	
55.83	6167	0.42	
55.85	6168	0.42	
55.86	6170	0.42	
55.87	6171	0.42	
55.88	6173	0.42	
55.90	6174	0.42	
55.91	6176	0.42	
55.92	6177	0.42	
55.94	6179	0.42	
55.95	6180	0.42	
55.96	6182	0.42	
55.98	6183	0.42	
55.99	6185	0.42	
56.00	6186	0.42	
56.01	6188	0.42	
56.03	6189	0.42	
56.04	6191	0.42	
56.05	6192	0.42	
56.06	6194	0.42	
56.08	6195	0.42	
56.09	6197	0.42	
56.10	6198	0.42	
56.11	6200	0.42	
56.13	6201	0.42	
56.14	6203	0.42	
56.15	6204	0.42	
56.16	6206	0.42	
56.18	6207	0.42	
56.19	6209	0.42	
56.20	6210	0.42	
56.22	6212	0.42	
56.23	6213	0.42	
56.24	6215	0.42	
56.25	6216	0.42	
56.27	6218	0.42	
56.28	6219	0.42	
56.29	6221	0.42	
56.30	6222	0.42	
56.31	6224	0.42	
56.33	6225	0.42	
56.34	6227	0.42	
56.35	6228	0.42	
56.36	6230	0.42	
56.38	6231	0.42	
56.39	6233	0.42	
56.40	6234	0.42	
56.42	6236	0.42	
56.43	6237	0.42	
56.44	6239	0.42	
56.45	6240	0.42	
56.47	6242	0.42	
56.48	6243	0.42	
56.49	6245	0.42	
56.51	6246	0.42	
56.52	6248	0.42	
56.53	6249	0.42	
56.54	6251	0.42	
56.55	6252	0.42	
56.57	6254	0.42	
56.58	6255	0.42	
56.59	6257	0.42	
56.61	6258	0.42	
56.62	6260	0.42	
56.63	6261	0.42	
56.64	6263	0.42	
56.66	6264	0.42	
56.67	6266	0.42	
56.68	6267	0.42	
56.69	6269	0.42	
56.71	6270	0.42	
56.72	6272	0.42	
56.73	6273	0.42	
56.75	6275	0.42	
56.76	6276	0.42	
56.77	6278	0.42	
56.78	6279	0.42	
56.80	6281	0.42	
56.81	6282	0.42	
56.82	6284	0.42	
56.83	6285	0.42	
56.84	6287	0.42	
56.86	6288	0.42	
56.87	6290	0.42	
56.88	6291	0.42	
56.89	6293	0.42	
56.91	6294	0.42	
56.92	6296	0.42	
56.94	6297	0.42	
56.95	6299	0.42	
56.96	6300	0.42	
56.98	6302	0.42	
56.99	6303	0.42	
57.00	6305	0.42	
57.01	6306	0.42	
57.02	6308	0.42	
57.04	6309	0.42	
57.05	6311	0.42	
57.06	6312	0.42	
57.07	6314	0.42	
57.09	6315	0.42	
57.10	6317	0.42	
57.11	6318	0.42	
57.12	6320	0.42	
57.14	6321	0.42	
57.15	6323	0.42	
57.16	6324	0.42	
57.18	6326	0.42	
57.19	6327	0.42	
57.20	6329	0.42	
57.21	6330	0.42	
57.23	6332	0.42	
57.24	6333	0.42	
57.25	6335	0.42	
57.27	6336	0.42	
57.28	6338	0.42	
57.29	6339	0.42	
57.30	6341	0.42	
57.31	6342	0.42	
57.33	6344	0.42	
57.34	6345	0.42	
57.35	6347	0.42	
57.36	6348	0.42	
57.38	6350	0.42	
57.39	6351	0.42	
57.40	6353	0.42	
57.42	6354	0.42	
57.43	6356	0.42	
57.44	6357	0.42	
57.46	6359	0.43	
57.47	6360	0.43	
57.48	6362	0.43	
57.49	6363	0.43	
57.51	6365	0.42	
57.52	6366	0.42	
57.53	6368	0.42	
57.54	6369	0.42	
57.55	6371	0.42	
57.57	6372	0.43	
57.58	6374	0.43	
57.59	6375	0.43	
57.61	6377	0.43	
57.62	6378	0.43	
57.63	6380	0.43	
57.65	6381	0.43	
57.66	6383	0.43	
57.67	6384	0.42	
57.68	6386	0.42	
57.69	6387	0.42	
57.71	6389	0.43	
57.72	6390	0.43	
57.73	6392	0.43	
57.74	6393	0.43	
57.76	6395	0.43	
57.77	6396	0.43	
57.78	6398	0.43	
57.80	6399	0.43	
57.81	6401	0.43	
57.82	6402	0.43	
57.83	6404	0.43	
57.85	6405	0.43	
57.86	6407	0.43	
57.87	6408	0.43	
57.88	6410	0.43	
57.90	6411	0.43	
57.91	6413	0.43	
57.92	6414	0.43	
57.93	6416	0.43	
57.95	6417	0.43	
57.96	6419	0.43	
57.97	6420	0.43	
57.98	6422	0.43	
58.00	6423	0.42	
58.01	6425	0.42	
58.02	6426	0.43	
58.04	6428	0.43	
58.05	6429	0.42	
58.06	6431	0.42	
58.07	6432	0.42	
58.09	6434	0.42	
58.10	6435	0.43	
58.11	6437	0.43	
58.12	6438	0.43	
58.14	6440	0.43	
58.15	6441	0.43	
58.16	6443	0.43	
58.17	6444	0.43	
58.19	6446	0.43	
58.20	6447	0.43	
58.21	6449	0.43	
58.22	6450	0.43	
58.24	6452	0.43	
58.25	6453	0.43	
58.26	6455	0.43	
58.28	6456	0.43	
58.29	6458	0.43	
58.30	6459	0.43	
58.31	6461	0.43	
58.33	6462	0.43	
58.34	6464	0.43	
58.35	6465	0.43	
58.36	6467	0.43	
58.38	6468	0.43	
58.39	6470	0.43	
58.40	6471	0.43	
58.42	6473	0.43	
58.43	6474	0.43	
58.44	6476	0.43	
58.45	6477	0.43	
58.46	6479	0.43	
58.48	6480	0.43	
58.49	6482	0.43	
58.50	6483	0.43	
58.51	6485	0.43	
58.53	6486	0.43	
58.54	6488	0.43	
58.56	6489	0.43	
58.57	6491	0.43	
58.58	6492	0.43	
58.59	6494	0.43	
58.61	6495	0.43	
58.62	6497	0.43	
58.63	6498	0.43	
58.64	6500	0.43	
58.66	6501	0.43	
58.67	6503	0.43	
58.68	6504	0.43	
58.69	6506	0.43	
58.71	6507	0.43	
58.72	6509	0.43	
58.73	6510	0.43	
58.74	6512	0.43	
58.76	6513	0.43	
58.77	6515	0.43	
58.78	6516	0.43	
58.79	6518	0.43	
58.81	6519	0.43	
58.82	6521	0.43	
58.83	6522	0.43	
58.84	6524	0.43	
58.86	6525	0.43	
58.87	6527	0.43	
58.89	6528	0.43	
58.90	6530	0.43	
58.91	6531	0.43	
58.93	6533	0.43	
58.94	6534	0.43	
58.95	6536	0.43	
58.96	6537	0.43	
58.98	6539	0.43	
58.99	6540	0.43	
59.00	6542	0.43	
59.01	6543	0.43	
59.02	6545	0.43	
59.04	6546	0.43	
59.05	6548	0.43	
59.06	6549	0.43	
59.08	6551	0.43	
59.09	6552	0.43	
59.10	6554	0.43	
59.11	6555	0.43	
59.13	6557	0.43	
59.14	6558	0.43	
59.15	6560	0.43	
59.16	6561	0.43	
59.18	6563	0.43	
59.19	6564	0.43	
59.20	6566	0.43	
59.21	6567	0.43	
59.23	6569	0.43	
59.24	6570	0.42	
59.25	6572	0.42	
59.26	6573	0.43	
59.28	6575	0.43	
59.29	6576	0.43	
59.30	6578	0.43	
59.31	6579	0.43	
59.33	6581	0.43	
59.34	6582	0.43	
59.35	6584	0.43	
59.36	6585	0.43	
59.38	6587	0.43	
59.39	6588	0.43	
59.40	6590	0.43	
59.42	6591	0.43	
59.43	6593	0.43	
59.44	6594	0.43	
59.45	6596	0.43	
59.47	6597	0.43	
59.48	6599	0.43	
59.49	6600	0.43	
59.50	6602	0.43	
59.52	6603	0.43	
59.53	6605	0.43	
59.54	6606	0.43	
59.56	6608	0.43	
59.57	6609	0.43	
59.58	6611	0.43	
59.59	6612	0.43	
59.60	6614	0.43	
59.62	6615	0.43	
59.63	6617	0.43	
59.64	6618	0.43	
59.65	6620	0.43	
59.67	6621	0.43	
59.68	6623	0.43	
59.69	6624	0.43	
59.70	6626	0.43	
59.72	6627	0.43	
59.73	6629	0.43	
59.74	6630	0.43	
59.76	6632	0.43	
59.77	6633	0.43	
59.78	6635	0.43	
59.79	6636	0.43	
59.81	6638	0.43	
59.82	6639	0.43	
59.83	6641	0.43	
59.84	6642	0.43	
59.86	6644	0.43	
59.87	6645	0.43	
59.88	6647	0.43	
59.89	6648	0.43	
59.91	6650	0.43	
59.92	6651	0.43	
59.93	6653	0.43	
59.95	6654	0.43	
59.96	6656	0.43	
59.97	6657	0.43	
59.98	6659	0.43	
59.99	6660	0.43	
60.01	6662	0.43	
60.02	6663	0.43	
60.03	6665	0.43	
60.04	6666	0.43	
60.06	6668	0.43	
60.07	6669	0.43	
60.08	6671	0.43	
60.10	6672	0.43	
60.11	6674	0.43	
60.12	6675	0.43	
60.13	6677	0.43	
60.15	6678	0.43	
60.16	6680	0.43	
60.17	6681	0.42	
60.18	6683	0.42	
60.20	6684	0.43	
60.21	6686	0.43	
60.22	6687	0.43	
60.23	6689	0.43	
60.25	6690	0.42	
60.26	6692	0.42	
60.27	6693	0.42	
60.29	6695	0.42	
60.30	6696	0.42	
60.31	6698	0.42	
60.32	6699	0.42	
60.34	6701	0.42	
60.35	6702	0.42	
60.36	6704	0.42	
60.37	6705	0.42	
60.39	6707	0.42	
60.40	6708	0.42	
60.41	6710	0.42	
60.42	6711	0.42	
60.44	6713	0.42	
60.45	6714	0.42	
60.46	6716	0.42	
60.48	6717	0.42	
60.49	6719	0.42	
60.50	6720	0.42	
60.51	6722	0.42	
60.53	6723	0.42	
60.54	6725	0.42	
60.55	6726	0.42	
60.56	6728	0.42	
60.58	6729	0.42	
60.59	6731	0.42	
60.60	6732	0.42	
60.62	6734	0.42	
60.63	6735	0.42	
60.64	6737	0.42	
60.65	6738	0.42	
60.67	6740	0.42	
60.68	6741	0.42	
60.69	6743	0.42	
60.70	6744	0.42	
60.71	6746	0.42	
60.73	6747	0.42	
60.74	6749	0.42	
60.75	6750	0.42	
60.77	6752	0.42	
60.78	6753	0.42	
60.79	6755	0.42	
60.81	6756	0.42	
60.82	6758	0.42	
60.83	6759	0.42	
60.84	6761	0.42	
60.86	6762	0.42	
60.87	6764	0.42	
60.88	6765	0.42	
60.89	6767	0.42	
60.91	6768	0.42	
60.92	6770	0.42	
60.93	6771	0.42	
60.94	6773	0.42	
60.96	6774	0.42	
60.97	6776	0.42	
60.98	6777	0.42	
60.99	6779	0.42	
61.01	6780	0.42	
61.02	6782	0.42	
61.03	6783	0.42	
61.05	6785	0.42	
61.06	6786	0.42	
61.07	6788	0.42	
61.08	6789	0.42	
61.10	6791	0.42	
61.11	6792	0.42	
61.12	6794	0.42	
61.13	6795	0.41	
61.15	6797	0.41	
61.16	6798	0.41	
61.17	6800	0.41	
61.18	6801	0.41	
61.20	6803	0.41	
61.21	6804	0.41	
61.22	6806	0.41	
61.24	6807	0.41	
61.25	6809	0.41	
61.26	6810	0.41	
61.27	6812	0.41	
61.29	6813	0.41	
61.30	6815	0.41	
61.31	6816	0.41	
61.32	6818	0.41	
61.33	6819	0.41	
61.35	6821	0.41	
61.36	6822	0.41	
61.37	6824	0.41	
61.39	6825	0.41	
61.40	6827	0.41	
61.41	6828	0.41	
61.43	6830	0.41	
61.44	6831	0.41	
61.45	6833	0.41	
61.46	6834	0.41	
61.48	6836	0.41	
61.49	6837	0.41	
61.50	6839	0.41	
61.51	6840	0.41	
61.53	6842	0.41	
61.54	6843	0.41	
61.55	6845	0.41	
61.56	6846	0.41	
61.58	6848	0.41	
61.59	6849	0.40	
61.60	6851	0.40	
61.61	6852	0.40	
61.63	6854	0.40	
61.64	6855	0.40	
61.65	6857	0.40	
61.66	6858	0.40	
61.68	6860	0.40	
61.69	6861	0.40	
61.70	6863	0.40	
61.72	6864	0.40	
61.73	6866	0.40	
61.74	6867	0.40	
61.75	6869	0.40	
61.77	6870	0.40	
61.78	6872	0.40	
61.79	6873	0.40	
61.80	6875	0.40	
61.82	6876	0.40	
61.83	6878	0.40	
61.84	6879	0.40	
61.86	6881	0.40	
61.87	6882	0.40	
61.88	6884	0.40	
61.90	6885	0.40	
61.91	6887	0.40	
61.92	6888	0.40	
61.94	6890	0.40	
61.95	6891	0.40	
61.96	6893	0.40	
61.97	6894	0.40	
61.99	6896	0.40	
62.00	6897	0.40	
62.01	6899	0.40	
62.03	6900	0.40	
62.04	6902	0.40	
62.05	6903	0.40	
62.06	6905	0.40	
62.07	6906	0.40	
62.09	6908	0.40	
62.10	6909	0.40	
62.11	6911	0.40	
62.12	6912	0.40	
62.14	6914	0.40	
62.15	6915	0.40	
62.16	6917	0.40	
62.18	6918	0.40	
62.19	6920	0.39	
62.20	6921	0.39	
62.21	6923	0.39	
62.23	6924	0.39	
62.24	6926	0.39	
62.25	6927	0.39	
62.26	6929	0.39	
62.28	6930	0.39	
62.29	6932	0.39	
62.30	6933	0.39	
62.31	6935	0.39	
62.33	6936	0.39	
62.34	6938	0.39	
62.35	6939	0.39	
62.37	6941	0.39	
62.38	6942	0.39	
62.39	6944	0.39	
62.40	6945	0.39	
62.42	6947	0.39	
62.43	6948	0.39	
62.44	6950	0.39	
62.45	6951	0.39	
62.47	6953	0.39	
62.48	6954	0.39	
62.49	6956	0.39	
62.51	6957	0.39	
62.52	6959	0.39	
62.53	6960	0.39	
62.54	6962	0.39	
62.55	6963	0.39	
62.57	6965	0.39	
62.58	6966	0.39	
62.59	6968	0.39	
62.60	6969	0.39	
62.62	6971	0.39	
62.63	6972	0.39	
62.64	6974	0.39	
62.65	6975	0.39	
62.67	6977	0.39	
62.68	6978	0.39	
62.69	6980	0.39	
62.71	6981	0.39	
62.72	6983	0.39	
62.73	6984	0.39	
62.74	6986	0.38	
62.76	6987	0.38	
62.77	6989	0.38	
62.78	6990	0.39	
62.79	6992	0.39	
62.81	6993	0.39	
62.82	6995	0.39	
62.83	6996	0.39	
62.84	6998	0.39	
62.85	6999	0.39	
62.87	7001	0.38	
62.88	7002	0.38	
62.89	7004	0.38	
62.91	7005	0.39	
62.92	7007	0.39	
62.93	7008	0.38	
62.94	7010	0.38	
62.96	7011	0.38	
62.97	7013	0.38	
62.98	7014	0.38	
62.99	7016	0.38	
63.01	7017	0.38	
63.02	7019	0.38	
63.03	7020	0.38	
63.04	7022	0.38	
63.06	7023	0.38	
63.07	7025	0.38	
63.08	7026	0.38	
63.10	7028	0.38	
63.11	7029	0.38	
63.12	7031	0.38	
63.14	7032	0.38	
63.15	7034	0.38	
63.16	7035	0.38	
63.17	7037	0.38	
63.18	7038	0.38	
63.20	7040	0.38	
63.21	7041	0.38	
63.22	7043	0.38	
63.24	7044	0.38	
63.25	7046	0.38	
63.26	7047	0.38	
63.27	7049	0.38	
63.29	7050	0.38	
63.30	7052	0.38	
63.31	7053	0.38	
63.32	7055	0.38	
63.34	7056	0.38	
63.35	7058	0.38	
63.36	7059	0.38	
63.38	7061	0.38	
63.39	7062	0.38	
63.40	7064	0.38	
63.41	7065	0.38	
63.43	7067	0.38	
63.44	7068	0.38	
63.45	7070	0.38	
63.46	7071	0.38	
63.48	7073	0.38	
63.49	7074	0.38	
63.50	7076	0.38	
63.51	7077	0.38	
63.53	7079	0.38	
63.54	7080	0.38	
63.55	7082	0.38	
63.56	7083	0.38	
63.58	7085	0.38	
63.59	7086	0.38	
63.60	7088	0.38	
63.62	7089	0.38	
63.63	7091	0.38	
63.64	7092	0.38	
63.65	7094	0.38	
63.67	7095	0.38	
63.68	7097	0.38	
63.69	7098	0.38	
63.70	7100	0.38	
63.72	7101	0.38	
63.73	7103	0.38	
63.74	7104	0.38	
63.75	7106	0.38	
63.77	7107	0.38	
63.78	7109	0.38	
63.79	7110	0.38	
63.81	7112	0.38	
63.82	7113	0.38	
63.83	7115	0.38	
63.84	7116	0.38	
63.86	7118	0.38	
63.87	7119	0.38	
63.88	7121	0.38	
63.89	7122	0.38	
63.91	7124	0.38	
63.92	7125	0.38	
63.93	7127	0.38	
63.94	7128	0.38	
63.95	7130	0.38	
63.97	7131	0.38	
63.98	7133	0.38	
63.99	7134	0.38	
64.01	7136	0.38	
64.02	7137	0.38	
64.03	7139	0.38	
64.05	7140	0.38	
64.06	7142	0.38	
64.07	7143	0.38	
64.08	7145	0.38	
64.10	7146	0.38	
64.11	7148	0.38	
64.12	7149	0.38	
64.13	7151	0.38	
64.15	7152	0.39	
64.16	7154	0.39	
64.17	7155	0.39	
64.18	7157	0.38	
64.20	7158	0.38	
64.21	7160	0.38	
64.22	7161	0.38	
64.23	7163	0.38	
64.25	7164	0.39	
64.26	7166	0.38	
64.27	7167	0.39	
64.28	7169	0.38	
64.30	7170	0.38	
64.31	7172	0.38	
64.32	7173	0.39	
64.33	7175	0.39	
64.35	7176	0.39	
64.36	7178	0.39	
64.37	7179	0.39	
64.39	7181	0.39	
64.40	7182	0.39	
64.41	7184	0.39	
64.42	7185	0.39	
64.44	7187	0.39	
64.45	7188	0.39	
64.46	7190	0.39	
64.48	7191	0.39	
64.49	7193	0.39	
64.50	7194	0.39	
64.51	7196	0.39	
64.53	7197	0.39	
64.54	7199	0.39	
64.55	7200	0.39	
