H2O_H2O
Furnace temperature 	Time	HeatFlow	
/°C	/s	/mW	
8.23	0	0.11	
8.23	2	0.11	
8.22	3	0.11	
8.17	5	0.11	
8.12	6	0.11	
8.08	8	0.11	
8.05	9	0.11	
8.03	11	0.11	
8.00	12	0.11	
7.98	14	0.11	
7.96	15	0.11	
7.93	17	0.11	
7.90	18	0.11	
7.88	20	0.11	
7.85	21	0.11	
7.82	23	0.11	
7.79	24	0.11	
7.77	26	0.11	
7.73	27	0.11	
7.70	29	0.11	
7.67	30	0.11	
7.63	32	0.11	
7.60	33	0.11	
7.56	35	0.11	
7.53	36	0.11	
7.49	38	0.11	
7.45	39	0.12	
7.41	41	0.12	
7.36	42	0.12	
7.32	44	0.12	
7.28	45	0.12	
7.23	47	0.12	
7.19	48	0.13	
7.14	50	0.13	
7.10	51	0.13	
7.05	53	0.14	
7.00	54	0.14	
6.95	56	0.15	
6.90	57	0.15	
6.86	59	0.16	
6.81	60	0.16	
6.76	62	0.17	
6.72	63	0.18	
6.67	65	0.19	
6.63	66	0.19	
6.59	68	0.20	
6.54	69	0.21	
6.50	71	0.22	
6.46	72	0.23	
6.42	74	0.24	
6.38	75	0.25	
6.35	77	0.25	
6.31	78	0.26	
6.27	80	0.27	
6.24	81	0.28	
6.21	83	0.29	
6.18	84	0.30	
6.15	86	0.31	
6.12	87	0.32	
6.09	89	0.33	
6.06	90	0.34	
6.04	92	0.35	
6.01	93	0.35	
5.99	95	0.36	
5.97	96	0.37	
5.95	98	0.38	
5.92	99	0.38	
5.91	101	0.39	
5.89	102	0.40	
5.87	104	0.40	
5.85	105	0.41	
5.84	107	0.42	
5.82	108	0.42	
5.81	110	0.43	
5.79	111	0.43	
5.78	113	0.44	
5.77	114	0.44	
5.76	116	0.44	
5.75	117	0.45	
5.74	119	0.45	
5.73	120	0.45	
5.72	122	0.45	
5.71	123	0.46	
5.70	125	0.46	
5.70	126	0.46	
5.69	128	0.46	
5.68	129	0.46	
5.68	131	0.46	
5.67	132	0.46	
5.67	134	0.46	
5.67	135	0.46	
5.66	137	0.46	
5.66	138	0.46	
5.66	140	0.46	
5.66	141	0.46	
5.66	143	0.46	
5.66	144	0.46	
5.65	146	0.46	
5.65	147	0.45	
5.65	149	0.45	
5.66	150	0.45	
5.66	152	0.45	
5.66	153	0.44	
5.66	155	0.44	
5.66	156	0.44	
5.66	158	0.44	
5.67	159	0.43	
5.67	161	0.43	
5.67	162	0.43	
5.65	164	0.42	
5.62	165	0.42	
5.60	167	0.42	
5.58	168	0.41	
5.56	170	0.41	
5.53	171	0.41	
5.51	173	0.40	
5.49	174	0.40	
5.46	176	0.39	
5.44	177	0.39	
5.42	179	0.39	
5.39	180	0.38	
5.37	182	0.38	
5.35	183	0.37	
5.33	185	0.37	
5.30	186	0.37	
5.28	188	0.36	
5.26	189	0.36	
5.24	191	0.35	
5.22	192	0.35	
5.20	194	0.34	
5.18	195	0.34	
5.16	197	0.34	
5.14	198	0.33	
5.13	200	0.33	
5.11	201	0.32	
5.10	203	0.32	
5.08	204	0.31	
5.07	206	0.31	
5.06	207	0.30	
5.04	209	0.30	
5.04	210	0.30	
5.03	212	0.29	
5.02	213	0.29	
5.01	215	0.28	
5.01	216	0.28	
5.01	218	0.27	
5.00	219	0.27	
5.00	221	0.26	
5.00	222	0.26	
5.00	224	0.26	
5.01	225	0.25	
5.01	227	0.25	
5.01	228	0.24	
5.02	230	0.24	
5.03	231	0.23	
5.03	233	0.23	
5.04	234	0.23	
5.05	236	0.22	
5.06	237	0.22	
5.07	239	0.21	
5.08	240	0.21	
5.09	242	0.21	
5.10	243	0.20	
5.11	245	0.20	
5.13	246	0.19	
5.14	248	0.19	
5.15	249	0.19	
5.17	251	0.18	
5.18	252	0.18	
5.20	254	0.18	
5.21	255	0.17	
5.23	257	0.17	
5.24	258	0.17	
5.26	260	0.16	
5.27	261	0.16	
5.29	263	0.15	
5.31	264	0.15	
5.32	266	0.15	
5.34	267	0.14	
5.36	269	0.14	
5.37	270	0.14	
5.39	272	0.13	
5.41	273	0.13	
5.42	275	0.13	
5.44	276	0.12	
5.46	278	0.12	
5.48	279	0.12	
5.50	281	0.12	
5.51	282	0.11	
5.53	284	0.11	
5.55	285	0.11	
5.57	287	0.10	
5.58	288	0.10	
5.60	290	0.10	
5.62	291	0.09	
5.64	293	0.09	
5.66	294	0.09	
5.67	296	0.09	
5.69	297	0.08	
5.71	299	0.08	
5.73	300	0.08	
5.75	302	0.08	
5.77	303	0.07	
5.78	305	0.07	
5.80	306	0.07	
5.82	308	0.07	
5.84	309	0.06	
5.86	311	0.06	
5.87	312	0.06	
5.89	314	0.06	
5.91	315	0.05	
5.93	317	0.05	
5.95	318	0.05	
5.96	320	0.05	
5.98	321	0.04	
6.00	323	0.04	
6.02	324	0.04	
6.04	326	0.04	
6.05	327	0.04	
6.07	329	0.03	
6.09	330	0.03	
6.11	332	0.03	
6.13	333	0.03	
6.14	335	0.03	
6.16	336	0.02	
6.18	338	0.02	
6.20	339	0.02	
6.22	341	0.02	
6.23	342	0.02	
6.25	344	0.02	
6.27	345	0.01	
6.29	347	0.01	
6.31	348	0.01	
6.32	350	0.01	
6.34	351	0.01	
6.36	353	0.01	
6.37	354	0.00	
6.39	356	0.00	
6.41	357	0.00	
6.43	359	0.00	
6.44	360	-0.00	
6.46	362	-0.00	
6.48	363	-0.00	
6.50	365	-0.01	
6.51	366	-0.01	
6.53	368	-0.01	
6.55	369	-0.01	
6.56	371	-0.01	
6.58	372	-0.01	
6.60	374	-0.01	
6.61	375	-0.02	
6.63	377	-0.02	
6.65	378	-0.02	
6.66	380	-0.02	
6.68	381	-0.02	
6.70	383	-0.02	
6.71	384	-0.02	
6.73	386	-0.02	
6.75	387	-0.02	
6.76	389	-0.03	
6.78	390	-0.03	
6.80	392	-0.03	
6.81	393	-0.03	
6.83	395	-0.03	
6.85	396	-0.03	
6.86	398	-0.03	
6.88	399	-0.03	
6.90	401	-0.03	
6.91	402	-0.03	
6.93	404	-0.04	
6.94	405	-0.04	
6.96	407	-0.04	
6.98	408	-0.04	
6.99	410	-0.04	
7.01	411	-0.04	
7.02	413	-0.04	
7.04	414	-0.04	
7.06	416	-0.04	
7.07	417	-0.04	
7.09	419	-0.04	
7.10	420	-0.05	
7.12	422	-0.05	
7.13	423	-0.05	
7.15	425	-0.05	
7.17	426	-0.05	
7.18	428	-0.05	
7.20	429	-0.05	
7.21	431	-0.05	
7.23	432	-0.05	
7.24	434	-0.05	
7.26	435	-0.05	
7.27	437	-0.05	
7.29	438	-0.05	
7.30	440	-0.05	
7.32	441	-0.05	
7.33	443	-0.06	
7.35	444	-0.06	
7.36	446	-0.06	
7.38	447	-0.06	
7.39	449	-0.06	
7.41	450	-0.06	
7.42	452	-0.06	
7.44	453	-0.06	
7.45	455	-0.06	
7.47	456	-0.06	
7.48	458	-0.06	
7.50	459	-0.06	
7.51	461	-0.06	
7.53	462	-0.06	
7.54	464	-0.06	
7.56	465	-0.06	
7.57	467	-0.06	
7.59	468	-0.06	
7.60	470	-0.06	
7.62	471	-0.07	
7.63	473	-0.07	
7.65	474	-0.07	
7.66	476	-0.07	
7.67	477	-0.07	
7.69	479	-0.07	
7.70	480	-0.07	
7.72	482	-0.07	
7.73	483	-0.07	
7.75	485	-0.07	
7.76	486	-0.07	
7.78	488	-0.07	
7.79	489	-0.07	
7.80	491	-0.07	
7.82	492	-0.07	
7.83	494	-0.07	
7.85	495	-0.07	
7.86	497	-0.07	
7.88	498	-0.07	
7.89	500	-0.07	
7.90	501	-0.07	
7.92	503	-0.07	
7.93	504	-0.07	
7.95	506	-0.07	
7.96	507	-0.07	
7.97	509	-0.07	
7.99	510	-0.07	
8.00	512	-0.07	
8.02	513	-0.07	
8.03	515	-0.07	
8.04	516	-0.07	
8.06	518	-0.07	
8.07	519	-0.07	
8.09	521	-0.07	
8.10	522	-0.07	
8.11	524	-0.07	
8.13	525	-0.07	
8.14	527	-0.07	
8.16	528	-0.07	
8.17	530	-0.07	
8.18	531	-0.07	
8.20	533	-0.07	
8.21	534	-0.07	
8.22	536	-0.07	
8.24	537	-0.07	
8.25	539	-0.07	
8.27	540	-0.07	
8.28	542	-0.07	
8.29	543	-0.07	
8.31	545	-0.07	
8.32	546	-0.08	
8.33	548	-0.07	
8.35	549	-0.08	
8.36	551	-0.07	
8.38	552	-0.08	
8.39	554	-0.08	
8.40	555	-0.08	
8.42	557	-0.08	
8.43	558	-0.08	
8.44	560	-0.08	
8.46	561	-0.08	
8.47	563	-0.08	
8.48	564	-0.08	
8.50	566	-0.08	
8.51	567	-0.08	
8.52	569	-0.08	
8.54	570	-0.08	
8.55	572	-0.08	
8.56	573	-0.08	
8.58	575	-0.08	
8.59	576	-0.08	
8.60	578	-0.08	
8.62	579	-0.08	
8.63	581	-0.08	
8.65	582	-0.08	
8.66	584	-0.08	
8.67	585	-0.08	
8.69	587	-0.08	
8.70	588	-0.08	
8.71	590	-0.08	
8.73	591	-0.08	
8.74	593	-0.08	
8.75	594	-0.08	
8.77	596	-0.08	
8.78	597	-0.08	
8.79	599	-0.08	
8.81	600	-0.08	
8.82	602	-0.08	
8.83	603	-0.08	
8.84	605	-0.08	
8.86	606	-0.08	
8.87	608	-0.08	
8.88	609	-0.08	
8.90	611	-0.08	
8.91	612	-0.08	
8.92	614	-0.08	
8.94	615	-0.08	
8.95	617	-0.08	
8.96	618	-0.08	
8.98	620	-0.08	
8.99	621	-0.08	
9.00	623	-0.08	
9.02	624	-0.08	
9.03	626	-0.08	
9.04	627	-0.08	
9.06	629	-0.08	
9.07	630	-0.08	
9.08	632	-0.08	
9.10	633	-0.08	
9.11	635	-0.08	
9.12	636	-0.08	
9.14	638	-0.08	
9.15	639	-0.08	
9.16	641	-0.08	
9.17	642	-0.08	
9.19	644	-0.08	
9.20	645	-0.08	
9.21	647	-0.08	
9.23	648	-0.08	
9.24	650	-0.08	
9.25	651	-0.08	
9.27	653	-0.08	
9.28	654	-0.08	
9.29	656	-0.08	
9.31	657	-0.08	
9.32	659	-0.08	
9.33	660	-0.08	
9.35	662	-0.08	
9.36	663	-0.08	
9.37	665	-0.08	
9.39	666	-0.08	
9.40	668	-0.08	
9.41	669	-0.08	
9.43	671	-0.08	
9.44	672	-0.08	
9.45	674	-0.08	
9.46	675	-0.08	
9.48	677	-0.08	
9.49	678	-0.08	
9.50	680	-0.08	
9.52	681	-0.08	
9.53	683	-0.08	
9.54	684	-0.08	
9.56	686	-0.08	
9.57	687	-0.08	
9.58	689	-0.08	
9.60	690	-0.08	
9.61	692	-0.08	
9.62	693	-0.08	
9.63	695	-0.08	
9.65	696	-0.08	
9.66	698	-0.08	
9.67	699	-0.08	
9.69	701	-0.08	
9.70	702	-0.08	
9.71	704	-0.08	
9.73	705	-0.08	
9.74	707	-0.08	
9.75	708	-0.08	
9.77	710	-0.08	
9.78	711	-0.08	
9.79	713	-0.08	
9.80	714	-0.08	
9.82	716	-0.08	
9.83	717	-0.08	
9.84	719	-0.08	
9.86	720	-0.08	
9.87	722	-0.08	
9.88	723	-0.08	
9.90	725	-0.08	
9.91	726	-0.08	
9.92	728	-0.08	
9.93	729	-0.08	
9.95	731	-0.08	
9.96	732	-0.08	
9.97	734	-0.08	
9.99	735	-0.08	
10.00	737	-0.08	
10.01	738	-0.08	
10.02	740	-0.08	
10.04	741	-0.08	
10.05	743	-0.08	
10.06	744	-0.08	
10.08	746	-0.08	
10.09	747	-0.08	
10.10	749	-0.08	
10.12	750	-0.08	
10.13	752	-0.08	
10.14	753	-0.08	
10.15	755	-0.08	
10.17	756	-0.08	
10.18	758	-0.08	
10.19	759	-0.08	
10.21	761	-0.08	
10.22	762	-0.08	
10.23	764	-0.08	
10.24	765	-0.08	
10.26	767	-0.08	
10.27	768	-0.08	
10.28	770	-0.08	
10.30	771	-0.08	
10.31	773	-0.08	
10.32	774	-0.08	
10.33	776	-0.08	
10.35	777	-0.08	
10.36	779	-0.08	
10.37	780	-0.08	
10.39	782	-0.08	
10.40	783	-0.08	
10.41	785	-0.08	
10.42	786	-0.08	
10.44	788	-0.08	
10.45	789	-0.08	
10.46	791	-0.08	
10.48	792	-0.08	
10.49	794	-0.08	
10.50	795	-0.08	
10.51	797	-0.08	
10.53	798	-0.08	
10.54	800	-0.08	
10.55	801	-0.08	
10.57	803	-0.08	
10.58	804	-0.08	
10.59	806	-0.08	
10.60	807	-0.08	
10.62	809	-0.08	
10.63	810	-0.08	
10.64	812	-0.08	
10.66	813	-0.08	
10.67	815	-0.08	
10.68	816	-0.08	
10.69	818	-0.08	
10.71	819	-0.08	
10.72	821	-0.08	
10.73	822	-0.08	
10.74	824	-0.08	
10.76	825	-0.08	
10.77	827	-0.08	
10.78	828	-0.08	
10.80	830	-0.08	
10.81	831	-0.08	
10.82	833	-0.08	
10.83	834	-0.08	
10.85	836	-0.08	
10.86	837	-0.08	
10.87	839	-0.08	
10.88	840	-0.08	
10.90	842	-0.08	
10.91	843	-0.08	
10.92	845	-0.08	
10.94	846	-0.08	
10.95	848	-0.08	
10.96	849	-0.08	
10.97	851	-0.08	
10.99	852	-0.08	
11.00	854	-0.08	
11.01	855	-0.08	
11.03	857	-0.08	
11.04	858	-0.08	
11.05	860	-0.08	
11.06	861	-0.08	
11.08	863	-0.08	
11.09	864	-0.08	
11.10	866	-0.08	
11.12	867	-0.08	
11.13	869	-0.08	
11.14	870	-0.08	
11.15	872	-0.08	
11.17	873	-0.08	
11.18	875	-0.08	
11.19	876	-0.08	
11.20	878	-0.08	
11.22	879	-0.08	
11.23	881	-0.08	
11.24	882	-0.08	
11.25	884	-0.08	
11.27	885	-0.08	
11.28	887	-0.08	
11.29	888	-0.08	
11.31	890	-0.08	
11.32	891	-0.08	
11.33	893	-0.08	
11.34	894	-0.08	
11.36	896	-0.08	
11.37	897	-0.08	
11.38	899	-0.08	
11.40	900	-0.08	
11.41	902	-0.08	
11.42	903	-0.08	
11.43	905	-0.08	
11.45	906	-0.08	
11.46	908	-0.08	
11.47	909	-0.08	
11.48	911	-0.08	
11.50	912	-0.08	
11.51	914	-0.08	
11.52	915	-0.08	
11.54	917	-0.08	
11.55	918	-0.08	
11.56	920	-0.08	
11.57	921	-0.08	
11.59	923	-0.08	
11.60	924	-0.08	
11.61	926	-0.08	
11.62	927	-0.08	
11.64	929	-0.08	
11.65	930	-0.08	
11.66	932	-0.08	
11.68	933	-0.08	
11.69	935	-0.08	
11.70	936	-0.08	
11.71	938	-0.08	
11.73	939	-0.08	
11.74	941	-0.08	
11.75	942	-0.08	
11.76	944	-0.08	
11.78	945	-0.08	
11.79	947	-0.08	
11.80	948	-0.08	
11.82	950	-0.08	
11.83	951	-0.08	
11.84	953	-0.08	
11.85	954	-0.08	
11.87	956	-0.08	
11.88	957	-0.08	
11.89	959	-0.08	
11.90	960	-0.08	
11.92	962	-0.08	
11.93	963	-0.08	
11.94	965	-0.08	
11.96	966	-0.08	
11.97	968	-0.08	
11.98	969	-0.08	
11.99	971	-0.08	
12.01	972	-0.08	
12.02	974	-0.08	
12.03	975	-0.08	
12.04	977	-0.08	
12.06	978	-0.08	
12.07	980	-0.08	
12.08	981	-0.08	
12.10	983	-0.08	
12.11	984	-0.08	
12.12	986	-0.08	
12.13	987	-0.08	
12.15	989	-0.08	
12.16	990	-0.08	
12.17	992	-0.08	
12.18	993	-0.08	
12.20	995	-0.08	
12.21	996	-0.08	
12.22	998	-0.08	
12.23	999	-0.08	
12.25	1001	-0.08	
12.26	1002	-0.08	
12.27	1004	-0.08	
12.29	1005	-0.08	
12.30	1007	-0.08	
12.31	1008	-0.08	
12.32	1010	-0.08	
12.34	1011	-0.08	
12.35	1013	-0.08	
12.36	1014	-0.08	
12.37	1016	-0.08	
12.39	1017	-0.08	
12.40	1019	-0.08	
12.41	1020	-0.08	
12.43	1022	-0.08	
12.44	1023	-0.08	
12.45	1025	-0.08	
12.46	1026	-0.08	
12.48	1028	-0.08	
12.49	1029	-0.08	
12.50	1031	-0.08	
12.51	1032	-0.08	
12.53	1034	-0.08	
12.54	1035	-0.08	
12.55	1037	-0.08	
12.56	1038	-0.08	
12.58	1040	-0.08	
12.59	1041	-0.08	
12.60	1043	-0.08	
12.62	1044	-0.08	
12.63	1046	-0.08	
12.64	1047	-0.08	
12.65	1049	-0.08	
12.67	1050	-0.08	
12.68	1052	-0.08	
12.69	1053	-0.08	
12.70	1055	-0.08	
12.72	1056	-0.08	
12.73	1058	-0.08	
12.74	1059	-0.08	
12.76	1061	-0.08	
12.77	1062	-0.08	
12.78	1064	-0.08	
12.79	1065	-0.08	
12.81	1067	-0.08	
12.82	1068	-0.08	
12.83	1070	-0.08	
12.84	1071	-0.08	
12.86	1073	-0.08	
12.87	1074	-0.08	
12.88	1076	-0.08	
12.89	1077	-0.08	
12.91	1079	-0.08	
12.92	1080	-0.08	
12.93	1082	-0.08	
12.95	1083	-0.08	
12.96	1085	-0.08	
12.97	1086	-0.08	
12.98	1088	-0.08	
13.00	1089	-0.08	
13.01	1091	-0.08	
13.02	1092	-0.08	
13.03	1094	-0.08	
13.05	1095	-0.08	
13.06	1097	-0.08	
13.07	1098	-0.08	
13.08	1100	-0.08	
13.10	1101	-0.08	
13.11	1103	-0.08	
13.12	1104	-0.08	
13.14	1106	-0.08	
13.15	1107	-0.08	
13.16	1109	-0.08	
13.17	1110	-0.08	
13.19	1112	-0.08	
13.20	1113	-0.08	
13.21	1115	-0.08	
13.22	1116	-0.08	
13.24	1118	-0.08	
13.25	1119	-0.08	
13.26	1121	-0.08	
13.27	1122	-0.08	
13.29	1124	-0.08	
13.30	1125	-0.08	
13.31	1127	-0.08	
13.33	1128	-0.08	
13.34	1130	-0.08	
13.35	1131	-0.08	
13.36	1133	-0.08	
13.38	1134	-0.08	
13.39	1136	-0.08	
13.40	1137	-0.08	
13.41	1139	-0.08	
13.43	1140	-0.08	
13.44	1142	-0.08	
13.45	1143	-0.08	
13.46	1145	-0.08	
13.48	1146	-0.08	
13.49	1148	-0.08	
13.50	1149	-0.08	
13.52	1151	-0.08	
13.53	1152	-0.08	
13.54	1154	-0.08	
13.55	1155	-0.08	
13.57	1157	-0.08	
13.58	1158	-0.08	
13.59	1160	-0.08	
13.60	1161	-0.08	
13.62	1163	-0.08	
13.63	1164	-0.08	
13.64	1166	-0.08	
13.66	1167	-0.08	
13.67	1169	-0.08	
13.68	1170	-0.08	
13.69	1172	-0.08	
13.71	1173	-0.08	
13.72	1175	-0.08	
13.73	1176	-0.08	
13.74	1178	-0.08	
13.76	1179	-0.08	
13.77	1181	-0.08	
13.78	1182	-0.08	
13.80	1184	-0.08	
13.81	1185	-0.08	
13.82	1187	-0.08	
13.83	1188	-0.08	
13.84	1190	-0.08	
13.86	1191	-0.08	
13.87	1193	-0.08	
13.88	1194	-0.08	
13.90	1196	-0.08	
13.91	1197	-0.08	
13.92	1199	-0.08	
13.93	1200	-0.08	
13.95	1202	-0.08	
13.96	1203	-0.08	
13.97	1205	-0.08	
13.98	1206	-0.08	
14.00	1208	-0.08	
14.01	1209	-0.08	
14.02	1211	-0.08	
14.03	1212	-0.08	
14.05	1214	-0.08	
14.06	1215	-0.08	
14.07	1217	-0.08	
14.09	1218	-0.08	
14.10	1220	-0.08	
14.11	1221	-0.08	
14.12	1223	-0.08	
14.14	1224	-0.08	
14.15	1226	-0.08	
14.16	1227	-0.08	
14.18	1229	-0.08	
14.19	1230	-0.08	
14.20	1232	-0.08	
14.21	1233	-0.08	
14.23	1235	-0.08	
14.24	1236	-0.08	
14.25	1238	-0.08	
14.26	1239	-0.08	
14.28	1241	-0.08	
14.29	1242	-0.08	
14.30	1244	-0.08	
14.31	1245	-0.08	
14.33	1247	-0.08	
14.34	1248	-0.08	
14.35	1250	-0.08	
14.36	1251	-0.08	
14.38	1253	-0.08	
14.39	1254	-0.08	
14.40	1256	-0.08	
14.42	1257	-0.08	
14.43	1259	-0.08	
14.44	1260	-0.08	
14.45	1262	-0.08	
14.47	1263	-0.08	
14.48	1265	-0.08	
14.49	1266	-0.08	
14.50	1268	-0.08	
14.52	1269	-0.08	
14.53	1271	-0.08	
14.54	1272	-0.08	
14.55	1274	-0.08	
14.57	1275	-0.08	
14.58	1277	-0.08	
14.59	1278	-0.08	
14.61	1280	-0.08	
14.62	1281	-0.08	
14.63	1283	-0.08	
14.64	1284	-0.08	
14.66	1286	-0.08	
14.67	1287	-0.08	
14.68	1289	-0.08	
14.69	1290	-0.08	
14.71	1292	-0.08	
14.72	1293	-0.08	
14.73	1295	-0.08	
14.75	1296	-0.08	
14.76	1298	-0.08	
14.77	1299	-0.08	
14.78	1301	-0.08	
14.80	1302	-0.08	
14.81	1304	-0.08	
14.82	1305	-0.08	
14.83	1307	-0.08	
14.85	1308	-0.08	
14.86	1310	-0.08	
14.87	1311	-0.08	
14.88	1313	-0.08	
14.90	1314	-0.08	
14.91	1316	-0.08	
14.92	1317	-0.08	
14.94	1319	-0.08	
14.95	1320	-0.08	
14.96	1322	-0.08	
14.97	1323	-0.08	
14.99	1325	-0.08	
15.00	1326	-0.08	
15.01	1328	-0.08	
15.02	1329	-0.08	
15.04	1331	-0.08	
15.05	1332	-0.08	
15.06	1334	-0.08	
15.07	1335	-0.08	
15.09	1337	-0.08	
15.10	1338	-0.08	
15.11	1340	-0.08	
15.13	1341	-0.08	
15.14	1343	-0.08	
15.15	1344	-0.08	
15.16	1346	-0.08	
15.18	1347	-0.08	
15.19	1349	-0.08	
15.20	1350	-0.08	
15.21	1352	-0.08	
15.23	1353	-0.08	
15.24	1355	-0.08	
15.25	1356	-0.08	
15.26	1358	-0.08	
15.28	1359	-0.08	
15.29	1361	-0.08	
15.30	1362	-0.08	
15.32	1364	-0.08	
15.33	1365	-0.08	
15.34	1367	-0.08	
15.35	1368	-0.08	
15.37	1370	-0.08	
15.38	1371	-0.08	
15.39	1373	-0.08	
15.40	1374	-0.08	
15.42	1376	-0.08	
15.43	1377	-0.08	
15.44	1379	-0.08	
15.45	1380	-0.08	
15.47	1382	-0.08	
15.48	1383	-0.08	
15.49	1385	-0.08	
15.51	1386	-0.08	
15.52	1388	-0.08	
15.53	1389	-0.08	
15.54	1391	-0.08	
15.56	1392	-0.08	
15.57	1394	-0.08	
15.58	1395	-0.08	
15.59	1397	-0.08	
15.61	1398	-0.08	
15.62	1400	-0.08	
15.63	1401	-0.09	
15.64	1403	-0.09	
15.66	1404	-0.09	
15.67	1406	-0.09	
15.68	1407	-0.09	
15.70	1409	-0.08	
15.71	1410	-0.08	
15.72	1412	-0.08	
15.73	1413	-0.08	
15.75	1415	-0.08	
15.76	1416	-0.08	
15.77	1418	-0.08	
15.78	1419	-0.09	
15.80	1421	-0.09	
15.81	1422	-0.09	
15.82	1424	-0.09	
15.83	1425	-0.09	
15.85	1427	-0.09	
15.86	1428	-0.09	
15.87	1430	-0.09	
15.89	1431	-0.09	
15.90	1433	-0.09	
15.91	1434	-0.09	
15.92	1436	-0.09	
15.94	1437	-0.09	
15.95	1439	-0.09	
15.96	1440	-0.09	
15.97	1442	-0.09	
15.99	1443	-0.09	
16.00	1445	-0.09	
16.01	1446	-0.09	
16.02	1448	-0.09	
16.04	1449	-0.09	
16.05	1451	-0.09	
16.06	1452	-0.09	
16.08	1454	-0.09	
16.09	1455	-0.09	
16.10	1457	-0.09	
16.11	1458	-0.09	
16.13	1460	-0.09	
16.14	1461	-0.09	
16.15	1463	-0.09	
16.16	1464	-0.09	
16.18	1466	-0.09	
16.19	1467	-0.09	
16.20	1469	-0.09	
16.21	1470	-0.09	
16.23	1472	-0.09	
16.24	1473	-0.09	
16.25	1475	-0.09	
16.27	1476	-0.09	
16.28	1478	-0.09	
16.29	1479	-0.09	
16.30	1481	-0.09	
16.32	1482	-0.09	
16.33	1484	-0.09	
16.34	1485	-0.09	
16.35	1487	-0.09	
16.37	1488	-0.09	
16.38	1490	-0.09	
16.39	1491	-0.09	
16.40	1493	-0.09	
16.42	1494	-0.09	
16.43	1496	-0.09	
16.44	1497	-0.09	
16.46	1499	-0.09	
16.47	1500	-0.09	
16.48	1502	-0.09	
16.49	1503	-0.09	
16.51	1505	-0.09	
16.52	1506	-0.09	
16.53	1508	-0.09	
16.54	1509	-0.09	
16.56	1511	-0.09	
16.57	1512	-0.09	
16.58	1514	-0.09	
16.59	1515	-0.09	
16.61	1517	-0.09	
16.62	1518	-0.09	
16.63	1520	-0.09	
16.65	1521	-0.09	
16.66	1523	-0.09	
16.67	1524	-0.09	
16.68	1526	-0.09	
16.70	1527	-0.09	
16.71	1529	-0.09	
16.72	1530	-0.09	
16.73	1532	-0.09	
16.75	1533	-0.09	
16.76	1535	-0.09	
16.77	1536	-0.09	
16.78	1538	-0.09	
16.80	1539	-0.09	
16.81	1541	-0.09	
16.82	1542	-0.09	
16.84	1544	-0.09	
16.85	1545	-0.09	
16.86	1547	-0.09	
16.87	1548	-0.09	
16.89	1550	-0.09	
16.90	1551	-0.09	
16.91	1553	-0.09	
16.92	1554	-0.09	
16.94	1556	-0.09	
16.95	1557	-0.09	
16.96	1559	-0.09	
16.97	1560	-0.09	
16.99	1562	-0.09	
17.00	1563	-0.09	
17.01	1565	-0.09	
17.03	1566	-0.09	
17.04	1568	-0.09	
17.05	1569	-0.09	
17.06	1571	-0.09	
17.08	1572	-0.09	
17.09	1574	-0.09	
17.10	1575	-0.09	
17.11	1577	-0.09	
17.13	1578	-0.09	
17.14	1580	-0.09	
17.15	1581	-0.09	
17.16	1583	-0.09	
17.18	1584	-0.09	
17.19	1586	-0.09	
17.20	1587	-0.09	
17.22	1589	-0.09	
17.23	1590	-0.09	
17.24	1592	-0.09	
17.25	1593	-0.09	
17.27	1595	-0.09	
17.28	1596	-0.09	
17.29	1598	-0.09	
17.30	1599	-0.09	
17.32	1601	-0.09	
17.33	1602	-0.09	
17.34	1604	-0.09	
17.35	1605	-0.09	
17.37	1607	-0.09	
17.38	1608	-0.09	
17.39	1610	-0.09	
17.41	1611	-0.09	
17.42	1613	-0.09	
17.43	1614	-0.09	
17.44	1616	-0.09	
17.46	1617	-0.09	
17.47	1619	-0.09	
17.48	1620	-0.09	
17.49	1622	-0.09	
17.51	1623	-0.09	
17.52	1625	-0.09	
17.53	1626	-0.09	
17.54	1628	-0.09	
17.56	1629	-0.09	
17.57	1631	-0.09	
17.58	1632	-0.09	
17.60	1634	-0.09	
17.61	1635	-0.09	
17.62	1637	-0.09	
17.63	1638	-0.09	
17.65	1640	-0.09	
17.66	1641	-0.09	
17.67	1643	-0.09	
17.68	1644	-0.09	
17.70	1646	-0.09	
17.71	1647	-0.09	
17.72	1649	-0.09	
17.73	1650	-0.09	
17.75	1652	-0.09	
17.76	1653	-0.09	
17.77	1655	-0.09	
17.79	1656	-0.09	
17.80	1658	-0.09	
17.81	1659	-0.09	
17.82	1661	-0.09	
17.84	1662	-0.09	
17.85	1664	-0.09	
17.86	1665	-0.09	
17.87	1667	-0.09	
17.89	1668	-0.09	
17.90	1670	-0.09	
17.91	1671	-0.09	
17.92	1673	-0.09	
17.94	1674	-0.09	
17.95	1676	-0.09	
17.96	1677	-0.09	
17.98	1679	-0.09	
17.99	1680	-0.09	
18.00	1682	-0.09	
18.01	1683	-0.09	
18.03	1685	-0.09	
18.04	1686	-0.09	
18.05	1688	-0.09	
18.06	1689	-0.09	
18.08	1691	-0.09	
18.09	1692	-0.09	
18.10	1694	-0.09	
18.11	1695	-0.09	
18.13	1697	-0.09	
18.14	1698	-0.09	
18.15	1700	-0.09	
18.17	1701	-0.09	
18.18	1703	-0.09	
18.19	1704	-0.09	
18.20	1706	-0.09	
18.22	1707	-0.09	
18.23	1709	-0.09	
18.24	1710	-0.09	
18.25	1712	-0.09	
18.27	1713	-0.09	
18.28	1715	-0.09	
18.29	1716	-0.09	
18.30	1718	-0.09	
18.32	1719	-0.09	
18.33	1721	-0.09	
18.34	1722	-0.09	
18.36	1724	-0.09	
18.37	1725	-0.09	
18.38	1727	-0.09	
18.39	1728	-0.09	
18.41	1730	-0.09	
18.42	1731	-0.09	
18.43	1733	-0.09	
18.44	1734	-0.09	
18.46	1736	-0.09	
18.47	1737	-0.09	
18.48	1739	-0.09	
18.49	1740	-0.09	
18.51	1742	-0.09	
18.52	1743	-0.09	
18.53	1745	-0.09	
18.55	1746	-0.09	
18.56	1748	-0.09	
18.57	1749	-0.09	
18.58	1751	-0.09	
18.60	1752	-0.09	
18.61	1754	-0.09	
18.62	1755	-0.09	
18.63	1757	-0.09	
18.65	1758	-0.09	
18.66	1760	-0.09	
18.67	1761	-0.09	
18.68	1763	-0.09	
18.70	1764	-0.09	
18.71	1766	-0.09	
18.72	1767	-0.09	
18.73	1769	-0.09	
18.75	1770	-0.09	
18.76	1772	-0.09	
18.77	1773	-0.09	
18.79	1775	-0.09	
18.80	1776	-0.09	
18.81	1778	-0.09	
18.82	1779	-0.09	
18.84	1781	-0.09	
18.85	1782	-0.09	
18.86	1784	-0.09	
18.87	1785	-0.09	
18.89	1787	-0.09	
18.90	1788	-0.09	
18.91	1790	-0.09	
18.93	1791	-0.09	
18.94	1793	-0.09	
18.95	1794	-0.09	
18.96	1796	-0.09	
18.97	1797	-0.09	
18.99	1799	-0.09	
19.00	1800	-0.09	
19.01	1802	-0.09	
19.03	1803	-0.09	
19.04	1805	-0.09	
19.05	1806	-0.09	
19.06	1808	-0.09	
19.08	1809	-0.09	
19.09	1811	-0.09	
19.10	1812	-0.09	
19.11	1814	-0.09	
19.13	1815	-0.09	
19.14	1817	-0.09	
19.15	1818	-0.09	
19.16	1820	-0.09	
19.18	1821	-0.09	
19.19	1823	-0.09	
19.20	1824	-0.09	
19.22	1826	-0.09	
19.23	1827	-0.09	
19.24	1829	-0.09	
19.25	1830	-0.09	
19.27	1832	-0.09	
19.28	1833	-0.09	
19.29	1835	-0.09	
19.30	1836	-0.09	
19.32	1838	-0.09	
19.33	1839	-0.09	
19.34	1841	-0.09	
19.35	1842	-0.09	
19.37	1844	-0.09	
19.38	1845	-0.09	
19.39	1847	-0.09	
19.41	1848	-0.09	
19.42	1850	-0.09	
19.43	1851	-0.09	
19.44	1853	-0.09	
19.46	1854	-0.09	
19.47	1856	-0.09	
19.48	1857	-0.09	
19.49	1859	-0.09	
19.51	1860	-0.09	
19.52	1862	-0.09	
19.53	1863	-0.09	
19.54	1865	-0.09	
19.56	1866	-0.09	
19.57	1868	-0.09	
19.58	1869	-0.09	
19.60	1871	-0.09	
19.61	1872	-0.09	
19.62	1874	-0.09	
19.63	1875	-0.09	
19.65	1877	-0.09	
19.66	1878	-0.09	
19.67	1880	-0.09	
19.68	1881	-0.09	
19.70	1883	-0.10	
19.71	1884	-0.10	
19.72	1886	-0.10	
19.73	1887	-0.10	
19.75	1889	-0.09	
19.76	1890	-0.10	
19.77	1892	-0.10	
19.79	1893	-0.10	
19.80	1895	-0.10	
19.81	1896	-0.10	
19.82	1898	-0.09	
19.84	1899	-0.09	
19.85	1901	-0.09	
19.86	1902	-0.09	
19.87	1904	-0.10	
19.89	1905	-0.10	
19.90	1907	-0.10	
19.91	1908	-0.10	
19.92	1910	-0.10	
19.94	1911	-0.10	
19.95	1913	-0.10	
19.96	1914	-0.10	
19.98	1916	-0.10	
19.99	1917	-0.10	
20.00	1919	-0.10	
20.01	1920	-0.09	
20.03	1922	-0.10	
20.04	1923	-0.10	
20.05	1925	-0.10	
20.06	1926	-0.10	
20.08	1928	-0.10	
20.09	1929	-0.10	
20.10	1931	-0.10	
20.11	1932	-0.10	
20.13	1934	-0.10	
20.14	1935	-0.10	
20.15	1937	-0.10	
20.16	1938	-0.10	
20.18	1940	-0.10	
20.19	1941	-0.10	
20.20	1943	-0.10	
20.22	1944	-0.10	
20.23	1946	-0.10	
20.24	1947	-0.10	
20.25	1949	-0.10	
20.27	1950	-0.10	
20.28	1952	-0.10	
20.29	1953	-0.10	
20.30	1955	-0.10	
20.32	1956	-0.10	
20.33	1958	-0.10	
20.34	1959	-0.10	
20.36	1961	-0.10	
20.37	1962	-0.10	
20.38	1964	-0.10	
20.39	1965	-0.10	
20.41	1967	-0.10	
20.42	1968	-0.10	
20.43	1970	-0.10	
20.44	1971	-0.10	
20.46	1973	-0.10	
20.47	1974	-0.10	
20.48	1976	-0.10	
20.49	1977	-0.10	
20.51	1979	-0.10	
20.52	1980	-0.10	
20.53	1982	-0.10	
20.54	1983	-0.10	
20.56	1985	-0.10	
20.57	1986	-0.10	
20.58	1988	-0.10	
20.60	1989	-0.10	
20.61	1991	-0.10	
20.62	1992	-0.10	
20.63	1994	-0.10	
20.65	1995	-0.10	
20.66	1997	-0.10	
20.67	1998	-0.10	
20.68	2000	-0.10	
20.70	2001	-0.10	
20.71	2003	-0.10	
20.72	2004	-0.10	
20.73	2006	-0.10	
20.75	2007	-0.10	
20.76	2009	-0.10	
20.77	2010	-0.10	
20.79	2012	-0.10	
20.80	2013	-0.10	
20.81	2015	-0.10	
20.82	2016	-0.10	
20.84	2018	-0.10	
20.85	2019	-0.10	
20.86	2021	-0.10	
20.87	2022	-0.10	
20.89	2024	-0.10	
20.90	2025	-0.10	
20.91	2027	-0.10	
20.92	2028	-0.10	
20.94	2030	-0.10	
20.95	2031	-0.10	
20.96	2033	-0.10	
20.98	2034	-0.10	
20.99	2036	-0.10	
21.00	2037	-0.10	
21.01	2039	-0.10	
21.03	2040	-0.10	
21.04	2042	-0.10	
21.05	2043	-0.10	
21.06	2045	-0.10	
21.08	2046	-0.10	
21.09	2048	-0.10	
21.10	2049	-0.10	
21.12	2051	-0.10	
21.13	2052	-0.10	
21.14	2054	-0.10	
21.15	2055	-0.10	
21.17	2057	-0.10	
21.18	2058	-0.10	
21.19	2060	-0.10	
21.20	2061	-0.10	
21.22	2063	-0.10	
21.23	2064	-0.10	
21.24	2066	-0.10	
21.25	2067	-0.10	
21.27	2069	-0.10	
21.28	2070	-0.10	
21.29	2072	-0.10	
21.31	2073	-0.10	
21.32	2075	-0.10	
21.33	2076	-0.10	
21.34	2078	-0.10	
21.36	2079	-0.10	
21.37	2081	-0.10	
21.38	2082	-0.10	
21.39	2084	-0.10	
21.41	2085	-0.10	
21.42	2087	-0.10	
21.43	2088	-0.10	
21.44	2090	-0.10	
21.46	2091	-0.10	
21.47	2093	-0.10	
21.48	2094	-0.10	
21.50	2096	-0.10	
21.51	2097	-0.10	
21.52	2099	-0.10	
21.53	2100	-0.10	
21.55	2102	-0.10	
21.56	2103	-0.10	
21.57	2105	-0.10	
21.58	2106	-0.10	
21.60	2108	-0.10	
21.61	2109	-0.10	
21.62	2111	-0.10	
21.63	2112	-0.10	
21.65	2114	-0.10	
21.66	2115	-0.10	
21.67	2117	-0.10	
21.68	2118	-0.10	
21.70	2120	-0.10	
21.71	2121	-0.10	
21.72	2123	-0.10	
21.74	2124	-0.10	
21.75	2126	-0.10	
21.76	2127	-0.10	
21.77	2129	-0.10	
21.79	2130	-0.10	
21.80	2132	-0.10	
21.81	2133	-0.10	
21.82	2135	-0.10	
21.84	2136	-0.10	
21.85	2138	-0.10	
21.86	2139	-0.10	
21.87	2141	-0.10	
21.89	2142	-0.10	
21.90	2144	-0.10	
21.91	2145	-0.10	
21.92	2147	-0.10	
21.94	2148	-0.10	
21.95	2150	-0.10	
21.96	2151	-0.10	
21.97	2153	-0.10	
21.99	2154	-0.10	
22.00	2156	-0.10	
22.01	2157	-0.10	
22.03	2159	-0.10	
22.04	2160	-0.10	
22.05	2162	-0.10	
22.06	2163	-0.10	
22.08	2165	-0.10	
22.09	2166	-0.10	
22.10	2168	-0.10	
22.11	2169	-0.10	
22.13	2171	-0.10	
22.14	2172	-0.10	
22.15	2174	-0.10	
22.16	2175	-0.10	
22.18	2177	-0.10	
22.19	2178	-0.10	
22.20	2180	-0.10	
22.22	2181	-0.10	
22.23	2183	-0.10	
22.24	2184	-0.10	
22.25	2186	-0.10	
22.27	2187	-0.10	
22.28	2189	-0.10	
22.29	2190	-0.10	
22.30	2192	-0.10	
22.32	2193	-0.10	
22.33	2195	-0.10	
22.34	2196	-0.10	
22.35	2198	-0.10	
22.37	2199	-0.10	
22.38	2201	-0.10	
22.39	2202	-0.10	
22.41	2204	-0.10	
22.42	2205	-0.10	
22.43	2207	-0.10	
22.44	2208	-0.10	
22.46	2210	-0.10	
22.47	2211	-0.10	
22.48	2213	-0.10	
22.49	2214	-0.10	
22.51	2216	-0.10	
22.52	2217	-0.10	
22.53	2219	-0.10	
22.54	2220	-0.10	
22.56	2222	-0.10	
22.57	2223	-0.10	
22.58	2225	-0.10	
22.60	2226	-0.10	
22.61	2228	-0.10	
22.62	2229	-0.10	
22.63	2231	-0.10	
22.65	2232	-0.10	
22.66	2234	-0.10	
22.67	2235	-0.11	
22.68	2237	-0.11	
22.70	2238	-0.11	
22.71	2240	-0.11	
22.72	2241	-0.10	
22.73	2243	-0.10	
22.75	2244	-0.10	
22.76	2246	-0.10	
22.77	2247	-0.10	
22.79	2249	-0.10	
22.80	2250	-0.10	
22.81	2252	-0.10	
22.82	2253	-0.11	
22.84	2255	-0.11	
22.85	2256	-0.10	
22.86	2258	-0.10	
22.87	2259	-0.10	
22.89	2261	-0.10	
22.90	2262	-0.10	
22.91	2264	-0.11	
22.92	2265	-0.11	
22.94	2267	-0.11	
22.95	2268	-0.10	
22.96	2270	-0.10	
22.98	2271	-0.11	
22.99	2273	-0.11	
23.00	2274	-0.11	
23.01	2276	-0.10	
23.03	2277	-0.10	
23.04	2279	-0.11	
23.05	2280	-0.11	
23.06	2282	-0.11	
23.08	2283	-0.11	
23.09	2285	-0.11	
23.10	2286	-0.11	
23.11	2288	-0.11	
23.13	2289	-0.11	
23.14	2291	-0.11	
23.15	2292	-0.11	
23.17	2294	-0.11	
23.18	2295	-0.11	
23.19	2297	-0.11	
23.20	2298	-0.11	
23.22	2300	-0.11	
23.23	2301	-0.11	
23.24	2303	-0.11	
23.25	2304	-0.11	
23.27	2306	-0.11	
23.28	2307	-0.11	
23.29	2309	-0.11	
23.30	2310	-0.11	
23.32	2312	-0.11	
23.33	2313	-0.11	
23.34	2315	-0.11	
23.36	2316	-0.11	
23.37	2318	-0.11	
23.38	2319	-0.11	
23.39	2321	-0.11	
23.41	2322	-0.11	
23.42	2324	-0.11	
23.43	2325	-0.11	
23.44	2327	-0.11	
23.46	2328	-0.11	
23.47	2330	-0.11	
23.48	2331	-0.11	
23.49	2333	-0.11	
23.51	2334	-0.11	
23.52	2336	-0.11	
23.53	2337	-0.11	
23.55	2339	-0.11	
23.56	2340	-0.11	
23.57	2342	-0.11	
23.58	2343	-0.11	
23.60	2345	-0.11	
23.61	2346	-0.11	
23.62	2348	-0.11	
23.63	2349	-0.11	
23.65	2351	-0.11	
23.66	2352	-0.11	
23.67	2354	-0.11	
23.68	2355	-0.11	
23.70	2357	-0.11	
23.71	2358	-0.11	
23.72	2360	-0.11	
23.74	2361	-0.11	
23.75	2363	-0.11	
23.76	2364	-0.11	
23.77	2366	-0.11	
23.79	2367	-0.11	
23.80	2369	-0.11	
23.81	2370	-0.11	
23.82	2372	-0.11	
23.84	2373	-0.11	
23.85	2375	-0.11	
23.86	2376	-0.11	
23.87	2378	-0.11	
23.89	2379	-0.11	
23.90	2381	-0.11	
23.91	2382	-0.11	
23.92	2384	-0.11	
23.94	2385	-0.11	
23.95	2387	-0.11	
23.96	2388	-0.11	
23.98	2390	-0.11	
23.99	2391	-0.11	
24.00	2393	-0.11	
24.01	2394	-0.11	
24.03	2396	-0.11	
24.04	2397	-0.11	
24.05	2399	-0.11	
24.06	2400	-0.11	
24.08	2402	-0.11	
24.09	2403	-0.11	
24.10	2405	-0.11	
24.11	2406	-0.11	
24.13	2408	-0.11	
24.14	2409	-0.11	
24.15	2411	-0.11	
24.16	2412	-0.11	
24.18	2414	-0.11	
24.19	2415	-0.11	
24.20	2417	-0.11	
24.22	2418	-0.11	
24.23	2420	-0.11	
24.24	2421	-0.11	
24.25	2423	-0.11	
24.27	2424	-0.11	
24.28	2426	-0.11	
24.29	2427	-0.11	
24.30	2429	-0.11	
24.32	2430	-0.11	
24.33	2432	-0.11	
24.34	2433	-0.11	
24.35	2435	-0.11	
24.37	2436	-0.11	
24.38	2438	-0.11	
24.39	2439	-0.11	
24.40	2441	-0.11	
24.42	2442	-0.11	
24.43	2444	-0.11	
24.44	2445	-0.11	
24.46	2447	-0.11	
24.47	2448	-0.11	
24.48	2450	-0.11	
24.49	2451	-0.11	
24.51	2453	-0.11	
24.52	2454	-0.11	
24.53	2456	-0.11	
24.54	2457	-0.11	
24.56	2459	-0.11	
24.57	2460	-0.11	
24.58	2462	-0.11	
24.60	2463	-0.11	
24.61	2465	-0.11	
24.62	2466	-0.11	
24.63	2468	-0.11	
24.65	2469	-0.11	
24.66	2471	-0.11	
24.67	2472	-0.11	
24.68	2474	-0.11	
24.70	2475	-0.11	
24.71	2477	-0.11	
24.72	2478	-0.11	
24.73	2480	-0.11	
24.75	2481	-0.11	
24.76	2483	-0.11	
24.77	2484	-0.11	
24.78	2486	-0.11	
24.80	2487	-0.11	
24.81	2489	-0.11	
24.82	2490	-0.11	
24.84	2492	-0.11	
24.85	2493	-0.11	
24.86	2495	-0.11	
24.87	2496	-0.11	
24.89	2498	-0.11	
24.90	2499	-0.11	
24.91	2501	-0.11	
24.92	2502	-0.11	
24.94	2504	-0.11	
24.95	2505	-0.11	
24.96	2507	-0.11	
24.97	2508	-0.11	
24.99	2510	-0.11	
25.00	2511	-0.11	
25.01	2513	-0.11	
25.03	2514	-0.11	
25.04	2516	-0.11	
25.05	2517	-0.11	
25.06	2519	-0.11	
25.08	2520	-0.11	
25.09	2522	-0.11	
25.10	2523	-0.11	
25.11	2525	-0.11	
25.13	2526	-0.11	
25.14	2528	-0.11	
25.15	2529	-0.11	
25.16	2531	-0.11	
25.18	2532	-0.11	
25.19	2534	-0.11	
25.20	2535	-0.11	
25.22	2537	-0.11	
25.23	2538	-0.11	
25.24	2540	-0.11	
25.25	2541	-0.11	
25.27	2543	-0.11	
25.28	2544	-0.11	
25.29	2546	-0.11	
25.30	2547	-0.11	
25.32	2549	-0.11	
25.33	2550	-0.11	
25.34	2552	-0.11	
25.35	2553	-0.11	
25.37	2555	-0.11	
25.38	2556	-0.11	
25.39	2558	-0.11	
25.41	2559	-0.11	
25.42	2561	-0.11	
25.43	2562	-0.11	
25.44	2564	-0.11	
25.46	2565	-0.11	
25.47	2567	-0.11	
25.48	2568	-0.11	
25.49	2570	-0.11	
25.51	2571	-0.11	
25.52	2573	-0.11	
25.53	2574	-0.11	
25.54	2576	-0.11	
25.56	2577	-0.11	
25.57	2579	-0.11	
25.58	2580	-0.11	
25.59	2582	-0.11	
25.61	2583	-0.11	
25.62	2585	-0.11	
25.63	2586	-0.11	
25.65	2588	-0.11	
25.66	2589	-0.11	
25.67	2591	-0.12	
25.68	2592	-0.12	
25.70	2594	-0.11	
25.71	2595	-0.11	
25.72	2597	-0.11	
25.73	2598	-0.12	
25.75	2600	-0.12	
25.76	2601	-0.11	
25.77	2603	-0.11	
25.78	2604	-0.12	
25.80	2606	-0.12	
25.81	2607	-0.12	
25.82	2609	-0.12	
25.83	2610	-0.12	
25.85	2612	-0.12	
25.86	2613	-0.12	
25.87	2615	-0.12	
25.89	2616	-0.12	
25.90	2618	-0.12	
25.91	2619	-0.12	
25.92	2621	-0.11	
25.94	2622	-0.11	
25.95	2624	-0.11	
25.96	2625	-0.11	
25.97	2627	-0.11	
25.99	2628	-0.12	
26.00	2630	-0.12	
26.01	2631	-0.12	
26.03	2633	-0.12	
26.04	2634	-0.12	
26.05	2636	-0.12	
26.06	2637	-0.12	
26.08	2639	-0.11	
26.09	2640	-0.11	
26.10	2642	-0.11	
26.11	2643	-0.12	
26.13	2645	-0.12	
26.14	2646	-0.12	
26.15	2648	-0.12	
26.16	2649	-0.12	
26.18	2651	-0.12	
26.19	2652	-0.12	
26.20	2654	-0.12	
26.21	2655	-0.12	
26.23	2657	-0.12	
26.24	2658	-0.12	
26.25	2660	-0.12	
26.27	2661	-0.12	
26.28	2663	-0.12	
26.29	2664	-0.12	
26.30	2666	-0.12	
26.32	2667	-0.12	
26.33	2669	-0.12	
26.34	2670	-0.12	
26.35	2672	-0.12	
26.37	2673	-0.12	
26.38	2675	-0.12	
26.39	2676	-0.12	
26.40	2678	-0.12	
26.42	2679	-0.12	
26.43	2681	-0.12	
26.44	2682	-0.12	
26.46	2684	-0.12	
26.47	2685	-0.12	
26.48	2687	-0.12	
26.49	2688	-0.12	
26.51	2690	-0.12	
26.52	2691	-0.12	
26.53	2693	-0.12	
26.54	2694	-0.12	
26.56	2696	-0.12	
26.57	2697	-0.12	
26.58	2699	-0.12	
26.59	2700	-0.12	
26.61	2702	-0.12	
26.62	2703	-0.12	
26.63	2705	-0.12	
26.65	2706	-0.12	
26.66	2708	-0.12	
26.67	2709	-0.12	
26.68	2711	-0.12	
26.70	2712	-0.12	
26.71	2714	-0.12	
26.72	2715	-0.12	
26.73	2717	-0.12	
26.75	2718	-0.12	
26.76	2720	-0.12	
26.77	2721	-0.12	
26.78	2723	-0.12	
26.80	2724	-0.12	
26.81	2726	-0.12	
26.82	2727	-0.12	
26.84	2729	-0.12	
26.85	2730	-0.12	
26.86	2732	-0.12	
26.87	2733	-0.12	
26.89	2735	-0.12	
26.90	2736	-0.12	
26.91	2738	-0.12	
26.92	2739	-0.12	
26.94	2741	-0.12	
26.95	2742	-0.12	
26.96	2744	-0.12	
26.97	2745	-0.12	
26.99	2747	-0.12	
27.00	2748	-0.12	
27.01	2750	-0.12	
27.03	2751	-0.12	
27.04	2753	-0.12	
27.05	2754	-0.12	
27.06	2756	-0.12	
27.08	2757	-0.12	
27.09	2759	-0.12	
27.10	2760	-0.12	
27.11	2762	-0.12	
27.13	2763	-0.12	
27.14	2765	-0.12	
27.15	2766	-0.12	
27.16	2768	-0.12	
27.18	2769	-0.12	
27.19	2771	-0.12	
27.20	2772	-0.12	
27.22	2774	-0.12	
27.23	2775	-0.12	
27.24	2777	-0.12	
27.25	2778	-0.12	
27.27	2780	-0.12	
27.28	2781	-0.12	
27.29	2783	-0.12	
27.30	2784	-0.12	
27.32	2786	-0.12	
27.33	2787	-0.12	
27.34	2789	-0.12	
27.35	2790	-0.12	
27.37	2792	-0.12	
27.38	2793	-0.12	
27.39	2795	-0.12	
27.40	2796	-0.12	
27.42	2798	-0.12	
27.43	2799	-0.12	
27.44	2801	-0.12	
27.46	2802	-0.12	
27.47	2804	-0.12	
27.48	2805	-0.12	
27.49	2807	-0.12	
27.51	2808	-0.12	
27.52	2810	-0.12	
27.53	2811	-0.12	
27.54	2813	-0.12	
27.56	2814	-0.12	
27.57	2816	-0.12	
27.58	2817	-0.12	
27.59	2819	-0.12	
27.61	2820	-0.12	
27.62	2822	-0.12	
27.63	2823	-0.12	
27.64	2825	-0.12	
27.66	2826	-0.12	
27.67	2828	-0.12	
27.68	2829	-0.12	
27.70	2831	-0.12	
27.71	2832	-0.12	
27.72	2834	-0.12	
27.73	2835	-0.12	
27.75	2837	-0.12	
27.76	2838	-0.12	
27.77	2840	-0.12	
27.78	2841	-0.12	
27.80	2843	-0.12	
27.81	2844	-0.12	
27.82	2846	-0.12	
27.84	2847	-0.12	
27.85	2849	-0.12	
27.86	2850	-0.12	
27.87	2852	-0.12	
27.89	2853	-0.12	
27.90	2855	-0.12	
27.91	2856	-0.12	
27.92	2858	-0.12	
27.94	2859	-0.12	
27.95	2861	-0.12	
27.96	2862	-0.12	
27.97	2864	-0.12	
27.99	2865	-0.12	
28.00	2867	-0.12	
28.01	2868	-0.12	
28.02	2870	-0.12	
28.04	2871	-0.12	
28.05	2873	-0.12	
28.06	2874	-0.12	
28.08	2876	-0.12	
28.09	2877	-0.12	
28.10	2879	-0.12	
28.11	2880	-0.12	
28.13	2882	-0.12	
28.14	2883	-0.12	
28.15	2885	-0.12	
28.16	2886	-0.12	
28.18	2888	-0.12	
28.19	2889	-0.12	
28.20	2891	-0.12	
28.21	2892	-0.12	
28.23	2894	-0.12	
28.24	2895	-0.12	
28.25	2897	-0.12	
28.27	2898	-0.12	
28.28	2900	-0.12	
28.29	2901	-0.12	
28.30	2903	-0.12	
28.32	2904	-0.12	
28.33	2906	-0.12	
28.34	2907	-0.12	
28.35	2909	-0.12	
28.37	2910	-0.12	
28.38	2912	-0.12	
28.39	2913	-0.12	
28.40	2915	-0.12	
28.42	2916	-0.12	
28.43	2918	-0.12	
28.44	2919	-0.12	
28.46	2921	-0.12	
28.47	2922	-0.12	
28.48	2924	-0.12	
28.49	2925	-0.12	
28.51	2927	-0.12	
28.52	2928	-0.12	
28.53	2930	-0.12	
28.54	2931	-0.12	
28.56	2933	-0.12	
28.57	2934	-0.12	
28.58	2936	-0.12	
28.59	2937	-0.12	
28.61	2939	-0.12	
28.62	2940	-0.12	
28.63	2942	-0.12	
28.65	2943	-0.12	
28.66	2945	-0.12	
28.67	2946	-0.12	
28.68	2948	-0.12	
28.70	2949	-0.12	
28.71	2951	-0.12	
28.72	2952	-0.12	
28.73	2954	-0.12	
28.75	2955	-0.12	
28.76	2957	-0.12	
28.77	2958	-0.12	
28.78	2960	-0.12	
28.80	2961	-0.12	
28.81	2963	-0.12	
28.82	2964	-0.12	
28.84	2966	-0.12	
28.85	2967	-0.12	
28.86	2969	-0.13	
28.87	2970	-0.13	
28.89	2972	-0.13	
28.90	2973	-0.13	
28.91	2975	-0.13	
28.92	2976	-0.13	
28.94	2978	-0.13	
28.95	2979	-0.13	
28.96	2981	-0.13	
28.97	2982	-0.12	
28.99	2984	-0.13	
29.00	2985	-0.13	
29.01	2987	-0.12	
29.02	2988	-0.12	
29.04	2990	-0.13	
29.05	2991	-0.12	
29.06	2993	-0.13	
29.08	2994	-0.13	
29.09	2996	-0.13	
29.10	2997	-0.13	
29.11	2999	-0.13	
29.13	3000	-0.13	
29.14	3002	-0.13	
29.15	3003	-0.13	
29.16	3005	-0.13	
29.18	3006	-0.13	
29.19	3008	-0.13	
29.20	3009	-0.13	
29.21	3011	-0.13	
29.23	3012	-0.13	
29.24	3014	-0.13	
29.25	3015	-0.13	
29.26	3017	-0.13	
29.28	3018	-0.13	
29.29	3020	-0.13	
29.30	3021	-0.13	
29.32	3023	-0.13	
29.33	3024	-0.13	
29.34	3026	-0.13	
29.35	3027	-0.13	
29.37	3029	-0.13	
29.38	3030	-0.13	
29.39	3032	-0.13	
29.40	3033	-0.13	
29.42	3035	-0.13	
29.43	3036	-0.13	
29.44	3038	-0.13	
29.45	3039	-0.13	
29.47	3041	-0.13	
29.48	3042	-0.13	
29.49	3044	-0.13	
29.51	3045	-0.13	
29.52	3047	-0.13	
29.53	3048	-0.13	
29.54	3050	-0.13	
29.56	3051	-0.13	
29.57	3053	-0.13	
29.58	3054	-0.13	
29.59	3056	-0.13	
29.61	3057	-0.13	
29.62	3059	-0.13	
29.63	3060	-0.13	
29.64	3062	-0.13	
29.66	3063	-0.13	
29.67	3065	-0.13	
29.68	3066	-0.13	
29.70	3068	-0.13	
29.71	3069	-0.13	
29.72	3071	-0.13	
29.73	3072	-0.13	
29.75	3074	-0.13	
29.76	3075	-0.13	
29.77	3077	-0.13	
29.78	3078	-0.13	
29.80	3080	-0.13	
29.81	3081	-0.13	
29.82	3083	-0.13	
29.83	3084	-0.13	
29.85	3086	-0.13	
29.86	3087	-0.13	
29.87	3089	-0.13	
29.88	3090	-0.13	
29.90	3092	-0.13	
29.91	3093	-0.13	
29.92	3095	-0.13	
29.94	3096	-0.13	
29.95	3098	-0.13	
29.96	3099	-0.13	
29.97	3101	-0.13	
29.99	3102	-0.13	
30.00	3104	-0.13	
30.01	3105	-0.13	
30.02	3107	-0.13	
30.04	3108	-0.13	
30.05	3110	-0.13	
30.06	3111	-0.13	
30.07	3113	-0.13	
30.09	3114	-0.13	
30.10	3116	-0.13	
30.11	3117	-0.13	
30.13	3119	-0.13	
30.14	3120	-0.13	
30.15	3122	-0.13	
30.16	3123	-0.13	
30.18	3125	-0.13	
30.19	3126	-0.13	
30.20	3128	-0.13	
30.21	3129	-0.13	
30.23	3131	-0.13	
30.24	3132	-0.13	
30.25	3134	-0.13	
30.26	3135	-0.13	
30.28	3137	-0.13	
30.29	3138	-0.13	
30.30	3140	-0.13	
30.31	3141	-0.13	
30.33	3143	-0.13	
30.34	3144	-0.13	
30.35	3146	-0.13	
30.37	3147	-0.13	
30.38	3149	-0.13	
30.39	3150	-0.13	
30.40	3152	-0.13	
30.42	3153	-0.13	
30.43	3155	-0.13	
30.44	3156	-0.13	
30.46	3158	-0.13	
30.47	3159	-0.13	
30.48	3161	-0.13	
30.49	3162	-0.13	
30.50	3164	-0.13	
30.52	3165	-0.13	
30.53	3167	-0.13	
30.54	3168	-0.13	
30.56	3170	-0.13	
30.57	3171	-0.13	
30.58	3173	-0.13	
30.59	3174	-0.13	
30.61	3176	-0.13	
30.62	3177	-0.13	
30.63	3179	-0.13	
30.64	3180	-0.13	
30.66	3182	-0.13	
30.67	3183	-0.13	
30.68	3185	-0.13	
30.69	3186	-0.13	
30.71	3188	-0.13	
30.72	3189	-0.13	
30.73	3191	-0.13	
30.75	3192	-0.13	
30.76	3194	-0.13	
30.77	3195	-0.13	
30.78	3197	-0.13	
30.80	3198	-0.13	
30.81	3200	-0.13	
30.82	3201	-0.13	
30.83	3203	-0.13	
30.85	3204	-0.13	
30.86	3206	-0.13	
30.87	3207	-0.13	
30.88	3209	-0.13	
30.90	3210	-0.13	
30.91	3212	-0.13	
30.92	3213	-0.13	
30.93	3215	-0.13	
30.95	3216	-0.13	
30.96	3218	-0.13	
30.97	3219	-0.13	
30.99	3221	-0.13	
31.00	3222	-0.13	
31.01	3224	-0.13	
31.02	3225	-0.13	
31.04	3227	-0.13	
31.05	3228	-0.13	
31.06	3230	-0.13	
31.07	3231	-0.13	
31.09	3233	-0.13	
31.10	3234	-0.13	
31.11	3236	-0.13	
31.13	3237	-0.13	
31.14	3239	-0.13	
31.15	3240	-0.13	
31.16	3242	-0.13	
31.18	3243	-0.13	
31.19	3245	-0.13	
31.20	3246	-0.13	
31.21	3248	-0.13	
31.23	3249	-0.13	
31.24	3251	-0.13	
31.25	3252	-0.13	
31.26	3254	-0.13	
31.28	3255	-0.13	
31.29	3257	-0.13	
31.30	3258	-0.13	
31.31	3260	-0.13	
31.33	3261	-0.13	
31.34	3263	-0.13	
31.35	3264	-0.13	
31.37	3266	-0.13	
31.38	3267	-0.13	
31.39	3269	-0.13	
31.40	3270	-0.13	
31.42	3272	-0.13	
31.43	3273	-0.13	
31.44	3275	-0.13	
31.45	3276	-0.13	
31.47	3278	-0.13	
31.48	3279	-0.13	
31.49	3281	-0.13	
31.50	3282	-0.13	
31.52	3284	-0.13	
31.53	3285	-0.13	
31.54	3287	-0.13	
31.56	3288	-0.13	
31.57	3290	-0.13	
31.58	3291	-0.13	
31.59	3293	-0.13	
31.61	3294	-0.13	
31.62	3296	-0.13	
31.63	3297	-0.13	
31.64	3299	-0.13	
31.66	3300	-0.13	
31.67	3302	-0.13	
31.68	3303	-0.13	
31.69	3305	-0.13	
31.71	3306	-0.13	
31.72	3308	-0.13	
31.73	3309	-0.13	
31.75	3311	-0.13	
31.76	3312	-0.13	
31.77	3314	-0.13	
31.78	3315	-0.13	
31.80	3317	-0.13	
31.81	3318	-0.13	
31.82	3320	-0.13	
31.83	3321	-0.13	
31.85	3323	-0.13	
31.86	3324	-0.13	
31.87	3326	-0.13	
31.88	3327	-0.13	
31.90	3329	-0.13	
31.91	3330	-0.13	
31.92	3332	-0.14	
31.94	3333	-0.13	
31.95	3335	-0.13	
31.96	3336	-0.13	
31.97	3338	-0.13	
31.99	3339	-0.13	
32.00	3341	-0.13	
32.01	3342	-0.13	
32.02	3344	-0.13	
32.04	3345	-0.13	
32.05	3347	-0.13	
32.06	3348	-0.13	
32.07	3350	-0.14	
32.09	3351	-0.14	
32.10	3353	-0.14	
32.11	3354	-0.14	
32.12	3356	-0.14	
32.14	3357	-0.14	
32.15	3359	-0.14	
32.16	3360	-0.14	
32.18	3362	-0.13	
32.19	3363	-0.13	
32.20	3365	-0.14	
32.21	3366	-0.14	
32.23	3368	-0.14	
32.24	3369	-0.13	
32.25	3371	-0.13	
32.26	3372	-0.13	
32.28	3374	-0.13	
32.29	3375	-0.13	
32.30	3377	-0.13	
32.31	3378	-0.14	
32.33	3380	-0.14	
32.34	3381	-0.14	
32.35	3383	-0.14	
32.37	3384	-0.14	
32.38	3386	-0.14	
32.39	3387	-0.14	
32.40	3389	-0.14	
32.42	3390	-0.13	
32.43	3392	-0.13	
32.44	3393	-0.13	
32.45	3395	-0.13	
32.47	3396	-0.13	
32.48	3398	-0.13	
32.49	3399	-0.14	
32.50	3401	-0.14	
32.52	3402	-0.14	
32.53	3404	-0.14	
32.54	3405	-0.13	
32.55	3407	-0.14	
32.57	3408	-0.14	
32.58	3410	-0.14	
32.59	3411	-0.14	
32.61	3413	-0.14	
32.62	3414	-0.14	
32.63	3416	-0.14	
32.64	3417	-0.14	
32.66	3419	-0.14	
32.67	3420	-0.14	
32.68	3422	-0.14	
32.69	3423	-0.14	
32.71	3425	-0.14	
32.72	3426	-0.14	
32.73	3428	-0.14	
32.74	3429	-0.14	
32.76	3431	-0.14	
32.77	3432	-0.14	
32.78	3434	-0.14	
32.80	3435	-0.14	
32.81	3437	-0.14	
32.82	3438	-0.14	
32.83	3440	-0.14	
32.85	3441	-0.14	
32.86	3443	-0.14	
32.87	3444	-0.14	
32.88	3446	-0.14	
32.90	3447	-0.14	
32.91	3449	-0.14	
32.92	3450	-0.14	
32.93	3452	-0.14	
32.95	3453	-0.14	
32.96	3455	-0.14	
32.97	3456	-0.14	
32.99	3458	-0.14	
33.00	3459	-0.14	
33.01	3461	-0.14	
33.02	3462	-0.14	
33.04	3464	-0.14	
33.05	3465	-0.14	
33.06	3467	-0.14	
33.07	3468	-0.14	
33.09	3470	-0.14	
33.10	3471	-0.14	
33.11	3473	-0.14	
33.12	3474	-0.14	
33.14	3476	-0.14	
33.15	3477	-0.14	
33.16	3479	-0.14	
33.18	3480	-0.14	
33.19	3482	-0.14	
33.20	3483	-0.14	
33.21	3485	-0.14	
33.23	3486	-0.14	
33.24	3488	-0.14	
33.25	3489	-0.14	
33.26	3491	-0.14	
33.28	3492	-0.14	
33.29	3494	-0.14	
33.30	3495	-0.14	
33.31	3497	-0.14	
33.33	3498	-0.14	
33.34	3500	-0.14	
33.35	3501	-0.14	
33.37	3503	-0.14	
33.38	3504	-0.14	
33.39	3506	-0.14	
33.40	3507	-0.14	
33.42	3509	-0.14	
33.43	3510	-0.14	
33.44	3512	-0.14	
33.45	3513	-0.14	
33.47	3515	-0.14	
33.48	3516	-0.14	
33.49	3518	-0.14	
33.50	3519	-0.14	
33.52	3521	-0.14	
33.53	3522	-0.14	
33.54	3524	-0.14	
33.56	3525	-0.14	
33.57	3527	-0.14	
33.58	3528	-0.14	
33.59	3530	-0.14	
33.61	3531	-0.14	
33.62	3533	-0.14	
33.63	3534	-0.14	
33.64	3536	-0.14	
33.66	3537	-0.14	
33.67	3539	-0.14	
33.68	3540	-0.14	
33.69	3542	-0.14	
33.71	3543	-0.14	
33.72	3545	-0.14	
33.73	3546	-0.14	
33.75	3548	-0.14	
33.76	3549	-0.14	
33.77	3551	-0.14	
33.78	3552	-0.14	
33.79	3554	-0.14	
33.81	3555	-0.14	
33.82	3557	-0.14	
33.83	3558	-0.14	
33.85	3560	-0.14	
33.86	3561	-0.14	
33.87	3563	-0.14	
33.88	3564	-0.14	
33.90	3566	-0.14	
33.91	3567	-0.14	
33.92	3569	-0.14	
33.93	3570	-0.14	
33.95	3572	-0.14	
33.96	3573	-0.14	
33.97	3575	-0.14	
33.98	3576	-0.14	
34.00	3578	-0.14	
34.01	3579	-0.14	
34.02	3581	-0.14	
34.04	3582	-0.14	
34.05	3584	-0.14	
34.06	3585	-0.14	
34.07	3587	-0.14	
34.09	3588	-0.14	
34.10	3590	-0.14	
34.11	3591	-0.14	
34.12	3593	-0.14	
34.14	3594	-0.14	
34.15	3596	-0.14	
34.16	3597	-0.14	
34.17	3599	-0.14	
34.19	3600	-0.14	
34.20	3602	-0.14	
34.21	3603	-0.14	
34.23	3605	-0.14	
34.24	3606	-0.14	
34.25	3608	-0.14	
34.26	3609	-0.14	
34.28	3611	-0.14	
34.29	3612	-0.14	
34.30	3614	-0.14	
34.31	3615	-0.14	
34.33	3617	-0.14	
34.34	3618	-0.14	
34.35	3620	-0.14	
34.36	3621	-0.14	
34.38	3623	-0.14	
34.39	3624	-0.14	
34.40	3626	-0.14	
34.42	3627	-0.14	
34.43	3629	-0.14	
34.44	3630	-0.14	
34.45	3632	-0.14	
34.47	3633	-0.14	
34.48	3635	-0.14	
34.49	3636	-0.14	
34.50	3638	-0.14	
34.52	3639	-0.14	
34.53	3641	-0.14	
34.54	3642	-0.14	
34.55	3644	-0.14	
34.57	3645	-0.14	
34.58	3647	-0.14	
34.59	3648	-0.14	
34.60	3650	-0.14	
34.62	3651	-0.14	
34.63	3653	-0.14	
34.64	3654	-0.14	
34.66	3656	-0.14	
34.67	3657	-0.14	
34.68	3659	-0.14	
34.69	3660	-0.14	
34.71	3662	-0.14	
34.72	3663	-0.14	
34.73	3665	-0.14	
34.74	3666	-0.14	
34.76	3668	-0.14	
34.77	3669	-0.14	
34.78	3671	-0.14	
34.79	3672	-0.14	
34.81	3674	-0.14	
34.82	3675	-0.14	
34.83	3677	-0.14	
34.85	3678	-0.14	
34.86	3680	-0.14	
34.87	3681	-0.14	
34.88	3683	-0.14	
34.90	3684	-0.14	
34.91	3686	-0.14	
34.92	3687	-0.14	
34.93	3689	-0.14	
34.95	3690	-0.14	
34.96	3692	-0.14	
34.97	3693	-0.14	
34.98	3695	-0.14	
35.00	3696	-0.14	
35.01	3698	-0.14	
35.02	3699	-0.14	
35.04	3701	-0.14	
35.05	3702	-0.14	
35.06	3704	-0.14	
35.07	3705	-0.14	
35.08	3707	-0.14	
35.10	3708	-0.14	
35.11	3710	-0.14	
35.12	3711	-0.14	
35.14	3713	-0.14	
35.15	3714	-0.14	
35.16	3716	-0.14	
35.17	3717	-0.14	
35.19	3719	-0.14	
35.20	3720	-0.14	
35.21	3722	-0.14	
35.23	3723	-0.14	
35.24	3725	-0.14	
35.25	3726	-0.14	
35.26	3728	-0.14	
35.28	3729	-0.14	
35.29	3731	-0.14	
35.30	3732	-0.14	
35.31	3734	-0.14	
35.33	3735	-0.14	
35.34	3737	-0.14	
35.35	3738	-0.14	
35.36	3740	-0.14	
35.38	3741	-0.14	
35.39	3743	-0.14	
35.40	3744	-0.14	
35.41	3746	-0.14	
35.43	3747	-0.14	
35.44	3749	-0.14	
35.45	3750	-0.14	
35.46	3752	-0.14	
35.48	3753	-0.14	
35.49	3755	-0.14	
35.50	3756	-0.14	
35.52	3758	-0.14	
35.53	3759	-0.14	
35.54	3761	-0.14	
35.55	3762	-0.14	
35.57	3764	-0.14	
35.58	3765	-0.14	
35.59	3767	-0.14	
35.60	3768	-0.14	
35.62	3770	-0.14	
35.63	3771	-0.14	
35.64	3773	-0.14	
35.65	3774	-0.14	
35.67	3776	-0.14	
35.68	3777	-0.14	
35.69	3779	-0.14	
35.71	3780	-0.14	
35.72	3782	-0.14	
35.73	3783	-0.14	
35.74	3785	-0.14	
35.76	3786	-0.14	
35.77	3788	-0.14	
35.78	3789	-0.14	
35.79	3791	-0.14	
35.81	3792	-0.14	
35.82	3794	-0.14	
35.83	3795	-0.14	
35.84	3797	-0.14	
35.86	3798	-0.15	
35.87	3800	-0.15	
35.88	3801	-0.15	
35.90	3803	-0.15	
35.91	3804	-0.15	
35.92	3806	-0.14	
35.93	3807	-0.14	
35.95	3809	-0.14	
35.96	3810	-0.14	
35.97	3812	-0.15	
35.98	3813	-0.14	
36.00	3815	-0.14	
36.01	3816	-0.14	
36.02	3818	-0.14	
36.03	3819	-0.14	
36.05	3821	-0.14	
36.06	3822	-0.14	
36.07	3824	-0.14	
36.09	3825	-0.15	
36.10	3827	-0.15	
36.11	3828	-0.15	
36.12	3830	-0.15	
36.14	3831	-0.15	
36.15	3833	-0.15	
36.16	3834	-0.15	
36.17	3836	-0.15	
36.19	3837	-0.15	
36.20	3839	-0.15	
36.21	3840	-0.15	
36.22	3842	-0.15	
36.24	3843	-0.15	
36.25	3845	-0.15	
36.26	3846	-0.15	
36.28	3848	-0.15	
36.29	3849	-0.15	
36.30	3851	-0.15	
36.31	3852	-0.15	
36.33	3854	-0.15	
36.34	3855	-0.15	
36.35	3857	-0.15	
36.36	3858	-0.15	
36.38	3860	-0.15	
36.39	3861	-0.15	
36.40	3863	-0.15	
36.41	3864	-0.15	
36.43	3866	-0.15	
36.44	3867	-0.15	
36.45	3869	-0.15	
36.46	3870	-0.15	
36.48	3872	-0.15	
36.49	3873	-0.15	
36.50	3875	-0.15	
36.52	3876	-0.15	
36.53	3878	-0.15	
36.54	3879	-0.15	
36.55	3881	-0.15	
36.57	3882	-0.15	
36.58	3884	-0.15	
36.59	3885	-0.15	
36.60	3887	-0.15	
36.62	3888	-0.15	
36.63	3890	-0.15	
36.64	3891	-0.15	
36.65	3893	-0.15	
36.67	3894	-0.15	
36.68	3896	-0.15	
36.69	3897	-0.15	
36.71	3899	-0.15	
36.72	3900	-0.15	
36.73	3902	-0.15	
36.74	3903	-0.15	
36.76	3905	-0.15	
36.77	3906	-0.15	
36.78	3908	-0.15	
36.79	3909	-0.15	
36.81	3911	-0.15	
36.82	3912	-0.15	
36.83	3914	-0.15	
36.84	3915	-0.15	
36.86	3917	-0.15	
36.87	3918	-0.15	
36.88	3920	-0.15	
36.89	3921	-0.15	
36.91	3923	-0.15	
36.92	3924	-0.15	
36.93	3926	-0.15	
36.95	3927	-0.15	
36.96	3929	-0.15	
36.97	3930	-0.15	
36.98	3932	-0.15	
37.00	3933	-0.15	
37.01	3935	-0.15	
37.02	3936	-0.15	
37.03	3938	-0.15	
37.05	3939	-0.15	
37.06	3941	-0.15	
37.07	3942	-0.15	
37.08	3944	-0.15	
37.10	3945	-0.15	
37.11	3947	-0.15	
37.12	3948	-0.15	
37.13	3950	-0.15	
37.15	3951	-0.15	
37.16	3953	-0.15	
37.17	3954	-0.15	
37.19	3956	-0.15	
37.20	3957	-0.15	
37.21	3959	-0.15	
37.22	3960	-0.15	
37.24	3962	-0.15	
37.25	3963	-0.15	
37.26	3965	-0.15	
37.27	3966	-0.15	
37.29	3968	-0.15	
37.30	3969	-0.15	
37.31	3971	-0.15	
37.32	3972	-0.15	
37.34	3974	-0.15	
37.35	3975	-0.15	
37.36	3977	-0.15	
37.38	3978	-0.15	
37.39	3980	-0.15	
37.40	3981	-0.15	
37.41	3983	-0.15	
37.43	3984	-0.15	
37.44	3986	-0.15	
37.45	3987	-0.15	
37.46	3989	-0.15	
37.48	3990	-0.15	
37.49	3992	-0.15	
37.50	3993	-0.15	
37.51	3995	-0.15	
37.53	3996	-0.15	
37.54	3998	-0.15	
37.55	3999	-0.15	
37.57	4001	-0.15	
37.58	4002	-0.15	
37.59	4004	-0.15	
37.60	4005	-0.15	
37.62	4007	-0.15	
37.63	4008	-0.15	
37.64	4010	-0.15	
37.65	4011	-0.15	
37.67	4013	-0.15	
37.68	4014	-0.15	
37.69	4016	-0.15	
37.70	4017	-0.15	
37.72	4019	-0.15	
37.73	4020	-0.15	
37.74	4022	-0.15	
37.76	4023	-0.15	
37.77	4025	-0.15	
37.78	4026	-0.15	
37.79	4028	-0.15	
37.81	4029	-0.15	
37.82	4031	-0.15	
37.83	4032	-0.15	
37.84	4034	-0.15	
37.86	4035	-0.15	
37.87	4037	-0.15	
37.88	4038	-0.15	
37.89	4040	-0.15	
37.91	4041	-0.15	
37.92	4043	-0.15	
37.93	4044	-0.15	
37.95	4046	-0.15	
37.96	4047	-0.15	
37.97	4049	-0.15	
37.98	4050	-0.15	
38.00	4052	-0.15	
38.01	4053	-0.15	
38.02	4055	-0.15	
38.03	4056	-0.15	
38.05	4058	-0.15	
38.06	4059	-0.15	
38.07	4061	-0.15	
38.08	4062	-0.15	
38.10	4064	-0.15	
38.11	4065	-0.15	
38.12	4067	-0.15	
38.14	4068	-0.15	
38.15	4070	-0.15	
38.16	4071	-0.15	
38.17	4073	-0.15	
38.19	4074	-0.15	
38.20	4076	-0.15	
38.21	4077	-0.15	
38.22	4079	-0.15	
38.24	4080	-0.15	
38.25	4082	-0.15	
38.26	4083	-0.15	
38.27	4085	-0.15	
38.29	4086	-0.15	
38.30	4088	-0.15	
38.31	4089	-0.15	
38.33	4091	-0.15	
38.34	4092	-0.15	
38.35	4094	-0.15	
38.36	4095	-0.15	
38.38	4097	-0.15	
38.39	4098	-0.15	
38.40	4100	-0.15	
38.41	4101	-0.15	
38.43	4103	-0.15	
38.44	4104	-0.15	
38.45	4106	-0.15	
38.46	4107	-0.15	
38.48	4109	-0.15	
38.49	4110	-0.15	
38.50	4112	-0.15	
38.51	4113	-0.15	
38.53	4115	-0.15	
38.54	4116	-0.15	
38.55	4118	-0.15	
38.56	4119	-0.15	
38.58	4121	-0.15	
38.59	4122	-0.15	
38.60	4124	-0.15	
38.62	4125	-0.15	
38.63	4127	-0.15	
38.64	4128	-0.15	
38.65	4130	-0.15	
38.67	4131	-0.15	
38.68	4133	-0.15	
38.69	4134	-0.15	
38.70	4136	-0.15	
38.72	4137	-0.15	
38.73	4139	-0.15	
38.74	4140	-0.15	
38.75	4142	-0.15	
38.77	4143	-0.15	
38.78	4145	-0.15	
38.79	4146	-0.15	
38.81	4148	-0.15	
38.82	4149	-0.15	
38.83	4151	-0.15	
38.84	4152	-0.15	
38.86	4154	-0.15	
38.87	4155	-0.15	
38.88	4157	-0.15	
38.89	4158	-0.15	
38.91	4160	-0.15	
38.92	4161	-0.15	
38.93	4163	-0.15	
38.94	4164	-0.15	
38.96	4166	-0.15	
38.97	4167	-0.15	
38.98	4169	-0.15	
39.00	4170	-0.15	
39.01	4172	-0.15	
39.02	4173	-0.15	
39.03	4175	-0.15	
39.05	4176	-0.15	
39.06	4178	-0.15	
39.07	4179	-0.15	
39.08	4181	-0.15	
39.10	4182	-0.15	
39.11	4184	-0.15	
39.12	4185	-0.15	
39.13	4187	-0.15	
39.15	4188	-0.15	
39.16	4190	-0.15	
39.17	4191	-0.15	
39.18	4193	-0.15	
39.20	4194	-0.15	
39.21	4196	-0.15	
39.22	4197	-0.15	
39.24	4199	-0.15	
39.25	4200	-0.15	
39.26	4202	-0.15	
39.27	4203	-0.15	
39.29	4205	-0.15	
39.30	4206	-0.15	
39.31	4208	-0.15	
39.32	4209	-0.15	
39.34	4211	-0.15	
39.35	4212	-0.15	
39.36	4214	-0.15	
39.37	4215	-0.15	
39.39	4217	-0.15	
39.40	4218	-0.15	
39.41	4220	-0.15	
39.43	4221	-0.15	
39.44	4223	-0.15	
39.45	4224	-0.15	
39.46	4226	-0.15	
39.48	4227	-0.15	
39.49	4229	-0.15	
39.50	4230	-0.15	
39.51	4232	-0.15	
39.53	4233	-0.15	
39.54	4235	-0.15	
39.55	4236	-0.15	
39.56	4238	-0.15	
39.58	4239	-0.15	
39.59	4241	-0.15	
39.60	4242	-0.15	
39.61	4244	-0.15	
39.63	4245	-0.15	
39.64	4247	-0.15	
39.65	4248	-0.15	
39.67	4250	-0.15	
39.68	4251	-0.15	
39.69	4253	-0.15	
39.70	4254	-0.15	
39.72	4256	-0.15	
39.73	4257	-0.15	
39.74	4259	-0.15	
39.75	4260	-0.15	
39.77	4262	-0.15	
39.78	4263	-0.15	
39.79	4265	-0.15	
39.80	4266	-0.15	
39.82	4268	-0.15	
39.83	4269	-0.15	
39.84	4271	-0.15	
39.85	4272	-0.15	
39.87	4274	-0.15	
39.88	4275	-0.15	
39.89	4277	-0.15	
39.91	4278	-0.15	
39.92	4280	-0.16	
39.93	4281	-0.16	
39.94	4283	-0.15	
39.96	4284	-0.15	
39.97	4286	-0.15	
39.98	4287	-0.15	
39.99	4289	-0.15	
40.01	4290	-0.15	
40.02	4292	-0.15	
40.03	4293	-0.15	
40.04	4295	-0.15	
40.06	4296	-0.15	
40.07	4298	-0.15	
40.08	4299	-0.15	
40.10	4301	-0.15	
40.11	4302	-0.15	
40.12	4304	-0.15	
40.13	4305	-0.15	
40.15	4307	-0.15	
40.16	4308	-0.15	
40.17	4310	-0.15	
40.18	4311	-0.15	
40.20	4313	-0.16	
40.21	4314	-0.15	
40.22	4316	-0.15	
40.23	4317	-0.16	
40.25	4319	-0.16	
40.26	4320	-0.16	
40.27	4322	-0.16	
40.29	4323	-0.16	
40.30	4325	-0.16	
40.31	4326	-0.16	
40.32	4328	-0.15	
40.34	4329	-0.16	
40.35	4331	-0.16	
40.36	4332	-0.16	
40.37	4334	-0.15	
40.39	4335	-0.15	
40.40	4337	-0.15	
40.41	4338	-0.15	
40.42	4340	-0.15	
40.44	4341	-0.15	
40.45	4343	-0.15	
40.46	4344	-0.15	
40.48	4346	-0.16	
40.49	4347	-0.16	
40.50	4349	-0.16	
40.51	4350	-0.16	
40.53	4352	-0.16	
40.54	4353	-0.16	
40.55	4355	-0.16	
40.56	4356	-0.16	
40.58	4358	-0.15	
40.59	4359	-0.15	
40.60	4361	-0.16	
40.61	4362	-0.16	
40.63	4364	-0.16	
40.64	4365	-0.16	
40.65	4367	-0.16	
40.67	4368	-0.15	
40.68	4370	-0.15	
40.69	4371	-0.16	
40.70	4373	-0.16	
40.72	4374	-0.16	
40.73	4376	-0.16	
40.74	4377	-0.16	
40.75	4379	-0.16	
40.77	4380	-0.16	
40.78	4382	-0.15	
40.79	4383	-0.15	
40.80	4385	-0.15	
40.82	4386	-0.15	
40.83	4388	-0.15	
40.84	4389	-0.16	
40.86	4391	-0.16	
40.87	4392	-0.16	
40.88	4394	-0.16	
40.89	4395	-0.16	
40.91	4397	-0.16	
40.92	4398	-0.16	
40.93	4400	-0.16	
40.94	4401	-0.16	
40.96	4403	-0.16	
40.97	4404	-0.16	
40.98	4406	-0.16	
40.99	4407	-0.16	
41.01	4409	-0.16	
41.02	4410	-0.16	
41.03	4412	-0.16	
41.04	4413	-0.16	
41.06	4415	-0.16	
41.07	4416	-0.16	
41.08	4418	-0.16	
41.10	4419	-0.16	
41.11	4421	-0.16	
41.12	4422	-0.16	
41.13	4424	-0.16	
41.15	4425	-0.16	
41.16	4427	-0.16	
41.17	4428	-0.16	
41.18	4430	-0.16	
41.20	4431	-0.16	
41.21	4433	-0.16	
41.22	4434	-0.16	
41.23	4436	-0.16	
41.25	4437	-0.16	
41.26	4439	-0.16	
41.27	4440	-0.16	
41.28	4442	-0.16	
41.30	4443	-0.16	
41.31	4445	-0.16	
41.32	4446	-0.16	
41.34	4448	-0.16	
41.35	4449	-0.16	
41.36	4451	-0.16	
41.37	4452	-0.16	
41.39	4454	-0.16	
41.40	4455	-0.16	
41.41	4457	-0.16	
41.42	4458	-0.16	
41.44	4460	-0.16	
41.45	4461	-0.16	
41.46	4463	-0.16	
41.47	4464	-0.16	
41.49	4466	-0.16	
41.50	4467	-0.16	
41.51	4469	-0.16	
41.53	4470	-0.16	
41.54	4472	-0.16	
41.55	4473	-0.16	
41.56	4475	-0.16	
41.58	4476	-0.16	
41.59	4478	-0.16	
41.60	4479	-0.16	
41.61	4481	-0.16	
41.63	4482	-0.16	
41.64	4484	-0.16	
41.65	4485	-0.16	
41.66	4487	-0.16	
41.68	4488	-0.16	
41.69	4490	-0.16	
41.70	4491	-0.16	
41.71	4493	-0.16	
41.73	4494	-0.16	
41.74	4496	-0.16	
41.75	4497	-0.16	
41.77	4499	-0.16	
41.78	4500	-0.16	
41.79	4502	-0.16	
41.80	4503	-0.16	
41.82	4505	-0.16	
41.83	4506	-0.16	
41.84	4508	-0.16	
41.85	4509	-0.16	
41.87	4511	-0.16	
41.88	4512	-0.16	
41.89	4514	-0.16	
41.91	4515	-0.16	
41.92	4517	-0.16	
41.93	4518	-0.16	
41.94	4520	-0.16	
41.96	4521	-0.16	
41.97	4523	-0.16	
41.98	4524	-0.16	
41.99	4526	-0.16	
42.01	4527	-0.16	
42.02	4529	-0.16	
42.03	4530	-0.16	
42.04	4532	-0.16	
42.06	4533	-0.16	
42.07	4535	-0.16	
42.08	4536	-0.16	
42.10	4538	-0.16	
42.11	4539	-0.16	
42.12	4541	-0.16	
42.13	4542	-0.16	
42.15	4544	-0.16	
42.16	4545	-0.16	
42.17	4547	-0.16	
42.18	4548	-0.16	
42.20	4550	-0.16	
42.21	4551	-0.16	
42.22	4553	-0.16	
42.23	4554	-0.16	
42.25	4556	-0.16	
42.26	4557	-0.16	
42.27	4559	-0.16	
42.28	4560	-0.16	
42.30	4562	-0.16	
42.31	4563	-0.16	
42.32	4565	-0.16	
42.34	4566	-0.16	
42.35	4568	-0.16	
42.36	4569	-0.16	
42.37	4571	-0.16	
42.39	4572	-0.16	
42.40	4574	-0.16	
42.41	4575	-0.16	
42.42	4577	-0.16	
42.44	4578	-0.16	
42.45	4580	-0.16	
42.46	4581	-0.16	
42.47	4583	-0.16	
42.49	4584	-0.16	
42.50	4586	-0.16	
42.51	4587	-0.16	
42.52	4589	-0.16	
42.54	4590	-0.16	
42.55	4592	-0.16	
42.56	4593	-0.16	
42.58	4595	-0.16	
42.59	4596	-0.16	
42.60	4598	-0.16	
42.61	4599	-0.16	
42.63	4601	-0.16	
42.64	4602	-0.16	
42.65	4604	-0.16	
42.66	4605	-0.16	
42.68	4607	-0.16	
42.69	4608	-0.16	
42.70	4610	-0.16	
42.71	4611	-0.16	
42.73	4613	-0.16	
42.74	4614	-0.16	
42.75	4616	-0.16	
42.76	4617	-0.16	
42.78	4619	-0.16	
42.79	4620	-0.16	
42.80	4622	-0.16	
42.82	4623	-0.16	
42.83	4625	-0.16	
42.84	4626	-0.16	
42.85	4628	-0.16	
42.87	4629	-0.16	
42.88	4631	-0.16	
42.89	4632	-0.16	
42.90	4634	-0.16	
42.92	4635	-0.16	
42.93	4637	-0.16	
42.94	4638	-0.16	
42.95	4640	-0.16	
42.97	4641	-0.16	
42.98	4643	-0.16	
42.99	4644	-0.16	
43.01	4646	-0.16	
43.02	4647	-0.16	
43.03	4649	-0.16	
43.04	4650	-0.16	
43.06	4652	-0.16	
43.07	4653	-0.16	
43.08	4655	-0.16	
43.09	4656	-0.16	
43.11	4658	-0.16	
43.12	4659	-0.16	
43.13	4661	-0.16	
43.14	4662	-0.16	
43.16	4664	-0.16	
43.17	4665	-0.16	
43.18	4667	-0.16	
43.20	4668	-0.16	
43.21	4670	-0.16	
43.22	4671	-0.16	
43.23	4673	-0.16	
43.25	4674	-0.16	
43.26	4676	-0.16	
43.27	4677	-0.16	
43.28	4679	-0.16	
43.30	4680	-0.16	
43.31	4682	-0.16	
43.32	4683	-0.16	
43.33	4685	-0.16	
43.35	4686	-0.16	
43.36	4688	-0.16	
43.37	4689	-0.16	
43.39	4691	-0.16	
43.40	4692	-0.16	
43.41	4694	-0.16	
43.42	4695	-0.16	
43.44	4697	-0.16	
43.45	4698	-0.16	
43.46	4700	-0.16	
43.47	4701	-0.16	
43.49	4703	-0.16	
43.50	4704	-0.16	
43.51	4706	-0.16	
43.52	4707	-0.16	
43.54	4709	-0.16	
43.55	4710	-0.16	
43.56	4712	-0.16	
43.58	4713	-0.16	
43.59	4715	-0.16	
43.60	4716	-0.16	
43.61	4718	-0.16	
43.63	4719	-0.16	
43.64	4721	-0.16	
43.65	4722	-0.16	
43.66	4724	-0.16	
43.68	4725	-0.16	
43.69	4727	-0.16	
43.70	4728	-0.16	
43.71	4730	-0.16	
43.73	4731	-0.16	
43.74	4733	-0.16	
43.75	4734	-0.16	
43.77	4736	-0.16	
43.78	4737	-0.16	
43.79	4739	-0.16	
43.80	4740	-0.16	
43.82	4742	-0.16	
43.83	4743	-0.16	
43.84	4745	-0.16	
43.85	4746	-0.16	
43.87	4748	-0.16	
43.88	4749	-0.16	
43.89	4751	-0.16	
43.90	4752	-0.16	
43.92	4754	-0.16	
43.93	4755	-0.16	
43.94	4757	-0.16	
43.95	4758	-0.16	
43.97	4760	-0.16	
43.98	4761	-0.16	
43.99	4763	-0.16	
44.01	4764	-0.16	
44.02	4766	-0.16	
44.03	4767	-0.16	
44.04	4769	-0.16	
44.06	4770	-0.16	
44.07	4772	-0.16	
44.08	4773	-0.16	
44.09	4775	-0.16	
44.11	4776	-0.16	
44.12	4778	-0.16	
44.13	4779	-0.16	
44.14	4781	-0.16	
44.16	4782	-0.16	
44.17	4784	-0.16	
44.18	4785	-0.16	
44.20	4787	-0.16	
44.21	4788	-0.16	
44.22	4790	-0.16	
44.23	4791	-0.16	
44.25	4793	-0.16	
44.26	4794	-0.16	
44.27	4796	-0.16	
44.28	4797	-0.16	
44.30	4799	-0.16	
44.31	4800	-0.16	
44.32	4802	-0.16	
44.33	4803	-0.16	
44.35	4805	-0.16	
44.36	4806	-0.16	
44.37	4808	-0.16	
44.38	4809	-0.16	
44.40	4811	-0.16	
44.41	4812	-0.16	
44.42	4814	-0.16	
44.43	4815	-0.16	
44.45	4817	-0.16	
44.46	4818	-0.16	
44.47	4820	-0.16	
44.49	4821	-0.16	
44.50	4823	-0.16	
44.51	4824	-0.16	
44.52	4826	-0.16	
44.54	4827	-0.16	
44.55	4829	-0.16	
44.56	4830	-0.16	
44.57	4832	-0.16	
44.59	4833	-0.16	
44.60	4835	-0.16	
44.61	4836	-0.16	
44.63	4838	-0.16	
44.64	4839	-0.16	
44.65	4841	-0.16	
44.66	4842	-0.16	
44.68	4844	-0.16	
44.69	4845	-0.16	
44.70	4847	-0.16	
44.71	4848	-0.16	
44.73	4850	-0.16	
44.74	4851	-0.16	
44.75	4853	-0.16	
44.76	4854	-0.16	
44.78	4856	-0.16	
44.79	4857	-0.16	
44.80	4859	-0.16	
44.82	4860	-0.16	
44.83	4862	-0.16	
44.84	4863	-0.16	
44.85	4865	-0.16	
44.87	4866	-0.16	
44.88	4868	-0.16	
44.89	4869	-0.16	
44.90	4871	-0.16	
44.92	4872	-0.16	
44.93	4874	-0.16	
44.94	4875	-0.16	
44.95	4877	-0.16	
44.97	4878	-0.16	
44.98	4880	-0.16	
44.99	4881	-0.16	
45.00	4883	-0.16	
45.02	4884	-0.16	
45.03	4886	-0.16	
45.04	4887	-0.16	
45.06	4889	-0.16	
45.07	4890	-0.16	
45.08	4892	-0.16	
45.09	4893	-0.16	
45.11	4895	-0.16	
45.12	4896	-0.16	
45.13	4898	-0.16	
45.14	4899	-0.16	
45.16	4901	-0.16	
45.17	4902	-0.16	
45.18	4904	-0.16	
45.19	4905	-0.16	
45.21	4907	-0.16	
45.22	4908	-0.16	
45.23	4910	-0.16	
45.25	4911	-0.16	
45.26	4913	-0.16	
45.27	4914	-0.16	
45.28	4916	-0.16	
45.30	4917	-0.16	
45.31	4919	-0.16	
45.32	4920	-0.16	
45.33	4922	-0.16	
45.35	4923	-0.16	
45.36	4925	-0.16	
45.37	4926	-0.16	
45.38	4928	-0.16	
45.40	4929	-0.16	
45.41	4931	-0.16	
45.42	4932	-0.16	
45.44	4934	-0.16	
45.45	4935	-0.16	
45.46	4937	-0.16	
45.47	4938	-0.16	
45.49	4940	-0.16	
45.50	4941	-0.16	
45.51	4943	-0.16	
45.52	4944	-0.16	
45.54	4946	-0.16	
45.55	4947	-0.16	
45.56	4949	-0.16	
45.57	4950	-0.16	
45.59	4952	-0.16	
45.60	4953	-0.16	
45.61	4955	-0.17	
45.62	4956	-0.17	
45.64	4958	-0.17	
45.65	4959	-0.17	
45.66	4961	-0.17	
45.68	4962	-0.17	
45.69	4964	-0.17	
45.70	4965	-0.17	
45.71	4967	-0.17	
45.73	4968	-0.17	
45.74	4970	-0.17	
45.75	4971	-0.17	
45.76	4973	-0.17	
45.78	4974	-0.17	
45.79	4976	-0.17	
45.80	4977	-0.17	
45.81	4979	-0.17	
45.83	4980	-0.17	
45.84	4982	-0.17	
45.85	4983	-0.17	
45.86	4985	-0.17	
45.88	4986	-0.17	
45.89	4988	-0.17	
45.90	4989	-0.17	
45.91	4991	-0.17	
45.93	4992	-0.17	
45.94	4994	-0.17	
45.95	4995	-0.17	
45.97	4997	-0.17	
45.98	4998	-0.17	
45.99	5000	-0.17	
46.00	5001	-0.17	
46.02	5003	-0.17	
46.03	5004	-0.17	
46.04	5006	-0.17	
46.05	5007	-0.17	
46.07	5009	-0.17	
46.08	5010	-0.17	
46.09	5012	-0.17	
46.10	5013	-0.17	
46.12	5015	-0.16	
46.13	5016	-0.17	
46.14	5018	-0.16	
46.16	5019	-0.16	
46.17	5021	-0.16	
46.18	5022	-0.17	
46.19	5024	-0.17	
46.21	5025	-0.17	
46.22	5027	-0.16	
46.23	5028	-0.16	
46.24	5030	-0.16	
46.26	5031	-0.16	
46.27	5033	-0.16	
46.28	5034	-0.16	
46.30	5036	-0.17	
46.31	5037	-0.16	
46.32	5039	-0.16	
46.34	5040	-0.16	
46.35	5042	-0.16	
46.37	5043	-0.16	
46.38	5045	-0.16	
46.40	5046	-0.16	
46.41	5048	-0.16	
46.42	5049	-0.16	
46.43	5051	-0.16	
46.44	5052	-0.16	
46.46	5054	-0.16	
46.47	5055	-0.16	
46.48	5057	-0.16	
46.49	5058	-0.16	
46.50	5060	-0.16	
46.52	5061	-0.16	
46.53	5063	-0.16	
46.54	5064	-0.16	
46.56	5066	-0.16	
46.57	5067	-0.16	
46.58	5069	-0.16	
46.59	5070	-0.16	
46.61	5072	-0.16	
46.62	5073	-0.16	
46.63	5075	-0.16	
46.64	5076	-0.16	
46.66	5078	-0.16	
46.67	5079	-0.16	
46.68	5081	-0.16	
46.69	5082	-0.16	
46.71	5084	-0.16	
46.72	5085	-0.16	
46.73	5087	-0.16	
46.74	5088	-0.16	
46.76	5090	-0.16	
46.77	5091	-0.16	
46.78	5093	-0.16	
46.80	5094	-0.16	
46.81	5096	-0.16	
46.82	5097	-0.16	
46.83	5099	-0.16	
46.84	5100	-0.16	
46.86	5102	-0.16	
46.87	5103	-0.16	
46.88	5105	-0.16	
46.89	5106	-0.16	
46.91	5108	-0.16	
46.92	5109	-0.16	
46.93	5111	-0.16	
46.94	5112	-0.16	
46.96	5114	-0.16	
46.97	5115	-0.16	
46.98	5117	-0.16	
46.99	5118	-0.16	
47.01	5120	-0.16	
47.02	5121	-0.16	
47.03	5123	-0.16	
47.04	5124	-0.16	
47.06	5126	-0.16	
47.07	5127	-0.16	
47.08	5129	-0.16	
47.09	5130	-0.16	
47.10	5132	-0.16	
47.11	5133	-0.16	
47.13	5135	-0.16	
47.14	5136	-0.16	
47.15	5138	-0.16	
47.17	5139	-0.16	
47.18	5141	-0.16	
47.19	5142	-0.16	
47.20	5144	-0.16	
47.22	5145	-0.16	
47.23	5147	-0.16	
47.24	5148	-0.16	
47.25	5150	-0.16	
47.27	5151	-0.16	
47.28	5153	-0.16	
47.29	5154	-0.16	
47.31	5156	-0.16	
47.32	5157	-0.16	
47.33	5159	-0.16	
47.34	5160	-0.16	
47.36	5162	-0.16	
47.37	5163	-0.16	
47.38	5165	-0.16	
47.39	5166	-0.16	
47.41	5168	-0.16	
47.42	5169	-0.16	
47.43	5171	-0.16	
47.44	5172	-0.16	
47.46	5174	-0.16	
47.47	5175	-0.16	
47.48	5177	-0.16	
47.50	5178	-0.16	
47.51	5180	-0.16	
47.52	5181	-0.16	
47.53	5183	-0.16	
47.55	5184	-0.16	
47.56	5186	-0.16	
47.57	5187	-0.16	
47.58	5189	-0.16	
47.60	5190	-0.16	
47.61	5192	-0.16	
47.62	5193	-0.16	
47.63	5195	-0.16	
47.65	5196	-0.16	
47.66	5198	-0.16	
47.67	5199	-0.16	
47.69	5201	-0.16	
47.70	5202	-0.16	
47.71	5204	-0.16	
47.72	5205	-0.17	
47.74	5207	-0.17	
47.75	5208	-0.16	
47.76	5210	-0.16	
47.77	5211	-0.16	
47.79	5213	-0.16	
47.80	5214	-0.16	
47.81	5216	-0.16	
47.82	5217	-0.16	
47.84	5219	-0.16	
47.85	5220	-0.16	
47.86	5222	-0.16	
47.88	5223	-0.16	
47.89	5225	-0.16	
47.90	5226	-0.16	
47.91	5228	-0.16	
47.93	5229	-0.16	
47.94	5231	-0.16	
47.95	5232	-0.16	
47.96	5234	-0.16	
47.98	5235	-0.16	
47.99	5237	-0.16	
48.00	5238	-0.16	
48.01	5240	-0.16	
48.03	5241	-0.16	
48.04	5243	-0.16	
48.05	5244	-0.16	
48.06	5246	-0.16	
48.08	5247	-0.16	
48.09	5249	-0.16	
48.10	5250	-0.16	
48.12	5252	-0.16	
48.13	5253	-0.16	
48.14	5255	-0.16	
48.15	5256	-0.16	
48.17	5258	-0.16	
48.18	5259	-0.16	
48.19	5261	-0.17	
48.20	5262	-0.16	
48.22	5264	-0.16	
48.23	5265	-0.16	
48.24	5267	-0.16	
48.25	5268	-0.16	
48.27	5270	-0.16	
48.28	5271	-0.16	
48.29	5273	-0.16	
48.31	5274	-0.16	
48.32	5276	-0.16	
48.33	5277	-0.16	
48.34	5279	-0.16	
48.36	5280	-0.16	
48.37	5282	-0.16	
48.38	5283	-0.16	
48.39	5285	-0.16	
48.41	5286	-0.16	
48.42	5288	-0.16	
48.43	5289	-0.16	
48.45	5291	-0.16	
48.46	5292	-0.16	
48.47	5294	-0.16	
48.48	5295	-0.16	
48.49	5297	-0.16	
48.51	5298	-0.16	
48.52	5300	-0.16	
48.53	5301	-0.16	
48.55	5303	-0.16	
48.56	5304	-0.16	
48.57	5306	-0.16	
48.58	5307	-0.16	
48.60	5309	-0.16	
48.61	5310	-0.16	
48.62	5312	-0.16	
48.63	5313	-0.16	
48.65	5315	-0.16	
48.66	5316	-0.16	
48.67	5318	-0.16	
48.69	5319	-0.16	
48.70	5321	-0.16	
48.71	5322	-0.17	
48.72	5324	-0.17	
48.74	5325	-0.17	
48.75	5327	-0.17	
48.76	5328	-0.17	
48.77	5330	-0.17	
48.79	5331	-0.17	
48.80	5333	-0.17	
48.81	5334	-0.17	
48.82	5336	-0.17	
48.84	5337	-0.17	
48.85	5339	-0.17	
48.86	5340	-0.17	
48.87	5342	-0.17	
48.89	5343	-0.16	
48.90	5345	-0.16	
48.91	5346	-0.17	
48.93	5348	-0.17	
48.94	5349	-0.17	
48.95	5351	-0.17	
48.96	5352	-0.17	
48.98	5354	-0.17	
48.99	5355	-0.17	
49.00	5357	-0.17	
49.01	5358	-0.17	
49.03	5360	-0.17	
49.04	5361	-0.17	
49.05	5363	-0.17	
49.07	5364	-0.17	
49.08	5366	-0.17	
49.09	5367	-0.17	
49.10	5369	-0.17	
49.12	5370	-0.17	
49.13	5372	-0.17	
49.14	5373	-0.17	
49.15	5375	-0.16	
49.17	5376	-0.16	
49.18	5378	-0.17	
49.19	5379	-0.17	
49.20	5381	-0.17	
49.22	5382	-0.17	
49.23	5384	-0.16	
49.24	5385	-0.16	
49.25	5387	-0.16	
49.27	5388	-0.16	
49.28	5390	-0.16	
49.29	5391	-0.17	
49.31	5393	-0.17	
49.32	5394	-0.17	
49.33	5396	-0.17	
49.34	5397	-0.16	
49.36	5399	-0.17	
49.37	5400	-0.16	
49.38	5402	-0.16	
49.39	5403	-0.16	
49.41	5405	-0.16	
49.42	5406	-0.16	
49.43	5408	-0.16	
49.44	5409	-0.16	
49.46	5411	-0.16	
49.47	5412	-0.16	
49.48	5414	-0.16	
49.50	5415	-0.16	
49.51	5417	-0.16	
49.52	5418	-0.16	
49.53	5420	-0.16	
49.55	5421	-0.16	
49.56	5423	-0.16	
49.57	5424	-0.16	
49.58	5426	-0.16	
49.60	5427	-0.16	
49.61	5429	-0.16	
49.62	5430	-0.16	
49.64	5432	-0.16	
49.65	5433	-0.16	
49.67	5435	-0.16	
49.68	5436	-0.16	
49.69	5438	-0.16	
49.71	5439	-0.16	
49.72	5441	-0.16	
49.73	5442	-0.16	
49.74	5444	-0.16	
49.75	5445	-0.16	
49.77	5447	-0.16	
49.78	5448	-0.16	
49.79	5450	-0.16	
49.80	5451	-0.16	
49.82	5453	-0.16	
49.83	5454	-0.16	
49.84	5456	-0.16	
49.85	5457	-0.16	
49.86	5459	-0.16	
49.88	5460	-0.16	
49.89	5462	-0.16	
49.90	5463	-0.16	
49.92	5465	-0.16	
49.93	5466	-0.17	
49.94	5468	-0.17	
49.96	5469	-0.17	
49.97	5471	-0.16	
49.98	5472	-0.16	
49.99	5474	-0.17	
50.01	5475	-0.17	
50.02	5477	-0.17	
50.03	5478	-0.17	
50.04	5480	-0.17	
50.05	5481	-0.17	
50.06	5483	-0.17	
50.08	5484	-0.17	
50.09	5486	-0.17	
50.10	5487	-0.17	
50.11	5489	-0.17	
50.13	5490	-0.17	
50.14	5492	-0.17	
50.15	5493	-0.17	
50.17	5495	-0.16	
50.18	5496	-0.16	
50.19	5498	-0.16	
50.20	5499	-0.16	
50.22	5501	-0.16	
50.23	5502	-0.16	
50.24	5504	-0.16	
50.25	5505	-0.17	
50.27	5507	-0.17	
50.28	5508	-0.17	
50.29	5510	-0.17	
50.30	5511	-0.17	
50.32	5513	-0.17	
50.33	5514	-0.17	
50.34	5516	-0.17	
50.35	5517	-0.17	
50.37	5519	-0.17	
50.38	5520	-0.17	
50.39	5522	-0.17	
50.41	5523	-0.17	
50.42	5525	-0.17	
50.43	5526	-0.17	
50.44	5528	-0.17	
50.46	5529	-0.17	
50.47	5531	-0.17	
50.48	5532	-0.17	
50.49	5534	-0.17	
50.51	5535	-0.17	
50.52	5537	-0.17	
50.53	5538	-0.17	
50.54	5540	-0.17	
50.56	5541	-0.17	
50.57	5543	-0.17	
50.58	5544	-0.17	
50.60	5546	-0.17	
50.61	5547	-0.17	
50.62	5549	-0.17	
50.63	5550	-0.17	
50.65	5552	-0.17	
50.66	5553	-0.17	
50.67	5555	-0.17	
50.69	5556	-0.17	
50.70	5558	-0.17	
50.71	5559	-0.17	
50.73	5561	-0.17	
50.74	5562	-0.17	
50.76	5564	-0.17	
50.77	5565	-0.17	
50.78	5567	-0.17	
50.79	5568	-0.17	
50.81	5570	-0.17	
50.82	5571	-0.17	
50.83	5573	-0.17	
50.84	5574	-0.17	
50.85	5576	-0.17	
50.87	5577	-0.17	
50.88	5579	-0.17	
50.89	5580	-0.17	
50.91	5582	-0.17	
50.92	5583	-0.17	
50.93	5585	-0.17	
50.94	5586	-0.17	
50.96	5588	-0.17	
50.97	5589	-0.17	
50.98	5591	-0.17	
50.99	5592	-0.17	
51.01	5594	-0.17	
51.02	5595	-0.17	
51.03	5597	-0.17	
51.04	5598	-0.17	
51.06	5600	-0.17	
51.07	5601	-0.17	
51.08	5603	-0.17	
51.09	5604	-0.17	
51.11	5606	-0.17	
51.12	5607	-0.17	
51.13	5609	-0.17	
51.14	5610	-0.17	
51.16	5612	-0.17	
51.17	5613	-0.17	
51.18	5615	-0.17	
51.20	5616	-0.17	
51.21	5618	-0.17	
51.22	5619	-0.17	
51.23	5621	-0.17	
51.25	5622	-0.17	
51.26	5624	-0.17	
51.27	5625	-0.17	
51.28	5627	-0.17	
51.30	5628	-0.17	
51.31	5630	-0.17	
51.32	5631	-0.17	
51.33	5633	-0.17	
51.35	5634	-0.17	
51.36	5636	-0.17	
51.37	5637	-0.16	
51.39	5639	-0.16	
51.40	5640	-0.16	
51.41	5642	-0.16	
51.42	5643	-0.16	
51.44	5645	-0.16	
51.45	5646	-0.16	
51.46	5648	-0.16	
51.47	5649	-0.16	
51.49	5651	-0.16	
51.50	5652	-0.16	
51.51	5654	-0.16	
51.52	5655	-0.16	
51.54	5657	-0.16	
51.55	5658	-0.16	
51.56	5660	-0.16	
51.57	5661	-0.16	
51.59	5663	-0.16	
51.60	5664	-0.16	
51.61	5666	-0.16	
51.63	5667	-0.16	
51.64	5669	-0.16	
51.65	5670	-0.16	
51.66	5672	-0.16	
51.68	5673	-0.16	
51.69	5675	-0.16	
51.70	5676	-0.17	
51.71	5678	-0.17	
51.73	5679	-0.17	
51.74	5681	-0.17	
51.75	5682	-0.16	
51.76	5684	-0.16	
51.78	5685	-0.16	
51.79	5687	-0.16	
51.80	5688	-0.16	
51.82	5690	-0.16	
51.83	5691	-0.16	
51.84	5693	-0.16	
51.85	5694	-0.16	
51.86	5696	-0.16	
51.88	5697	-0.16	
51.89	5699	-0.16	
51.90	5700	-0.16	
51.91	5702	-0.17	
51.93	5703	-0.17	
51.94	5705	-0.17	
51.95	5706	-0.17	
51.97	5708	-0.17	
51.98	5709	-0.17	
51.99	5711	-0.17	
52.00	5712	-0.17	
52.02	5714	-0.16	
52.03	5715	-0.16	
52.04	5717	-0.16	
52.05	5718	-0.16	
52.07	5720	-0.16	
52.08	5721	-0.16	
52.09	5723	-0.16	
52.10	5724	-0.16	
52.12	5726	-0.16	
52.13	5727	-0.16	
52.14	5729	-0.16	
52.15	5730	-0.16	
52.17	5732	-0.16	
52.18	5733	-0.17	
52.19	5735	-0.17	
52.20	5736	-0.17	
52.22	5738	-0.17	
52.23	5739	-0.17	
52.24	5741	-0.17	
52.25	5742	-0.17	
52.27	5744	-0.17	
52.28	5745	-0.16	
52.29	5747	-0.17	
52.30	5748	-0.17	
52.32	5750	-0.17	
52.33	5751	-0.17	
52.34	5753	-0.17	
52.35	5754	-0.17	
52.36	5756	-0.17	
52.37	5757	-0.17	
52.39	5759	-0.17	
52.40	5760	-0.17	
52.41	5762	-0.17	
52.42	5763	-0.17	
52.44	5765	-0.17	
52.45	5766	-0.17	
52.46	5768	-0.17	
52.48	5769	-0.17	
52.49	5771	-0.17	
52.50	5772	-0.17	
52.52	5774	-0.17	
52.53	5775	-0.17	
52.54	5777	-0.17	
52.55	5778	-0.17	
52.57	5780	-0.17	
52.58	5781	-0.17	
52.59	5783	-0.17	
52.60	5784	-0.17	
52.62	5786	-0.17	
52.63	5787	-0.17	
52.64	5789	-0.17	
52.66	5790	-0.17	
52.67	5792	-0.17	
52.68	5793	-0.17	
52.70	5795	-0.16	
52.71	5796	-0.16	
52.73	5798	-0.16	
52.74	5799	-0.17	
52.75	5801	-0.17	
52.77	5802	-0.17	
52.78	5804	-0.17	
52.79	5805	-0.17	
52.80	5807	-0.17	
52.81	5808	-0.17	
52.82	5810	-0.17	
52.84	5811	-0.17	
52.85	5813	-0.17	
52.86	5814	-0.17	
52.88	5816	-0.17	
52.89	5817	-0.17	
52.90	5819	-0.17	
52.91	5820	-0.17	
52.93	5822	-0.17	
52.94	5823	-0.17	
52.95	5825	-0.17	
52.97	5826	-0.17	
52.98	5828	-0.17	
52.99	5829	-0.17	
53.00	5831	-0.17	
53.01	5832	-0.17	
53.03	5834	-0.16	
53.04	5835	-0.16	
53.05	5837	-0.16	
53.06	5838	-0.16	
53.08	5840	-0.16	
53.09	5841	-0.16	
53.10	5843	-0.16	
53.12	5844	-0.16	
53.13	5846	-0.16	
53.14	5847	-0.16	
53.15	5849	-0.16	
53.17	5850	-0.16	
53.18	5852	-0.16	
53.19	5853	-0.16	
53.20	5855	-0.16	
53.22	5856	-0.16	
53.23	5858	-0.16	
53.24	5859	-0.16	
53.25	5861	-0.16	
53.26	5862	-0.16	
53.28	5864	-0.16	
53.29	5865	-0.16	
53.30	5867	-0.16	
53.32	5868	-0.16	
53.33	5870	-0.16	
53.34	5871	-0.16	
53.36	5873	-0.16	
53.37	5874	-0.16	
53.38	5876	-0.16	
53.40	5877	-0.16	
53.41	5879	-0.16	
53.42	5880	-0.16	
53.43	5882	-0.16	
53.44	5883	-0.16	
53.46	5885	-0.16	
53.47	5886	-0.16	
53.48	5888	-0.16	
53.49	5889	-0.16	
53.50	5891	-0.16	
53.52	5892	-0.16	
53.53	5894	-0.16	
53.54	5895	-0.16	
53.56	5897	-0.16	
53.57	5898	-0.16	
53.58	5900	-0.16	
53.59	5901	-0.16	
53.61	5903	-0.16	
53.62	5904	-0.16	
53.63	5906	-0.16	
53.64	5907	-0.16	
53.65	5909	-0.16	
53.67	5910	-0.16	
53.68	5912	-0.16	
53.69	5913	-0.16	
53.70	5915	-0.16	
53.72	5916	-0.16	
53.73	5918	-0.16	
53.74	5919	-0.16	
53.76	5921	-0.16	
53.77	5922	-0.16	
53.78	5924	-0.16	
53.79	5925	-0.16	
53.81	5927	-0.16	
53.82	5928	-0.16	
53.83	5930	-0.16	
53.84	5931	-0.16	
53.86	5933	-0.16	
53.87	5934	-0.16	
53.88	5936	-0.16	
53.89	5937	-0.16	
53.91	5939	-0.16	
53.92	5940	-0.16	
53.93	5942	-0.16	
53.95	5943	-0.16	
53.96	5945	-0.16	
53.97	5946	-0.16	
53.98	5948	-0.16	
54.00	5949	-0.16	
54.01	5951	-0.16	
54.02	5952	-0.16	
54.03	5954	-0.16	
54.05	5955	-0.16	
54.06	5957	-0.16	
54.07	5958	-0.16	
54.08	5960	-0.17	
54.10	5961	-0.17	
54.11	5963	-0.16	
54.12	5964	-0.16	
54.14	5966	-0.17	
54.15	5967	-0.17	
54.16	5969	-0.16	
54.17	5970	-0.16	
54.19	5972	-0.16	
54.20	5973	-0.17	
54.21	5975	-0.17	
54.22	5976	-0.17	
54.24	5978	-0.16	
54.25	5979	-0.16	
54.26	5981	-0.16	
54.27	5982	-0.16	
54.29	5984	-0.17	
54.30	5985	-0.17	
54.31	5987	-0.16	
54.33	5988	-0.16	
54.34	5990	-0.16	
54.35	5991	-0.16	
54.36	5993	-0.16	
54.38	5994	-0.16	
54.39	5996	-0.16	
54.40	5997	-0.16	
54.41	5999	-0.16	
54.43	6000	-0.16	
54.44	6002	-0.16	
54.45	6003	-0.16	
54.46	6005	-0.16	
54.48	6006	-0.16	
54.49	6008	-0.16	
54.50	6009	-0.16	
54.52	6011	-0.16	
54.53	6012	-0.16	
54.54	6014	-0.16	
54.55	6015	-0.16	
54.57	6017	-0.16	
54.58	6018	-0.16	
54.59	6020	-0.16	
54.60	6021	-0.16	
54.62	6023	-0.16	
54.63	6024	-0.16	
54.64	6026	-0.16	
54.66	6027	-0.16	
54.67	6029	-0.16	
54.68	6030	-0.16	
54.69	6032	-0.16	
54.71	6033	-0.17	
54.72	6035	-0.17	
54.73	6036	-0.17	
54.74	6038	-0.17	
54.76	6039	-0.17	
54.77	6041	-0.17	
54.78	6042	-0.17	
54.79	6044	-0.17	
54.81	6045	-0.17	
54.82	6047	-0.17	
54.83	6048	-0.17	
54.85	6050	-0.17	
54.86	6051	-0.17	
54.87	6053	-0.17	
54.88	6054	-0.17	
54.90	6056	-0.17	
54.91	6057	-0.17	
54.92	6059	-0.17	
54.94	6060	-0.17	
54.95	6062	-0.17	
54.96	6063	-0.17	
54.97	6065	-0.17	
54.99	6066	-0.17	
55.00	6068	-0.17	
55.01	6069	-0.17	
55.02	6071	-0.17	
55.04	6072	-0.16	
55.05	6074	-0.17	
55.06	6075	-0.17	
55.08	6077	-0.17	
55.09	6078	-0.17	
55.10	6080	-0.17	
55.11	6081	-0.17	
55.12	6083	-0.17	
55.14	6084	-0.17	
55.15	6086	-0.17	
55.16	6087	-0.17	
55.18	6089	-0.17	
55.19	6090	-0.17	
55.20	6092	-0.16	
55.22	6093	-0.16	
55.23	6095	-0.17	
55.24	6096	-0.17	
55.26	6098	-0.17	
55.27	6099	-0.17	
55.28	6101	-0.17	
55.29	6102	-0.17	
55.30	6104	-0.17	
55.32	6105	-0.17	
55.33	6107	-0.17	
55.34	6108	-0.17	
55.35	6110	-0.17	
55.37	6111	-0.17	
55.38	6113	-0.17	
55.39	6114	-0.17	
55.40	6116	-0.17	
55.42	6117	-0.17	
55.43	6119	-0.17	
55.44	6120	-0.17	
55.46	6122	-0.17	
55.47	6123	-0.16	
55.48	6125	-0.16	
55.49	6126	-0.16	
55.50	6128	-0.16	
55.52	6129	-0.16	
55.53	6131	-0.17	
55.54	6132	-0.17	
55.55	6134	-0.17	
55.57	6135	-0.17	
55.58	6137	-0.17	
55.59	6138	-0.17	
55.61	6140	-0.17	
55.62	6141	-0.17	
55.63	6143	-0.17	
55.64	6144	-0.17	
55.66	6146	-0.17	
55.67	6147	-0.17	
55.69	6149	-0.17	
55.70	6150	-0.17	
55.71	6152	-0.17	
55.73	6153	-0.17	
55.74	6155	-0.17	
55.75	6156	-0.17	
55.77	6158	-0.17	
55.78	6159	-0.17	
55.79	6161	-0.17	
55.80	6162	-0.17	
55.81	6164	-0.17	
55.83	6165	-0.17	
55.84	6167	-0.17	
55.85	6168	-0.17	
55.86	6170	-0.17	
55.88	6171	-0.17	
55.89	6173	-0.17	
55.90	6174	-0.17	
55.91	6176	-0.17	
55.93	6177	-0.17	
55.94	6179	-0.17	
55.95	6180	-0.17	
55.97	6182	-0.17	
55.98	6183	-0.17	
55.99	6185	-0.17	
56.00	6186	-0.17	
56.02	6188	-0.17	
56.03	6189	-0.17	
56.04	6191	-0.16	
56.05	6192	-0.16	
56.07	6194	-0.16	
56.08	6195	-0.16	
56.09	6197	-0.16	
56.10	6198	-0.16	
56.12	6200	-0.16	
56.13	6201	-0.16	
56.14	6203	-0.16	
56.16	6204	-0.16	
56.17	6206	-0.16	
56.18	6207	-0.16	
56.19	6209	-0.16	
56.20	6210	-0.16	
56.22	6212	-0.16	
56.23	6213	-0.16	
56.24	6215	-0.16	
56.25	6216	-0.16	
56.27	6218	-0.17	
56.28	6219	-0.17	
56.29	6221	-0.17	
56.31	6222	-0.17	
56.32	6224	-0.17	
56.33	6225	-0.17	
56.34	6227	-0.17	
56.36	6228	-0.17	
56.37	6230	-0.17	
56.38	6231	-0.17	
56.39	6233	-0.17	
56.41	6234	-0.17	
56.42	6236	-0.17	
56.43	6237	-0.17	
56.44	6239	-0.17	
56.45	6240	-0.17	
56.47	6242	-0.17	
56.48	6243	-0.17	
56.49	6245	-0.17	
56.51	6246	-0.17	
56.52	6248	-0.17	
56.53	6249	-0.17	
56.55	6251	-0.17	
56.56	6252	-0.17	
56.57	6254	-0.17	
56.58	6255	-0.17	
56.60	6257	-0.17	
56.61	6258	-0.17	
56.62	6260	-0.16	
56.63	6261	-0.16	
56.65	6263	-0.16	
56.66	6264	-0.16	
56.67	6266	-0.16	
56.69	6267	-0.16	
56.70	6269	-0.16	
56.71	6270	-0.16	
56.72	6272	-0.16	
56.74	6273	-0.16	
56.75	6275	-0.16	
56.76	6276	-0.16	
56.77	6278	-0.16	
56.78	6279	-0.16	
56.80	6281	-0.16	
56.81	6282	-0.16	
56.83	6284	-0.16	
56.84	6285	-0.16	
56.85	6287	-0.16	
56.87	6288	-0.16	
56.88	6290	-0.16	
56.89	6291	-0.16	
56.90	6293	-0.16	
56.91	6294	-0.16	
56.92	6296	-0.16	
56.93	6297	-0.16	
56.95	6299	-0.16	
56.96	6300	-0.16	
56.97	6302	-0.16	
56.98	6303	-0.16	
57.00	6305	-0.16	
57.01	6306	-0.16	
57.02	6308	-0.16	
57.04	6309	-0.16	
57.05	6311	-0.16	
57.06	6312	-0.16	
57.07	6314	-0.16	
57.08	6315	-0.16	
57.09	6317	-0.16	
57.11	6318	-0.16	
57.12	6320	-0.16	
57.13	6321	-0.16	
57.15	6323	-0.16	
57.16	6324	-0.17	
57.18	6326	-0.16	
57.19	6327	-0.16	
57.20	6329	-0.16	
57.21	6330	-0.17	
57.22	6332	-0.17	
57.23	6333	-0.17	
57.25	6335	-0.16	
57.26	6336	-0.16	
57.27	6338	-0.16	
57.28	6339	-0.17	
57.30	6341	-0.17	
57.31	6342	-0.17	
57.32	6344	-0.17	
57.34	6345	-0.17	
57.36	6347	-0.17	
57.37	6348	-0.17	
57.39	6350	-0.17	
57.40	6351	-0.17	
57.41	6353	-0.17	
57.42	6354	-0.17	
57.43	6356	-0.17	
57.45	6357	-0.17	
57.46	6359	-0.17	
57.47	6360	-0.17	
57.48	6362	-0.17	
57.49	6363	-0.16	
57.50	6365	-0.16	
57.52	6366	-0.16	
57.53	6368	-0.16	
57.54	6369	-0.16	
57.55	6371	-0.16	
57.57	6372	-0.16	
57.58	6374	-0.16	
57.59	6375	-0.16	
57.60	6377	-0.16	
57.61	6378	-0.16	
57.63	6380	-0.16	
57.64	6381	-0.16	
57.65	6383	-0.16	
57.66	6384	-0.16	
57.68	6386	-0.17	
57.69	6387	-0.17	
57.70	6389	-0.16	
57.72	6390	-0.16	
57.73	6392	-0.16	
57.74	6393	-0.16	
57.75	6395	-0.16	
57.77	6396	-0.17	
57.78	6398	-0.17	
57.79	6399	-0.16	
57.81	6401	-0.16	
57.82	6402	-0.16	
57.83	6404	-0.16	
57.84	6405	-0.16	
57.86	6407	-0.16	
57.87	6408	-0.16	
57.88	6410	-0.16	
57.89	6411	-0.17	
57.91	6413	-0.16	
57.92	6414	-0.16	
57.93	6416	-0.16	
57.94	6417	-0.16	
57.96	6419	-0.16	
57.97	6420	-0.16	
57.98	6422	-0.16	
58.00	6423	-0.16	
58.01	6425	-0.16	
58.02	6426	-0.16	
58.04	6428	-0.16	
58.05	6429	-0.16	
58.06	6431	-0.16	
58.08	6432	-0.17	
58.09	6434	-0.17	
58.10	6435	-0.17	
58.11	6437	-0.17	
58.12	6438	-0.17	
58.14	6440	-0.17	
58.15	6441	-0.16	
58.16	6443	-0.16	
58.18	6444	-0.16	
58.19	6446	-0.16	
58.20	6447	-0.16	
58.22	6449	-0.16	
58.23	6450	-0.16	
58.24	6452	-0.16	
58.25	6453	-0.16	
58.27	6455	-0.16	
58.28	6456	-0.16	
58.29	6458	-0.16	
58.30	6459	-0.16	
58.32	6461	-0.16	
58.33	6462	-0.16	
58.34	6464	-0.16	
58.35	6465	-0.16	
58.37	6467	-0.16	
58.38	6468	-0.16	
58.39	6470	-0.17	
58.40	6471	-0.17	
58.42	6473	-0.17	
58.43	6474	-0.17	
58.44	6476	-0.17	
58.46	6477	-0.16	
58.47	6479	-0.16	
58.48	6480	-0.16	
58.49	6482	-0.16	
58.51	6483	-0.16	
58.52	6485	-0.16	
58.53	6486	-0.16	
58.54	6488	-0.16	
58.56	6489	-0.16	
58.57	6491	-0.16	
58.58	6492	-0.16	
58.59	6494	-0.16	
58.61	6495	-0.16	
58.62	6497	-0.16	
58.63	6498	-0.16	
58.64	6500	-0.16	
58.66	6501	-0.16	
58.67	6503	-0.16	
58.68	6504	-0.16	
58.69	6506	-0.17	
58.70	6507	-0.17	
58.72	6509	-0.16	
58.73	6510	-0.16	
58.74	6512	-0.16	
58.76	6513	-0.16	
58.77	6515	-0.17	
58.78	6516	-0.16	
58.80	6518	-0.16	
58.81	6519	-0.16	
58.82	6521	-0.16	
58.83	6522	-0.16	
58.85	6524	-0.16	
58.86	6525	-0.16	
58.87	6527	-0.16	
58.88	6528	-0.16	
58.90	6530	-0.16	
58.91	6531	-0.16	
58.92	6533	-0.16	
58.94	6534	-0.16	
58.95	6536	-0.16	
58.96	6537	-0.16	
58.97	6539	-0.16	
58.99	6540	-0.16	
59.00	6542	-0.16	
59.01	6543	-0.16	
59.02	6545	-0.16	
59.04	6546	-0.16	
59.05	6548	-0.16	
59.06	6549	-0.16	
59.08	6551	-0.16	
59.09	6552	-0.16	
59.10	6554	-0.16	
59.11	6555	-0.16	
59.13	6557	-0.16	
59.14	6558	-0.16	
59.15	6560	-0.16	
59.16	6561	-0.16	
59.18	6563	-0.16	
59.19	6564	-0.16	
59.20	6566	-0.16	
59.21	6567	-0.16	
59.23	6569	-0.17	
59.24	6570	-0.17	
59.25	6572	-0.17	
59.27	6573	-0.16	
59.28	6575	-0.16	
59.29	6576	-0.16	
59.30	6578	-0.16	
59.31	6579	-0.16	
59.33	6581	-0.16	
59.34	6582	-0.16	
59.35	6584	-0.16	
59.37	6585	-0.16	
59.38	6587	-0.17	
59.39	6588	-0.17	
59.41	6590	-0.17	
59.42	6591	-0.17	
59.43	6593	-0.17	
59.44	6594	-0.16	
59.46	6596	-0.16	
59.47	6597	-0.16	
59.48	6599	-0.16	
59.49	6600	-0.16	
59.51	6602	-0.16	
59.52	6603	-0.16	
59.53	6605	-0.16	
59.54	6606	-0.16	
59.56	6608	-0.16	
59.57	6609	-0.16	
59.58	6611	-0.16	
59.60	6612	-0.16	
59.61	6614	-0.16	
59.62	6615	-0.16	
59.63	6617	-0.16	
59.65	6618	-0.17	
59.66	6620	-0.17	
59.67	6621	-0.17	
59.68	6623	-0.17	
59.69	6624	-0.16	
59.71	6626	-0.16	
59.72	6627	-0.16	
59.73	6629	-0.16	
59.74	6630	-0.16	
59.76	6632	-0.16	
59.77	6633	-0.16	
59.78	6635	-0.16	
59.80	6636	-0.16	
59.81	6638	-0.16	
59.82	6639	-0.16	
59.83	6641	-0.17	
59.85	6642	-0.16	
59.86	6644	-0.16	
59.87	6645	-0.16	
59.88	6647	-0.16	
59.90	6648	-0.16	
59.91	6650	-0.16	
59.92	6651	-0.16	
59.94	6653	-0.16	
59.95	6654	-0.16	
59.96	6656	-0.16	
59.97	6657	-0.16	
59.99	6659	-0.16	
60.00	6660	-0.16	
60.01	6662	-0.16	
60.02	6663	-0.16	
60.03	6665	-0.16	
60.05	6666	-0.17	
60.06	6668	-0.16	
60.07	6669	-0.16	
60.09	6671	-0.16	
60.10	6672	-0.16	
60.11	6674	-0.16	
60.12	6675	-0.16	
60.14	6677	-0.16	
60.15	6678	-0.16	
60.16	6680	-0.16	
60.17	6681	-0.16	
60.19	6683	-0.16	
60.20	6684	-0.16	
60.21	6686	-0.16	
60.22	6687	-0.16	
60.24	6689	-0.16	
60.25	6690	-0.16	
60.26	6692	-0.16	
60.28	6693	-0.16	
60.29	6695	-0.16	
60.30	6696	-0.16	
60.31	6698	-0.16	
60.33	6699	-0.16	
60.34	6701	-0.16	
60.35	6702	-0.16	
60.36	6704	-0.17	
60.38	6705	-0.17	
60.39	6707	-0.17	
60.40	6708	-0.17	
60.41	6710	-0.17	
60.43	6711	-0.17	
60.44	6713	-0.17	
60.45	6714	-0.16	
60.47	6716	-0.16	
60.48	6717	-0.17	
60.49	6719	-0.17	
60.50	6720	-0.16	
60.52	6722	-0.16	
60.53	6723	-0.16	
60.54	6725	-0.16	
60.55	6726	-0.16	
60.57	6728	-0.16	
60.58	6729	-0.16	
60.59	6731	-0.16	
60.60	6732	-0.16	
60.62	6734	-0.16	
60.63	6735	-0.16	
60.64	6737	-0.16	
60.66	6738	-0.16	
60.67	6740	-0.16	
60.68	6741	-0.16	
60.69	6743	-0.16	
60.71	6744	-0.17	
60.72	6746	-0.17	
60.73	6747	-0.16	
60.74	6749	-0.16	
60.76	6750	-0.16	
60.77	6752	-0.16	
60.78	6753	-0.16	
60.79	6755	-0.16	
60.81	6756	-0.16	
60.82	6758	-0.16	
60.83	6759	-0.16	
60.85	6761	-0.16	
60.86	6762	-0.16	
60.87	6764	-0.16	
60.88	6765	-0.16	
60.90	6767	-0.16	
60.91	6768	-0.16	
60.92	6770	-0.16	
60.93	6771	-0.16	
60.95	6773	-0.16	
60.96	6774	-0.16	
60.97	6776	-0.16	
60.98	6777	-0.16	
61.00	6779	-0.16	
61.01	6780	-0.16	
61.02	6782	-0.16	
61.03	6783	-0.16	
61.05	6785	-0.16	
61.06	6786	-0.16	
61.07	6788	-0.16	
61.09	6789	-0.16	
61.10	6791	-0.16	
61.11	6792	-0.16	
61.12	6794	-0.16	
61.14	6795	-0.16	
61.15	6797	-0.16	
61.16	6798	-0.16	
61.17	6800	-0.16	
61.19	6801	-0.16	
61.20	6803	-0.16	
61.21	6804	-0.16	
61.22	6806	-0.16	
61.24	6807	-0.16	
61.25	6809	-0.16	
61.26	6810	-0.16	
61.28	6812	-0.16	
61.29	6813	-0.16	
61.30	6815	-0.16	
61.31	6816	-0.16	
61.32	6818	-0.16	
61.34	6819	-0.16	
61.35	6821	-0.16	
61.36	6822	-0.16	
61.38	6824	-0.16	
61.39	6825	-0.16	
61.40	6827	-0.16	
61.41	6828	-0.16	
61.43	6830	-0.16	
61.44	6831	-0.16	
61.45	6833	-0.16	
61.46	6834	-0.16	
61.48	6836	-0.16	
61.49	6837	-0.16	
61.50	6839	-0.16	
61.52	6840	-0.16	
61.53	6842	-0.16	
61.54	6843	-0.16	
61.55	6845	-0.16	
61.57	6846	-0.16	
61.58	6848	-0.16	
61.59	6849	-0.16	
61.60	6851	-0.16	
61.62	6852	-0.16	
61.63	6854	-0.16	
61.64	6855	-0.16	
61.65	6857	-0.16	
61.67	6858	-0.16	
61.68	6860	-0.16	
61.69	6861	-0.16	
61.70	6863	-0.16	
61.72	6864	-0.16	
61.73	6866	-0.17	
61.74	6867	-0.17	
61.76	6869	-0.16	
61.77	6870	-0.16	
61.78	6872	-0.16	
61.79	6873	-0.16	
61.80	6875	-0.16	
61.82	6876	-0.17	
61.83	6878	-0.17	
61.84	6879	-0.17	
61.85	6881	-0.17	
61.87	6882	-0.17	
61.88	6884	-0.17	
61.89	6885	-0.17	
61.91	6887	-0.17	
61.92	6888	-0.17	
61.93	6890	-0.17	
61.95	6891	-0.17	
61.96	6893	-0.17	
61.97	6894	-0.17	
61.98	6896	-0.17	
62.00	6897	-0.17	
62.01	6899	-0.17	
62.02	6900	-0.17	
62.03	6902	-0.17	
62.05	6903	-0.17	
62.06	6905	-0.17	
62.07	6906	-0.17	
62.08	6908	-0.17	
62.10	6909	-0.17	
62.11	6911	-0.17	
62.12	6912	-0.17	
62.14	6914	-0.17	
62.15	6915	-0.17	
62.16	6917	-0.17	
62.17	6918	-0.17	
62.18	6920	-0.17	
62.20	6921	-0.17	
62.21	6923	-0.17	
62.22	6924	-0.17	
62.23	6926	-0.16	
62.25	6927	-0.17	
62.26	6929	-0.17	
62.27	6930	-0.17	
62.29	6932	-0.17	
62.30	6933	-0.17	
62.31	6935	-0.17	
62.33	6936	-0.17	
62.34	6938	-0.17	
62.35	6939	-0.17	
62.36	6941	-0.17	
62.37	6942	-0.17	
62.39	6944	-0.17	
62.40	6945	-0.17	
62.42	6947	-0.17	
62.43	6948	-0.17	
62.45	6950	-0.16	
62.46	6951	-0.17	
62.48	6953	-0.17	
62.49	6954	-0.17	
62.50	6956	-0.17	
62.52	6957	-0.17	
62.53	6959	-0.16	
62.54	6960	-0.16	
62.55	6962	-0.17	
62.56	6963	-0.17	
62.58	6965	-0.17	
62.59	6966	-0.16	
62.60	6968	-0.16	
62.61	6969	-0.17	
62.63	6971	-0.17	
62.64	6972	-0.17	
62.65	6974	-0.17	
62.67	6975	-0.17	
62.68	6977	-0.17	
62.69	6978	-0.17	
62.70	6980	-0.17	
62.72	6981	-0.17	
62.73	6983	-0.17	
62.74	6984	-0.17	
62.75	6986	-0.17	
62.76	6987	-0.17	
62.78	6989	-0.16	
62.79	6990	-0.16	
62.80	6992	-0.16	
62.81	6993	-0.16	
62.83	6995	-0.17	
62.84	6996	-0.17	
62.85	6998	-0.17	
62.87	6999	-0.16	
62.88	7001	-0.16	
62.89	7002	-0.16	
62.90	7004	-0.16	
62.92	7005	-0.16	
62.93	7007	-0.16	
62.94	7008	-0.16	
62.95	7010	-0.16	
62.96	7011	-0.16	
62.98	7013	-0.17	
62.99	7014	-0.16	
63.00	7016	-0.17	
63.01	7017	-0.17	
63.03	7019	-0.17	
63.04	7020	-0.17	
63.05	7022	-0.17	
63.07	7023	-0.17	
63.08	7025	-0.17	
63.09	7026	-0.17	
63.10	7028	-0.17	
63.11	7029	-0.17	
63.13	7031	-0.17	
63.14	7032	-0.17	
63.15	7034	-0.17	
63.17	7035	-0.17	
63.18	7037	-0.16	
63.19	7038	-0.16	
63.20	7040	-0.16	
63.22	7041	-0.16	
63.23	7043	-0.16	
63.24	7044	-0.16	
63.25	7046	-0.17	
63.27	7047	-0.17	
63.28	7049	-0.17	
63.29	7050	-0.17	
63.30	7052	-0.17	
63.32	7053	-0.17	
63.33	7055	-0.17	
63.34	7056	-0.16	
63.35	7058	-0.16	
63.37	7059	-0.16	
63.38	7061	-0.16	
63.39	7062	-0.16	
63.40	7064	-0.16	
63.42	7065	-0.16	
63.43	7067	-0.16	
63.44	7068	-0.16	
63.45	7070	-0.16	
63.47	7071	-0.16	
63.48	7073	-0.16	
63.49	7074	-0.16	
63.50	7076	-0.16	
63.52	7077	-0.16	
63.53	7079	-0.16	
63.54	7080	-0.16	
63.56	7082	-0.16	
63.57	7083	-0.16	
63.58	7085	-0.16	
63.59	7086	-0.16	
63.61	7088	-0.16	
63.62	7089	-0.16	
63.63	7091	-0.16	
63.64	7092	-0.16	
63.66	7094	-0.16	
63.67	7095	-0.16	
63.68	7097	-0.17	
63.69	7098	-0.17	
63.71	7100	-0.16	
63.72	7101	-0.17	
63.73	7103	-0.16	
63.74	7104	-0.16	
63.76	7106	-0.16	
63.77	7107	-0.16	
63.78	7109	-0.16	
63.80	7110	-0.16	
63.81	7112	-0.16	
63.82	7113	-0.16	
63.83	7115	-0.16	
63.84	7116	-0.16	
63.86	7118	-0.16	
63.87	7119	-0.16	
63.88	7121	-0.16	
63.90	7122	-0.16	
63.91	7124	-0.16	
63.92	7125	-0.16	
63.93	7127	-0.16	
63.95	7128	-0.16	
63.96	7130	-0.16	
63.97	7131	-0.16	
63.98	7133	-0.16	
64.00	7134	-0.16	
64.01	7136	-0.16	
64.02	7137	-0.16	
64.03	7139	-0.16	
64.05	7140	-0.16	
64.06	7142	-0.16	
64.07	7143	-0.16	
64.08	7145	-0.16	
64.10	7146	-0.16	
64.11	7148	-0.16	
64.12	7149	-0.16	
64.14	7151	-0.16	
64.15	7152	-0.16	
64.16	7154	-0.16	
64.17	7155	-0.16	
64.19	7157	-0.16	
64.20	7158	-0.16	
64.21	7160	-0.16	
64.22	7161	-0.16	
64.24	7163	-0.16	
64.25	7164	-0.16	
64.26	7166	-0.16	
64.27	7167	-0.16	
64.29	7169	-0.16	
64.30	7170	-0.16	
64.31	7172	-0.16	
64.33	7173	-0.16	
64.34	7175	-0.16	
64.35	7176	-0.16	
64.36	7178	-0.16	
64.38	7179	-0.16	
64.39	7181	-0.16	
64.40	7182	-0.16	
64.41	7184	-0.16	
64.42	7185	-0.16	
64.44	7187	-0.16	
64.45	7188	-0.16	
64.46	7190	-0.16	
64.48	7191	-0.16	
64.49	7193	-0.16	
64.50	7194	-0.16	
64.51	7196	-0.16	
64.53	7197	-0.16	
64.54	7199	-0.16	
64.55	7200	-0.16	
